Iteration	CPUTime	PhysTime	Travels	Value	AvValue	MinValue	MaxValue	Delta	Criteria	PrevAvRefValue	Progress	CriteriaType	CriteriaVarType	CriteriaPercentage
1	3	0.000131502354	0.00984767767	293.207737	293.207737	293.207737	293.207737	0	0	0	0	0	0	3
2	3	0.000257595372	0.0196953553	293.212505	293.210071	293.207737	293.212505	0.00233382159	0	0	0	0	0	3
3	3	0.000378931684	0.029543033	293.206259	293.20885	293.206259	293.212505	0.00233382159	0	0	0	0	0	3
4	4	0.000500464265	0.0393907107	293.21142	293.209474	293.206259	293.212505	0.00233382159	0	0	0	0	0	3
5	4	0.000621916059	0.0492383884	293.209612	293.209501	293.206259	293.212505	0.00233382159	0	0	0	0	0	3
6	5	0.000830715952	0.059086066	293.209165	293.209417	293.206259	293.212505	0.00233382159	0	0	0	0	0	3
7	5	0.00108376652	0.0689337437	293.20689	293.208827	293.206259	293.212505	0.00233382159	0	0	0	0	0	3
8	6	0.00135525329	0.0787814214	293.206193	293.208299	293.206193	293.212505	0.00233382159	0	0	0	0	0	3
9	6	0.00160593812	0.0886290991	293.207477	293.208171	293.206193	293.212505	0.00233382159	0	0	0	0	0	3
10	7	0.00186758176	0.0984767767	293.209156	293.208309	293.206193	293.212505	0.00233382159	0	0	0	0	0	3
11	7	0.00230713793	0.108324454	293.207009	293.208061	293.206193	293.212505	0.00233382159	0	0	0	0	0	3
12	8	0.00275106709	0.118172132	293.208063	293.208062	293.206193	293.212505	0.00233382159	0	0	0	0	0	3
13	8	0.00320392172	0.12801981	293.207916	293.208041	293.206193	293.212505	0.00233382159	0	0	0	0	0	3
14	9	0.00363104146	0.137867487	293.208361	293.208079	293.206193	293.212505	0.00233382159	0	0	0	0	0	3
15	9	0.00406396259	0.147715165	293.208976	293.208174	293.206193	293.212505	0.00233382159	0	0	0	0	0	3
16	9	0.00474444515	0.157562843	293.2086	293.208235	293.206193	293.212505	0.00233382159	0	0	0	0	0	3
17	10	0.0054858863	0.16741052	293.20779	293.208175	293.206193	293.212505	0.00233382159	0	0	0	0	0	3
18	10	0.00624534277	0.177258198	293.208559	293.208222	293.206193	293.212505	0.00233382159	0	0	0	0	0	3
19	11	0.00700359657	0.187105876	293.208789	293.208283	293.206193	293.212505	0.00233382159	0	0	0	0	0	3
20	11	0.00775417977	0.196953553	293.208978	293.20835	293.206193	293.212505	0.00233382159	0	0	0	0	0	3
21	11	0.00888634463	0.206801231	293.209881	293.208545	293.206193	293.212505	0.00233382159	0	0	0	0	0	3
22	12	0.0100191277	0.216648909	293.209624	293.208667	293.206193	293.212505	0.00233382159	0	0	0	0	0	3
23	12	0.0109209033	0.226496586	293.209409	293.208729	293.206193	293.212505	0.00233382159	0	0	0	0	0	3
24	13	0.0118881298	0.236344264	293.209582	293.208798	293.206193	293.212505	0.00233382159	0	0	0	0	0	3
25	14	0.012546583	0.246191942	293.210659	293.208896	293.206193	293.212505	0.00233382159	0	0	0	0	0	3
26	14	0.0134862903	0.25603962	293.210288	293.208993	293.206193	293.212505	0.00233382159	0	0	0	0	0	3
27	15	0.0144304382	0.265887297	293.210939	293.20912	293.206193	293.212505	0.00233382159	0	0	0	0	0	3
28	15	0.0154685221	0.275734975	293.212268	293.209331	293.206193	293.212505	0.00233382159	0	0	0	0	0	3
29	16	0.0164732051	0.285582653	293.213258	293.209571	293.206193	293.213258	0.00233382159	0	0	0	0	0	3
30	16	0.0169565982	0.29543033	293.210283	293.209591	293.206193	293.213258	0.00233382159	0	0	0	0	0	3
31	17	0.017834805	0.305278008	293.212631	293.209741	293.206193	293.213258	0.00233382159	0	0	0	0	0	3
32	18	0.0187314091	0.315125686	293.213286	293.20991	293.206193	293.213286	0.00233382159	0	0	0	0	0	3
33	18	0.0198895562	0.324973363	293.219002	293.21044	293.206193	293.219002	0.00270280339	0	0	0	0	0	3
34	19	0.0204331663	0.334821041	293.205788	293.210316	293.205788	293.219002	0.00270280339	0	0	0	0	0	3
35	19	0.0215084875	0.344668719	293.21018	293.210309	293.205788	293.219002	0.00270280339	0	0	0	0	0	3
36	20	0.0229972817	0.354516396	293.212253	293.210435	293.205788	293.219002	0.00270280339	0	0	0	0	0	3
37	20	0.0237111729	0.364364074	293.212846	293.210508	293.205788	293.219002	0.00277066974	0	0	0	0	0	3
38	21	0.0251657632	0.374211752	293.209616	293.210456	293.205788	293.219002	0.00277066974	0	0	0	0	0	3
39	21	0.0262251554	0.384059429	293.212919	293.210556	293.205788	293.219002	0.00281860825	0	0	0	0	0	3
40	22	0.0279140349	0.393907107	293.212561	293.210677	293.205788	293.219002	0.00293993134	0	0	0	0	0	3
41	22	0.0293534275	0.403754785	293.209712	293.21063	293.205788	293.219002	0.00293993134	0	0	0	0	0	3
42	23	0.0301658361	0.413602462	293.209865	293.210609	293.205788	293.219002	0.00293993134	0	0	0	0	0	3
43	23	0.031982843	0.42345014	293.209419	293.210541	293.205788	293.219002	0.00293993134	0	0	0	0	0	3
44	24	0.0331653729	0.433297818	293.209475	293.210503	293.205788	293.219002	0.00293993134	0	0	0	0	0	3
45	24	0.0352628108	0.443145495	293.208938	293.21041	293.205788	293.219002	0.00293993134	0	0	0	0	0	3
46	25	0.0366184383	0.452993173	293.207928	293.210318	293.205788	293.219002	0.00293993134	0	0	0	0	0	3
47	25	0.0383364505	0.462840851	293.208045	293.210217	293.205788	293.219002	0.00293993134	0	0	0	0	0	3
48	25	0.040020347	0.472688528	293.20835	293.210138	293.205788	293.219002	0.00293993134	0	0	0	0	0	3
49	26	0.041726882	0.482536206	293.208603	293.210075	293.205788	293.219002	0.00293993134	0	0	0	0	0	3
50	26	0.0434815511	0.492383884	293.209361	293.210046	293.205788	293.219002	0.00293993134	0	0	0	0	0	3
51	27	0.0453433147	0.502231561	293.209866	293.210039	293.205788	293.219002	0.00293993134	0	0	0	0	0	3
52	27	0.047347333	0.512079239	293.2101	293.210048	293.205788	293.219002	0.00263600038	0	0	0	0	0	3
53	28	0.0491703998	0.521926917	293.210854	293.210072	293.205788	293.219002	0.00263600038	0	0	0	0	0	3
54	28	0.0504527906	0.531774594	293.2125	293.210143	293.205788	293.219002	0.00263600038	0	0	0	0	0	3
55	29	0.051819227	0.541622272	293.212295	293.210197	293.205788	293.219002	0.00263600038	0	0	0	0	0	3
56	29	0.0524970354	0.55146995	293.214479	293.210255	293.205788	293.219002	0.00263600038	0	0	0	0	0	3
57	30	0.0530630387	0.561317627	293.212075	293.210279	293.205788	293.219002	0.00263600038	0	0	0	0	0	3
58	30	0.0539952069	0.571165305	293.209683	293.210285	293.205788	293.219002	0.00263600038	0	0	0	0	0	3
59	31	0.0552274663	0.581012983	293.212804	293.210363	293.205788	293.219002	0.00263600038	0	0	0	0	0	3
60	31	0.0563844045	0.59086066	293.211841	293.210407	293.205788	293.219002	0.00263600038	0	0	0	0	0	3
61	32	0.0575384304	0.600708338	293.211215	293.21043	293.205788	293.219002	0.00263600038	0	0	0	0	0	3
62	32	0.0589036472	0.610556016	293.211069	293.210472	293.205788	293.219002	0.00263600038	0	0	0	0	0	3
63	33	0.0600592237	0.620403693	293.211466	293.210511	293.205788	293.219002	0.00263600038	0	0	0	0	0	3
64	33	0.061801288	0.630251371	293.211711	293.210566	293.205788	293.219002	0.00259834849	0	0	0	0	0	3
65	34	0.0631388376	0.640099049	293.211614	293.210606	293.205788	293.219002	0.00250270824	0	0	0	0	0	3
66	34	0.064969106	0.649946726	293.211409	293.210641	293.205788	293.219002	0.00250182827	0	0	0	0	0	3
67	35	0.0667540196	0.659794404	293.209131	293.21062	293.205788	293.219002	0.00250182827	0	0	0	0	0	3
68	35	0.0681193955	0.669642082	293.20957	293.210631	293.205788	293.219002	0.0024551921	0	0	0	0	0	3
69	36	0.0700059636	0.679489759	293.209456	293.210621	293.205788	293.219002	0.00239382151	0	0	0	0	0	3
70	36	0.0718390145	0.689337437	293.208706	293.210588	293.205788	293.219002	0.00232659754	0	0	0	0	0	3
71	36	0.0731457443	0.699185115	293.209039	293.210576	293.205788	293.219002	0.00213165788	0	0	0	0	0	3
72	37	0.0751758168	0.709032792	293.20899	293.210539	293.205788	293.219002	0.00200970811	0	0	0	0	0	3
73	37	0.0770295563	0.71888047	293.209347	293.210521	293.205788	293.219002	0.00194846351	0	0	0	0	0	3
74	38	0.0788807909	0.728728148	293.210001	293.210522	293.205788	293.219002	0.0018790072	0	0	0	0	0	3
75	38	0.0806487789	0.738575825	293.210142	293.210526	293.205788	293.219002	0.00178134628	0	0	0	0	0	3
76	39	0.0825332256	0.748423503	293.210724	293.21053	293.205788	293.219002	0.00168430198	0	0	0	0	0	3
77	39	0.0838568414	0.758271181	293.210875	293.210539	293.205788	293.219002	0.00155694409	0	0	0	0	0	3
78	40	0.0852192201	0.768118859	293.212724	293.210576	293.205788	293.219002	0.00134571917	0	0	0	0	0	3
79	40	0.0863258078	0.777966536	293.214546	293.210613	293.205788	293.219002	0.00110624747	0	0	0	0	0	3
80	41	0.0869122177	0.787814214	293.211891	293.210586	293.205788	293.219002	0.00108594788	0	0	0	0	0	3
81	41	0.0874589805	0.797661892	293.213008	293.210607	293.205788	293.219002	0.000936256199	0	0	0	0	0	3
82	42	0.0881264588	0.807509569	293.210541	293.210581	293.205788	293.219002	0.000766541409	0	0	0	0	0	3
83	42	0.0893139102	0.817357247	293.213055	293.210588	293.205788	293.219002	0.000638023377	0	0	0	0	0	3
84	43	0.0905421364	0.827204925	293.213013	293.210493	293.205788	293.214546	0.000638023377	0	0	0	0	0	3
85	44	0.0916886194	0.837052602	293.211757	293.210549	293.207928	293.214546	0.000638023377	0	0	0	0	0	3
86	44	0.0927136717	0.84690028	293.211129	293.210563	293.207928	293.214546	0.000638023377	0	0	0	0	0	3
87	45	0.0939381376	0.856747958	293.211512	293.210544	293.207928	293.214546	0.000638023377	0	0	0	0	0	3
88	45	0.0952389638	0.866595635	293.212074	293.210549	293.207928	293.214546	0.000638023377	0	0	0	0	0	3
89	46	0.0968284336	0.876443313	293.212946	293.210621	293.207928	293.214546	0.000638023377	0	0	0	0	0	3
90	46	0.0981208039	0.886290991	293.212344	293.210618	293.207928	293.214546	0.000638023377	0	0	0	0	0	3
91	47	0.0998500706	0.896138668	293.210494	293.210569	293.207928	293.214546	0.00060235953	0	0	0	0	0	3
92	47	0.100925156	0.905986346	293.209209	293.210566	293.207928	293.214546	0.00060235953	0	0	0	0	0	3
93	48	0.102077917	0.915834024	293.209235	293.210553	293.207928	293.214546	0.00060235953	0	0	0	0	0	3
94	48	0.104046229	0.925681701	293.21002	293.210567	293.207928	293.214546	0.00060235953	0	0	0	0	0	3
95	48	0.105415566	0.935529379	293.209076	293.210556	293.207928	293.214546	0.00060235953	0	0	0	0	0	3
96	49	0.106091941	0.945377057	293.209685	293.210596	293.207928	293.214546	0.00060235953	0	0	0	0	0	3
97	49	0.108064789	0.955224734	293.209236	293.210609	293.208045	293.214546	0.00060235953	0	0	0	0	0	3
98	50	0.109759151	0.965072412	293.209451	293.210643	293.20835	293.214546	0.000604062585	0	0	0	0	0	3
99	50	0.111335876	0.97492009	293.209289	293.210667	293.208603	293.214546	0.000628260069	0	0	0	0	0	3
100	51	0.113020039	0.984767767	293.209788	293.210696	293.208706	293.214546	0.000656897151	0	0	0	0	0	3
101	52	0.114846764	0.994615445	293.210547	293.210725	293.208706	293.214546	0.000685897927	0	0	0	0	0	3
102	52	0.116698946	1.00446312	293.210239	293.210735	293.208706	293.214546	0.000686698858	0.00144668452	0	0	0	0	3
103	52	0.118556583	1.0143108	293.211045	293.210761	293.208706	293.214546	0.000688964805	0.00144668452	0	0	0	0	3
104	53	0.120247423	1.02415848	293.212653	293.210803	293.208706	293.214546	0.000660160271	0.00144668452	0	0	0	0	3
105	53	0.121744859	1.03400616	293.213856	293.210837	293.208706	293.214546	0.000639459689	0.00144668452	0	0	0	0	3
106	54	0.122180672	1.04385383	293.211743	293.210814	293.208706	293.214546	0.000582141838	0.00144668452	0	0	0	0	3
107	55	0.12288972	1.05370151	293.21344	293.210805	293.208706	293.214546	0.00055805797	0.00144668452	0	0	0	0	3
108	55	0.124046178	1.06354919	293.213148	293.210833	293.208706	293.214546	0.000552349309	0.00144668452	0	0	0	0	3
109	56	0.125327319	1.07339687	293.211573	293.210862	293.208706	293.214546	0.000498908233	0.00144668452	0	0	0	0	3
110	56	0.126612643	1.08324454	293.212165	293.210852	293.208706	293.214546	0.000454480263	0.00144668452	0	0	0	0	3
111	57	0.127594057	1.09309222	293.212175	293.210854	293.208706	293.214546	0.000431858803	0.00144668452	0	0	0	0	3
112	58	0.128667404	1.1029399	293.218664	293.210966	293.208706	293.218664	0.000493982534	0.00144668452	0	0	0	0	3
113	58	0.129472512	1.11278758	293.218719	293.211052	293.208706	293.218719	0.000559659806	0.00144668452	0	0	0	0	3
114	59	0.130304216	1.12263525	293.211973	293.211056	293.208706	293.218719	0.000563758392	0.00144668452	0	0	0	0	3
115	59	0.13140465	1.13248293	293.211464	293.211046	293.208706	293.218719	0.000563758392	0.00144668452	0	0	0	0	3
116	60	0.132186313	1.14233061	293.209775	293.211021	293.208706	293.218719	0.000563758392	0.00144668452	0	0	0	0	3
117	60	0.133520981	1.15217829	293.210523	293.211001	293.208706	293.218719	0.000563758392	0.00144668452	0	0	0	0	3
118	60	0.135173676	1.16202597	293.208843	293.210998	293.208706	293.218719	0.000563758392	0.00144668452	0	0	0	0	3
119	61	0.136485982	1.17187364	293.209784	293.211003	293.208706	293.218719	0.000563758392	0.00144668452	0	0	0	0	3
120	61	0.137735622	1.18172132	293.210098	293.211029	293.208706	293.218719	0.000563758392	0.00144668452	0	0	0	0	3
121	62	0.138783743	1.191569	293.210295	293.211081	293.208843	293.218719	0.000588737554	0.00144668452	0	0	0	0	3
122	62	0.140496226	1.20141668	293.209638	293.211084	293.208843	293.218719	0.000591660365	0.00144668452	0	0	0	0	3
123	63	0.142014563	1.21126435	293.209204	293.211105	293.208843	293.218719	0.000612539996	0.00144668452	0	0	0	0	3
124	63	0.143698662	1.22111203	293.208812	293.211096	293.208812	293.218719	0.000612539996	0.00144668452	0	0	0	0	3
125	64	0.145295994	1.23095971	293.209165	293.21108	293.208812	293.218719	0.000612539996	0.00144668452	0	0	0	0	3
126	64	0.147139407	1.24080739	293.209493	293.211061	293.208812	293.218719	0.000612539996	0.00144668452	0	0	0	0	3
127	64	0.149160531	1.25065506	293.210302	293.211048	293.208812	293.218719	0.000612539996	0.00144668452	0	0	0	0	3
128	65	0.150850297	1.26050274	293.210553	293.211039	293.208812	293.218719	0.000612539996	0.00144668452	0	0	0	0	3
129	65	0.152773835	1.27035042	293.21082	293.210998	293.208812	293.218719	0.000612539996	0.00144668452	0	0	0	0	3
130	66	0.15466823	1.2801981	293.212026	293.210969	293.208812	293.218719	0.000612539996	0.00144668452	0	0	0	0	3
131	66	0.156109139	1.29004578	293.213531	293.211015	293.208812	293.218719	0.000612539996	0.00144668452	0	0	0	0	3
132	67	0.156953015	1.29989345	293.21456	293.211042	293.208812	293.218719	0.000612539996	0.00144668452	0	0	0	0	3
133	67	0.157549037	1.30974113	293.211922	293.211055	293.208812	293.218719	0.000612539996	0.00144668452	0	0	0	0	3
134	68	0.158515961	1.31958881	293.213602	293.211056	293.208812	293.218719	0.000612539996	0.00144668452	0	0	0	0	3
135	69	0.159648835	1.32943649	293.213916	293.211068	293.208812	293.218719	0.000561471923	0.00144668452	0	0	0	0	3
136	69	0.160870262	1.33928416	293.210153	293.21104	293.208812	293.218719	0.000561471923	0.00144668452	0	0	0	0	3
137	70	0.161610448	1.34913184	293.21452	293.211077	293.208812	293.218719	0.000561471923	0.00144668452	0	0	0	0	3
138	70	0.162473183	1.35897952	293.21072	293.211064	293.208812	293.218719	0.000556623417	0.00144668452	0	0	0	0	3
139	71	0.163967378	1.3688272	293.211707	293.211059	293.208812	293.218719	0.000552607728	0.00144668452	0	0	0	0	3
140	71	0.165028567	1.37867487	293.211917	293.211028	293.208812	293.218719	0.000552607728	0.00144668452	0	0	0	0	3
141	72	0.167202193	1.38852255	293.212173	293.21104	293.208812	293.218719	0.000552607728	0.00144668452	0	0	0	0	3
142	72	0.168474817	1.39837023	293.212739	293.211085	293.208812	293.218719	0.000552607728	0.00144668452	0	0	0	0	3
143	73	0.16966077	1.40821791	293.211521	293.211122	293.208812	293.218719	0.000569481473	0.00144668452	0	0	0	0	3
144	73	0.171500431	1.41806558	293.210964	293.211149	293.208812	293.218719	0.000592972213	0.00144668452	0	0	0	0	3
145	74	0.172507657	1.42791326	293.210534	293.211173	293.208812	293.218719	0.000616387718	0.00144668452	0	0	0	0	3
146	74	0.174063771	1.43776094	293.210248	293.211193	293.208812	293.218719	0.000597656476	0.00144668452	0	0	0	0	3
147	75	0.175548717	1.44760862	293.209469	293.211171	293.208812	293.218719	0.000584571541	0.00144668452	0	0	0	0	3
148	75	0.177644412	1.4574563	293.209112	293.211164	293.208812	293.218719	0.000550361741	0.00144668452	0	0	0	0	3
149	75	0.179087885	1.46730397	293.209987	293.211181	293.208812	293.218719	0.000526164257	0.00144668452	0	0	0	0	3
150	76	0.18066244	1.47715165	293.21003	293.211198	293.208812	293.218719	0.000502447824	0.00144668452	0	0	0	0	3
151	76	0.182293023	1.48699933	293.209986	293.211204	293.208812	293.218719	0.000479198955	0.00144668452	0	0	0	0	3
152	77	0.184099255	1.49684701	293.2109	293.211214	293.208812	293.218719	0.000478809968	0.00144668452	0	0	0	0	3
153	77	0.185871799	1.50669468	293.210977	293.211234	293.208812	293.218719	0.000472904299	0.00144668452	0	0	0	0	3
154	78	0.187815162	1.51654236	293.211281	293.21124	293.208812	293.218719	0.00043667689	0.00144668452	0	0	0	0	3
155	78	0.189598784	1.52639004	293.212639	293.211242	293.208812	293.218719	0.000436191758	0.00144668452	0	0	0	0	3
156	79	0.191019875	1.53623772	293.214098	293.211244	293.208812	293.218719	0.000438280903	0.00144668452	0	0	0	0	3
157	79	0.191830963	1.54608539	293.214541	293.211279	293.208812	293.218719	0.000473556921	0.00144668452	0	0	0	0	3
158	80	0.192433823	1.55593307	293.213822	293.211279	293.208812	293.218719	0.000445518277	0.00144668452	0	0	0	0	3
159	80	0.193388129	1.56578075	293.210176	293.211233	293.208812	293.218719	0.000427259355	0.00144668452	0	0	0	0	3
160	81	0.194430792	1.57562843	293.215104	293.211285	293.208812	293.218719	0.000433015472	0.00144668452	0	0	0	0	3
161	82	0.195410841	1.58547611	293.211576	293.211272	293.208812	293.218719	0.000430850608	0.00144668452	0	0	0	0	3
162	82	0.196887546	1.59532378	293.214236	293.211323	293.208812	293.218719	0.000356918056	0.00144668452	0	0	0	0	3
163	83	0.197761906	1.60517146	293.212326	293.211221	293.208812	293.218719	0.000353351068	0.00144668452	0	0	0	0	3
164	83	0.199179828	1.61501914	293.212285	293.211156	293.208812	293.215104	0.000353351068	0.00144668452	0	0	0	0	3
165	84	0.200525766	1.62486682	293.211201	293.211148	293.208812	293.215104	0.000353351068	0.00144668452	0	0	0	0	3
166	84	0.202080636	1.63471449	293.212017	293.211162	293.208812	293.215104	0.000353351068	0.00144668452	0	0	0	0	3
167	85	0.203435303	1.64456217	293.212012	293.211193	293.208812	293.215104	0.000353351068	0.00144668452	0	0	0	0	3
168	85	0.205196992	1.65440985	293.211531	293.211214	293.208812	293.215104	0.000353351068	0.00144668452	0	0	0	0	3
169	86	0.206883394	1.66425753	293.210376	293.211249	293.208812	293.215104	0.000353351068	0.00144668452	0	0	0	0	3
170	86	0.208163239	1.6741052	293.211505	293.21128	293.208812	293.215104	0.000353351068	0.00144668452	0	0	0	0	3
171	86	0.209779498	1.68395288	293.210264	293.211278	293.208812	293.215104	0.000353351068	0.00144668452	0	0	0	0	3
172	87	0.211401182	1.69380056	293.20967	293.211256	293.208812	293.215104	0.000353351068	0.00144668452	0	0	0	0	3
173	87	0.213058181	1.70364824	293.209535	293.211255	293.208812	293.215104	0.000353351068	0.00144668452	0	0	0	0	3
174	88	0.214808897	1.71349592	293.209891	293.211265	293.208812	293.215104	0.000353351068	0.00144668452	0	0	0	0	3
175	88	0.216514273	1.72334359	293.21044	293.211303	293.209112	293.215104	0.000353351068	0.00144668452	0	0	0	0	3
176	88	0.218252684	1.73319127	293.21092	293.21134	293.209112	293.215104	0.000370892632	0.00144668452	0	0	0	0	3
177	89	0.220026652	1.74303895	293.211124	293.211382	293.209112	293.215104	0.000412337343	0.00144668452	0	0	0	0	3
178	89	0.221738261	1.75288663	293.211444	293.211413	293.209112	293.215104	0.000443879004	0.00144668452	0	0	0	0	3
179	90	0.222560878	1.7627343	293.211874	293.211439	293.209112	293.215104	0.000469423581	0.00144668452	0	0	0	0	3
180	90	0.223559522	1.77258198	293.211766	293.21146	293.209112	293.215104	0.000490861086	0.00144668452	0	0	0	0	3
181	91	0.22508849	1.78242966	293.213287	293.211485	293.209112	293.215104	0.000469754008	0.00144668452	0	0	0	0	3
182	92	0.226179238	1.79227734	293.213877	293.21148	293.209112	293.215104	0.000456185995	0.00144668452	0	0	0	0	3
183	92	0.226909727	1.80212501	293.21469	293.211476	293.209112	293.215104	0.000456185995	0.00144668452	0	0	0	0	3
184	93	0.227553022	1.81197269	293.211846	293.211476	293.209112	293.215104	0.000456185995	0.00144668452	0	0	0	0	3
185	93	0.228670772	1.82182037	293.214691	293.211498	293.209112	293.215104	0.000469227875	0.00144668452	0	0	0	0	3
186	94	0.229944154	1.83166805	293.213477	293.211495	293.209112	293.215104	0.000469227875	0.00144668452	0	0	0	0	3
187	94	0.231152158	1.84151572	293.212879	293.211542	293.209112	293.215104	0.000513207131	0.00144668452	0	0	0	0	3
188	95	0.232269871	1.8513634	293.212646	293.211528	293.209112	293.215104	0.000513207131	0.00144668452	0	0	0	0	3
189	95	0.233651294	1.86121108	293.216152	293.211627	293.209112	293.216152	0.000599017453	0.00144668452	0	0	0	0	3
190	96	0.235271576	1.87105876	293.213255	293.211663	293.209112	293.216152	0.000634325323	0.00144668452	0	0	0	0	3
191	96	0.236678747	1.88090644	293.213736	293.2117	293.209112	293.216152	0.000659867114	0.00144668452	0	0	0	0	3
192	97	0.238231518	1.89075411	293.212591	293.211705	293.209112	293.216152	0.000619585973	0.00144668452	0	0	0	0	3
193	97	0.239654832	1.90060179	293.210919	293.211671	293.209112	293.216152	0.000582721699	0.00144668452	0	0	0	0	3
194	98	0.24143405	1.91044947	293.210234	293.211637	293.209112	293.216152	0.000557159796	0.00144668452	0	0	0	0	3
195	98	0.243189489	1.92029715	293.209875	293.211612	293.209112	293.216152	0.000557159796	0.00144668452	0	0	0	0	3
196	99	0.24471457	1.93014482	293.210064	293.211594	293.209112	293.216152	0.000557159796	0.00144668452	0	0	0	0	3
197	99	0.246515454	1.9399925	293.209598	293.211573	293.209112	293.216152	0.000557159796	0.00144668452	0	0	0	0	3
198	99	0.247940994	1.94984018	293.20966	293.211579	293.209112	293.216152	0.000557159796	0.00144668452	0	0	0	0	3
199	100	0.249627969	1.95968786	293.209517	293.211602	293.209517	293.216152	0.000557159796	0.00144668452	0	0	0	0	3
200	100	0.251355147	1.96953553	293.20994	293.211595	293.209517	293.216152	0.000557159796	0.00144668452	0	0	0	0	3
201	101	0.25314788	1.97938321	293.21066	293.211606	293.209517	293.216152	0.000557159796	0.00144668452	0	0	0	0	3
202	102	0.254918919	1.98923089	293.21103	293.211628	293.209517	293.216152	0.000557159796	0.00144668452	0	0	0	0	3
203	102	0.256848509	1.99907857	293.211338	293.211638	293.209517	293.216152	0.000557159796	0.00144668452	0	0	0	0	3
204	103	0.258280312	2.00892625	293.211952	293.211661	293.209517	293.216152	0.000557159796	0.00144668452	0	0	0	0	3
205	103	0.259549305	2.01877392	293.212987	293.211694	293.209517	293.216152	0.000557159796	0.00144668452	0	0	0	0	3
206	104	0.260978545	2.0286216	293.214207	293.211721	293.209517	293.216152	0.00057346151	0.00144668452	0	0	0	0	3
207	104	0.261694461	2.03846928	293.215477	293.211711	293.209517	293.216152	0.00057346151	0.00144668452	0	0	0	0	3
208	105	0.262265337	2.04831696	293.211681	293.211678	293.209517	293.216152	0.00057346151	0.00144668452	0	0	0	0	3
209	105	0.263311539	2.05816463	293.210493	293.211643	293.209517	293.216152	0.00057346151	0.00144668452	0	0	0	0	3
210	106	0.264409853	2.06801231	293.216247	293.211734	293.209517	293.216247	0.000586066995	0.00144668452	0	0	0	0	3
211	106	0.265346472	2.07785999	293.211308	293.211678	293.209517	293.216247	0.000586066995	0.00144668452	0	0	0	0	3
212	107	0.266770642	2.08770767	293.212839	293.211703	293.209517	293.216247	0.000586066995	0.00144668452	0	0	0	0	3
213	108	0.268152473	2.09755534	293.212705	293.21167	293.209517	293.216247	0.000586066995	0.00144668452	0	0	0	0	3
214	108	0.2691009	2.10740302	293.212885	293.211678	293.209517	293.216247	0.000586066995	0.00144668452	0	0	0	0	3
215	108	0.270794934	2.1172507	293.212699	293.21169	293.209517	293.216247	0.000586066995	0.00144668452	0	0	0	0	3
216	109	0.272295217	2.12709838	293.212632	293.211719	293.209517	293.216247	0.000571863875	0.00144668452	0	0	0	0	3
217	109	0.273819096	2.13694606	293.21166	293.211711	293.209517	293.216247	0.000540481895	0.00144668452	0	0	0	0	3
218	110	0.275098931	2.14679373	293.21241	293.211718	293.209517	293.216247	0.000519705216	0.00144668452	0	0	0	0	3
219	110	0.276807962	2.15664141	293.210584	293.211696	293.209517	293.216247	0.000484771143	0.00144668452	0	0	0	0	3
220	111	0.278275834	2.16648909	293.211314	293.211719	293.209517	293.216247	0.000478482018	0.00144668452	0	0	0	0	3
221	111	0.280319872	2.17633677	293.210463	293.211687	293.209517	293.216247	0.000478482018	0.00144668452	0	0	0	0	3
222	111	0.281539272	2.18618444	293.20981	293.211687	293.209517	293.216247	0.000478482018	0.00144668452	0	0	0	0	3
223	112	0.283140957	2.19603212	293.210083	293.211697	293.209517	293.216247	0.000478482018	0.00144668452	0	0	0	0	3
224	112	0.284895051	2.2058798	293.210117	293.211708	293.209517	293.216247	0.000468496985	0.00144668452	0	0	0	0	3
225	113	0.286625937	2.21572748	293.210526	293.211724	293.209517	293.216247	0.000431079027	0.00144668452	0	0	0	0	3
226	113	0.288528367	2.22557515	293.211357	293.211745	293.209517	293.216247	0.000404713904	0.00144668452	0	0	0	0	3
227	113	0.290370321	2.23542283	293.211458	293.211758	293.209517	293.216247	0.000375814294	0.00144668452	0	0	0	0	3
228	114	0.292284008	2.24527051	293.211864	293.211776	293.209517	293.216247	0.000362661711	0.00144668452	0	0	0	0	3
229	114	0.294004821	2.25511819	293.212706	293.211806	293.209517	293.216247	0.000367126001	0.00144668452	0	0	0	0	3
230	115	0.29526774	2.26496586	293.214068	293.211844	293.209517	293.216247	0.000384211188	0.00144668452	0	0	0	0	3
231	116	0.296302021	2.27481354	293.214461	293.211883	293.209517	293.216247	0.000406941717	0.00144668452	0	0	0	0	3
232	116	0.296858392	2.28466122	293.215482	293.211881	293.209517	293.216247	0.000406941717	0.00144668452	0	0	0	0	3
233	117	0.297503358	2.2945089	293.21397	293.211869	293.209517	293.216247	0.000406941717	0.00144668452	0	0	0	0	3
234	117	0.298571765	2.30435658	293.214456	293.211879	293.209517	293.216247	0.000406941717	0.00144668452	0	0	0	0	3
235	118	0.299851805	2.31420425	293.212923	293.211898	293.209517	293.216247	0.000403096416	0.00144668452	0	0	0	0	3
236	119	0.30110747	2.32405193	293.213041	293.211874	293.209517	293.216247	0.000403096416	0.00144668452	0	0	0	0	3
237	119	0.302385864	2.33389961	293.211766	293.211844	293.209517	293.216247	0.000369712714	0.00144668452	0	0	0	0	3
238	120	0.303703849	2.34374729	293.21381	293.211863	293.209517	293.216247	0.000369712714	0.00144668452	0	0	0	0	3
239	120	0.305468548	2.35359496	293.213496	293.21189	293.209517	293.216247	0.000324494335	0.00144668452	0	0	0	0	3
240	121	0.306949287	2.36344264	293.213088	293.211834	293.209517	293.216247	0.000324494335	0.00144668452	0	0	0	0	3
241	121	0.308437941	2.37329032	293.212042	293.211807	293.209517	293.216247	0.000324494335	0.00144668452	0	0	0	0	3
242	122	0.30991155	2.383138	293.211581	293.211765	293.209517	293.216247	0.000324494335	0.00144668452	0	0	0	0	3
243	122	0.311408198	2.39298567	293.211084	293.211734	293.209517	293.216247	0.000324494335	0.00144668452	0	0	0	0	3
244	122	0.313229359	2.40283335	293.210905	293.211729	293.209517	293.216247	0.000324494335	0.00144668452	0	0	0	0	3
245	123	0.314972364	2.41268103	293.210278	293.211731	293.209517	293.216247	0.000324494335	0.00144668452	0	0	0	0	3
246	123	0.316557617	2.42252871	293.209651	293.21173	293.209517	293.216247	0.000324494335	0.00144668452	0	0	0	0	3
247	124	0.317996732	2.43237639	293.21021	293.211735	293.209517	293.216247	0.000324494335	0.00144668452	0	0	0	0	3
248	124	0.319851606	2.44222406	293.210201	293.211749	293.209517	293.216247	0.00031901399	0.00144668452	0	0	0	0	3
249	125	0.321722755	2.45207174	293.210385	293.211755	293.209517	293.216247	0.000302977859	0.00144668452	0	0	0	0	3
250	125	0.323630374	2.46191942	293.211348	293.211795	293.209651	293.216247	0.000302977859	0.00144668452	0	0	0	0	3
251	125	0.32544673	2.4717671	293.211541	293.211832	293.209651	293.216247	0.000292112742	0.00144668452	0	0	0	0	3
252	126	0.326833916	2.48161477	293.211901	293.211862	293.209651	293.216247	0.000269795526	0.00144668452	0	0	0	0	3
253	126	0.328343677	2.49146245	293.212003	293.211885	293.209651	293.216247	0.000259418501	0.00144668452	0	0	0	0	3
254	127	0.329619933	2.50131013	293.214163	293.211939	293.209651	293.216247	0.000296567058	0.00144668452	0	0	0	0	3
255	128	0.330873691	2.51115781	293.214212	293.211978	293.209651	293.216247	0.000335582829	0.00144668452	0	0	0	0	3
256	128	0.331546199	2.52100548	293.216075	293.211999	293.209651	293.216247	0.000356070426	0.00144668452	0	0	0	0	3
257	129	0.332131567	2.53085316	293.213409	293.211966	293.209651	293.216247	0.000356070426	0.00144668452	0	0	0	0	3
258	129	0.333237925	2.54070084	293.212951	293.211946	293.209651	293.216247	0.000356070426	0.00144668452	0	0	0	0	3
259	130	0.334464853	2.55054852	293.21408	293.211985	293.209651	293.216247	0.000356070426	0.00144668452	0	0	0	0	3
260	131	0.335652491	2.5603962	293.212419	293.212013	293.209651	293.216247	0.000343234391	0.00144668452	0	0	0	0	3
261	131	0.336894212	2.57024387	293.211589	293.211942	293.209651	293.216075	0.000343234391	0.00144668452	0	0	0	0	3
262	132	0.338492582	2.58009155	293.213659	293.211987	293.209651	293.216075	0.000343234391	0.00144668452	0	0	0	0	3
263	132	0.339884968	2.58993923	293.211647	293.211964	293.209651	293.216075	0.000343234391	0.00144668452	0	0	0	0	3
264	133	0.341217979	2.59978691	293.214714	293.212001	293.209651	293.216075	0.000335113742	0.00144668452	0	0	0	0	3
265	133	0.341634631	2.60963458	293.216414	293.212014	293.209651	293.216414	0.000327034151	0.00144668452	0	0	0	0	3
266	134	0.343264047	2.61948226	293.213812	293.212039	293.209651	293.216414	0.000351437877	0.00144668452	0	0	0	0	3
267	134	0.344181753	2.62932994	293.212178	293.212028	293.209651	293.216414	0.000351437877	0.00144668452	0	0	0	0	3
268	134	0.346017747	2.63917762	293.211193	293.212015	293.209651	293.216414	0.000351437877	0.00144668452	0	0	0	0	3
269	135	0.347060308	2.64902529	293.210604	293.211987	293.209651	293.216414	0.000351437877	0.00144668452	0	0	0	0	3
270	135	0.348283155	2.65887297	293.210781	293.212	293.209651	293.216414	0.000351437877	0.00144668452	0	0	0	0	3
271	136	0.349820808	2.66872065	293.210607	293.211984	293.209651	293.216414	0.000351437877	0.00144668452	0	0	0	0	3
272	136	0.351658141	2.67856833	293.210176	293.211981	293.209651	293.216414	0.000351283181	0.00144668452	0	0	0	0	3
273	137	0.353028319	2.688416	293.209926	293.211979	293.209651	293.216414	0.000341510052	0.00144668452	0	0	0	0	3
274	137	0.354431129	2.69826368	293.209724	293.211977	293.209651	293.216414	0.000330226515	0.00144668452	0	0	0	0	3
275	138	0.356026962	2.70811136	293.210629	293.211993	293.209651	293.216414	0.000314425339	0.00144668452	0	0	0	0	3
276	138	0.357686031	2.71795904	293.211471	293.212016	293.209651	293.216414	0.000309712652	0.00144668452	0	0	0	0	3
277	138	0.359461638	2.72780672	293.211787	293.212028	293.209651	293.216414	0.000309712652	0.00144668452	0	0	0	0	3
278	139	0.361404451	2.73765439	293.211686	293.212034	293.209651	293.216414	0.000309712652	0.00144668452	0	0	0	0	3
279	139	0.36307825	2.74750207	293.212325	293.212045	293.209651	293.216414	0.000316140628	0.00144668452	0	0	0	0	3
280	140	0.364502514	2.75734975	293.213519	293.212059	293.209651	293.216414	0.000329774495	0.00144668452	0	0	0	0	3
281	140	0.365487626	2.76719743	293.214966	293.212063	293.209651	293.216414	0.000334430943	0.00144668452	0	0	0	0	3
282	141	0.366301831	2.7770451	293.215309	293.212066	293.209651	293.216414	0.000336757043	0.00144668452	0	0	0	0	3
283	142	0.366857279	2.78689278	293.213701	293.212052	293.209651	293.216414	0.000336757043	0.00144668452	0	0	0	0	3
284	142	0.367853504	2.79674046	293.212809	293.212045	293.209651	293.216414	0.000336757043	0.00144668452	0	0	0	0	3
285	143	0.369032477	2.80658814	293.215721	293.21207	293.209651	293.216414	0.000340663322	0.00144668452	0	0	0	0	3
286	144	0.369885543	2.81643581	293.209769	293.212026	293.209651	293.216414	0.000340663322	0.00144668452	0	0	0	0	3
287	144	0.371217421	2.82628349	293.213752	293.212041	293.209651	293.216414	0.000340663322	0.00144668452	0	0	0	0	3
288	145	0.372315653	2.83613117	293.21167	293.21204	293.209651	293.216414	0.000340663322	0.00144668452	0	0	0	0	3
289	145	0.373964398	2.84597885	293.212809	293.212025	293.209651	293.216414	0.000340663322	0.00144668452	0	0	0	0	3
290	146	0.37500241	2.85582653	293.211215	293.211975	293.209651	293.216414	0.000340663322	0.00144668452	0	0	0	0	3
291	146	0.37640854	2.8656742	293.211958	293.211951	293.209651	293.216414	0.000340663322	0.00144668452	0	0	0	0	3
292	147	0.377451372	2.87552188	293.212138	293.211952	293.209651	293.216414	0.000340663322	0.00144668452	0	0	0	0	3
293	147	0.379119824	2.88536956	293.212529	293.211974	293.209651	293.216414	0.000340663322	0.00144668452	0	0	0	0	3
294	148	0.380755061	2.89521724	293.211431	293.21198	293.209651	293.216414	0.000340663322	0.00144668452	0	0	0	0	3
295	148	0.382292706	2.90506491	293.21202	293.21201	293.209651	293.216414	0.000339405623	0.00144668452	0	0	0	0	3
296	148	0.38419054	2.91491259	293.211778	293.212047	293.209651	293.216414	0.000339405623	0.00144668452	0	0	0	0	3
297	149	0.38569892	2.92476027	293.21059	293.21207	293.209724	293.216414	0.000334875408	0.00144668452	0	0	0	0	3
298	149	0.387196702	2.93460795	293.210631	293.212077	293.209724	293.216414	0.000328725541	0.00144668452	0	0	0	0	3
299	150	0.38897118	2.94445562	293.211035	293.212101	293.209724	293.216414	0.000346541938	0.00144668452	0	0	0	0	3
300	150	0.390559946	2.9543033	293.210936	293.212121	293.209724	293.216414	0.00032577443	0.00144668452	0	0	0	0	3
301	151	0.392192204	2.96415098	293.211117	293.212118	293.209724	293.216414	0.000288757396	0.00144668452	0	0	0	0	3
302	151	0.39393485	2.97399866	293.211782	293.212125	293.209724	293.216414	0.000263288676	0.00144668452	0	0	0	0	3
303	152	0.395758408	2.98384633	293.211545	293.212114	293.209724	293.216414	0.00024030979	0.00144668452	0	0	0	0	3
304	152	0.397369782	2.99369401	293.212436	293.212124	293.209724	293.216414	0.00018585428	0.00144668452	0	0	0	0	3
305	153	0.399083659	3.00354169	293.213722	293.212126	293.209724	293.216414	0.000184423104	0.00144668452	0	0	0	0	3
306	153	0.400489612	3.01338937	293.21474	293.212141	293.209724	293.216414	0.000199641109	0.00144668452	0	0	0	0	3
307	154	0.40124958	3.02323705	293.215721	293.212143	293.209724	293.216414	0.000200714667	0.00144668452	0	0	0	0	3
308	154	0.401841628	3.03308472	293.214146	293.212149	293.209724	293.216414	0.000207094362	0.00144668452	0	0	0	0	3
309	155	0.402801054	3.0429324	293.212024	293.212134	293.209724	293.216414	0.000207094362	0.00144668452	0	0	0	0	3
310	156	0.403894722	3.05278008	293.216869	293.212175	293.209724	293.216869	0.000232813227	0.00144668452	0	0	0	0	3
311	156	0.404959066	3.06262776	293.212257	293.212172	293.209724	293.216869	0.000232813227	0.00144668452	0	0	0	0	3
312	157	0.406183033	3.07247543	293.213603	293.212207	293.209724	293.216869	0.000256229333	0.00144668452	0	0	0	0	3
313	157	0.407434144	3.08232311	293.212793	293.212184	293.209724	293.216869	0.000256229333	0.00144668452	0	0	0	0	3
314	158	0.408571358	3.09217079	293.212921	293.212208	293.209724	293.216869	0.00025630702	0.00144668452	0	0	0	0	3
315	158	0.409848938	3.10201847	293.214918	293.212209	293.209724	293.216869	0.000258085757	0.00144668452	0	0	0	0	3
316	159	0.41118006	3.11186614	293.213931	293.212217	293.209724	293.216869	0.000265849718	0.00144668452	0	0	0	0	3
317	159	0.412468998	3.12171382	293.213427	293.212202	293.209724	293.216869	0.000265849718	0.00144668452	0	0	0	0	3
318	160	0.413656217	3.1315615	293.212647	293.21221	293.209724	293.216869	0.000265849718	0.00144668452	0	0	0	0	3
319	160	0.415412057	3.14140918	293.210896	293.212204	293.209724	293.216869	0.000265849718	0.00144668452	0	0	0	0	3
320	161	0.416510811	3.15125686	293.210321	293.212198	293.209724	293.216869	0.000265849718	0.00144668452	0	0	0	0	3
321	161	0.417794212	3.16110453	293.211753	293.212215	293.209724	293.216869	0.000265849718	0.00144668452	0	0	0	0	3
322	162	0.419526222	3.17095221	293.210993	293.21222	293.209724	293.216869	0.000268440879	0.00144668452	0	0	0	0	3
323	162	0.421070262	3.18079989	293.211083	293.212248	293.209724	293.216869	0.000297246464	0.00144668452	0	0	0	0	3
324	162	0.422328444	3.19064757	293.210565	293.212264	293.209724	293.216869	0.000312610473	0.00144668452	0	0	0	0	3
325	163	0.423898432	3.20049524	293.210482	293.212275	293.209769	293.216869	0.000323640442	0.00144668452	0	0	0	0	3
326	163	0.425507457	3.21034292	293.210572	293.212273	293.209769	293.216869	0.000323640442	0.00144668452	0	0	0	0	3
327	164	0.427209565	3.2201906	293.211027	293.212262	293.209769	293.216869	0.000323640442	0.00144668452	0	0	0	0	3
328	164	0.42900256	3.23003828	293.2119	293.212265	293.209769	293.216869	0.000323640442	0.00144668452	0	0	0	0	3
329	164	0.430824322	3.23988595	293.211599	293.212263	293.209769	293.216869	0.000323640442	0.00144668452	0	0	0	0	3
330	165	0.432643448	3.24973363	293.212479	293.212267	293.209769	293.216869	0.000323640442	0.00144668452	0	0	0	0	3
331	165	0.434386761	3.25958131	293.214165	293.212289	293.209769	293.216869	0.00033812099	0.00144668452	0	0	0	0	3
332	166	0.435877201	3.26942899	293.214086	293.21229	293.209769	293.216869	0.000338702742	0.00144668452	0	0	0	0	3
333	167	0.436587032	3.27927667	293.216001	293.212292	293.209769	293.216869	0.000341207416	0.00144668452	0	0	0	0	3
334	167	0.437268057	3.28912434	293.214371	293.212301	293.209769	293.216869	0.000350204574	0.00144668452	0	0	0	0	3
335	168	0.438440029	3.29897202	293.214862	293.212337	293.209769	293.216869	0.000385562688	0.00144668452	0	0	0	0	3
336	168	0.439576956	3.3088197	293.212372	293.212281	293.209769	293.216869	0.000385562688	0.00144668452	0	0	0	0	3
337	169	0.440962749	3.31866738	293.213491	293.212335	293.210321	293.216869	0.000385562688	0.00144668452	0	0	0	0	3
338	169	0.442352571	3.32851505	293.213422	293.212329	293.210321	293.216869	0.000385562688	0.00144668452	0	0	0	0	3
339	170	0.443510764	3.33836273	293.21348	293.212358	293.210321	293.216869	0.000406908405	0.00144668452	0	0	0	0	3
340	170	0.445177721	3.34821041	293.214825	293.212405	293.210321	293.216869	0.000454230532	0.00144668452	0	0	0	0	3
341	171	0.446925451	3.35805809	293.214551	293.212475	293.210321	293.216869	0.000523554481	0.00144668452	0	0	0	0	3
342	171	0.448073144	3.36790576	293.211722	293.212473	293.210321	293.216869	0.000522698129	0.00144668452	0	0	0	0	3
343	172	0.44938588	3.37775344	293.211125	293.212453	293.210321	293.216869	0.000500888962	0.00144668452	0	0	0	0	3
344	172	0.450799706	3.38760112	293.210951	293.212422	293.210321	293.216869	0.000494480613	0.00144668452	0	0	0	0	3
345	173	0.452576476	3.3974488	293.210799	293.212404	293.210321	293.216869	0.000465223129	0.00144668452	0	0	0	0	3
346	173	0.454287121	3.40729647	293.210628	293.21237	293.210321	293.216869	0.0004279597	0.00144668452	0	0	0	0	3
347	173	0.455655789	3.41714415	293.210394	293.212348	293.210321	293.216869	0.000404821834	0.00144668452	0	0	0	0	3
348	174	0.457561312	3.42699183	293.210323	293.212331	293.210321	293.216869	0.000397285853	0.00144668452	0	0	0	0	3
349	174	0.459505856	3.43683951	293.210544	293.212318	293.210321	293.216869	0.000373694379	0.00144668452	0	0	0	0	3
350	175	0.461330925	3.44668719	293.210815	293.212312	293.210321	293.216869	0.000360419079	0.00144668452	0	0	0	0	3
351	175	0.463244814	3.45653486	293.211621	293.212324	293.210321	293.216869	0.000360419079	0.00144668452	0	0	0	0	3
352	176	0.465041832	3.46638254	293.211786	293.212338	293.210321	293.216869	0.000360419079	0.00144668452	0	0	0	0	3
353	176	0.466945586	3.47623022	293.212143	293.212346	293.210321	293.216869	0.000360419079	0.00144668452	0	0	0	0	3
354	177	0.468681172	3.4860779	293.213168	293.212385	293.210321	293.216869	0.000350486005	0.00144668452	0	0	0	0	3
355	177	0.469961372	3.49592557	293.214475	293.212421	293.210321	293.216869	0.000348529422	0.00144668452	0	0	0	0	3
356	178	0.471155716	3.50577325	293.216574	293.212459	293.210321	293.216869	0.000340338195	0.00144668452	0	0	0	0	3
357	178	0.471708465	3.51562093	293.215044	293.212434	293.210321	293.216869	0.000340338195	0.00144668452	0	0	0	0	3
358	179	0.472594485	3.52546861	293.209673	293.212365	293.209673	293.216869	0.000340338195	0.00144668452	0	0	0	0	3
359	180	0.473632015	3.53531628	293.213895	293.212372	293.209673	293.216869	0.000340338195	0.00144668452	0	0	0	0	3
360	180	0.474801465	3.54516396	293.211194	293.212358	293.209673	293.216869	0.000303065167	0.00144668452	0	0	0	0	3
361	181	0.476283446	3.55501164	293.213127	293.212305	293.209673	293.216574	0.000303065167	0.00144668452	0	0	0	0	3
362	181	0.477738385	3.56485932	293.210655	293.212273	293.209673	293.216574	0.000290349827	0.00144668452	0	0	0	0	3
363	182	0.478821669	3.574707	293.213331	293.212266	293.209673	293.216574	0.000290349827	0.00144668452	0	0	0	0	3
364	183	0.480686854	3.58455467	293.214069	293.212303	293.209673	293.216574	0.000276922679	0.00144668452	0	0	0	0	3
365	183	0.481833293	3.59440235	293.215612	293.212345	293.209673	293.216574	0.000276922679	0.00144668452	0	0	0	0	3
366	184	0.483233686	3.60425003	293.214216	293.212336	293.209673	293.216574	0.000276922679	0.00144668452	0	0	0	0	3
367	184	0.484619881	3.61409771	293.211234	293.212287	293.209673	293.216574	0.000276922679	0.00144668452	0	0	0	0	3
368	185	0.485838626	3.62394538	293.212129	293.212264	293.209673	293.216574	0.000276922679	0.00144668452	0	0	0	0	3
369	185	0.487562971	3.63379306	293.211732	293.212245	293.209673	293.216574	0.000276922679	0.00144668452	0	0	0	0	3
370	186	0.489104533	3.64364074	293.211409	293.21226	293.209673	293.216574	0.000276922679	0.00144668452	0	0	0	0	3
371	186	0.491247113	3.65348842	293.210894	293.212249	293.209673	293.216574	0.000260208254	0.00144668452	0	0	0	0	3
372	186	0.492217011	3.66333609	293.211069	293.212242	293.209673	293.216574	0.000255113602	0.00144668452	0	0	0	0	3
373	187	0.493819942	3.67318377	293.210737	293.212239	293.209673	293.216574	0.00023559199	0.00144668452	0	0	0	0	3
374	187	0.495498953	3.68303145	293.211026	293.212236	293.209673	293.216574	0.000238976057	0.00144668452	0	0	0	0	3
375	188	0.497223245	3.69287913	293.211421	293.212245	293.209673	293.216574	0.000238976057	0.00144668452	0	0	0	0	3
376	188	0.499025816	3.70272681	293.211902	293.212274	293.209673	293.216574	0.000238976057	0.00144668452	0	0	0	0	3
377	188	0.500920362	3.71257448	293.212098	293.212306	293.209673	293.216574	0.000238976057	0.00144668452	0	0	0	0	3
378	189	0.502665959	3.72242216	293.212766	293.212345	293.209673	293.216574	0.000238976057	0.00144668452	0	0	0	0	3
379	190	0.504154038	3.73226984	293.214127	293.212391	293.209673	293.216574	0.000238976057	0.00144668452	0	0	0	0	3
380	190	0.505392084	3.74211752	293.214119	293.212439	293.209673	293.216574	0.000238976057	0.00144668452	0	0	0	0	3
381	191	0.506123694	3.75196519	293.215734	293.212471	293.209673	293.216574	0.000238976057	0.00144668452	0	0	0	0	3
382	191	0.506805341	3.76181287	293.214309	293.212447	293.209673	293.216574	0.000238976057	0.00144668452	0	0	0	0	3
383	192	0.507975032	3.77166055	293.217028	293.212488	293.209673	293.217028	0.000252037566	0.00144668452	0	0	0	0	3
384	192	0.509152592	3.78150823	293.214953	293.212493	293.209673	293.217028	0.00025766888	0.00144668452	0	0	0	0	3
385	193	0.51028177	3.7913559	293.214159	293.212502	293.209673	293.217028	0.000265912275	0.00144668452	0	0	0	0	3
386	193	0.511189033	3.80120358	293.214997	293.212495	293.209673	293.217028	0.000265912275	0.00144668452	0	0	0	0	3
387	194	0.512534867	3.81105126	293.213526	293.212516	293.209673	293.217028	0.000279941312	0.00144668452	0	0	0	0	3
388	195	0.513967913	3.82089894	293.210618	293.21246	293.209673	293.217028	0.000279941312	0.00144668452	0	0	0	0	3
389	195	0.515231576	3.83074661	293.21755	293.21253	293.209673	293.21755	0.000294094554	0.00144668452	0	0	0	0	3
390	196	0.515969996	3.84059429	293.219566	293.212586	293.209673	293.219566	0.000350609008	0.00144668452	0	0	0	0	3
391	196	0.517190182	3.85044197	293.213478	293.21255	293.209673	293.219566	0.000350609008	0.00144668452	0	0	0	0	3
392	197	0.51784162	3.86028965	293.211992	293.212495	293.209673	293.219566	0.000350609008	0.00144668452	0	0	0	0	3
393	197	0.518857458	3.87013733	293.209499	293.212465	293.209499	293.219566	0.000350609008	0.00144668452	0	0	0	0	3
394	198	0.519747645	3.879985	293.209086	293.212447	293.209086	293.219566	0.000350609008	0.00144668452	0	0	0	0	3
395	198	0.521081449	3.88983268	293.210262	293.212436	293.209086	293.219566	0.000350609008	0.00144668452	0	0	0	0	3
396	199	0.522698435	3.89968036	293.210724	293.212438	293.209086	293.219566	0.000350609008	0.00144668452	0	0	0	0	3
397	199	0.524455101	3.90952804	293.210409	293.212431	293.209086	293.219566	0.000350609008	0.00144668452	0	0	0	0	3
398	199	0.526076569	3.91937571	293.210143	293.212418	293.209086	293.219566	0.000350609008	0.00144668452	0	0	0	0	3
399	200	0.527371775	3.92922339	293.210854	293.212446	293.209086	293.219566	0.000350609008	0.00144668452	0	0	0	0	3
400	200	0.528876955	3.93907107	293.210659	293.212461	293.209086	293.219566	0.000350609008	0.00144668452	0	0	0	0	3
401	201	0.530496453	3.94891875	293.210805	293.212465	293.209086	293.219566	0.000350609008	0.00144668452	0	0	0	0	3
402	202	0.53223589	3.95876642	293.211413	293.212462	293.209086	293.219566	0.000350609008	0.00144668452	0	0	0	0	3
403	202	0.534075077	3.9686141	293.211867	293.212464	293.209086	293.219566	0.000350609008	0.00144668452	0	0	0	0	3
404	203	0.535993262	3.97846178	293.212252	293.212467	293.209086	293.219566	0.000350609008	0.00144668452	0	0	0	0	3
405	203	0.537484095	3.98830946	293.212639	293.212453	293.209086	293.219566	0.000350609008	0.00144668452	0	0	0	0	3
406	204	0.539121898	3.99815714	293.21356	293.212442	293.209086	293.219566	0.000350609008	0.00144668452	0	0	0	0	3
407	204	0.540464485	4.00800481	293.213817	293.212397	293.209086	293.219566	0.000350609008	0.00144668452	0	0	0	0	3
408	205	0.541182518	4.01785249	293.215635	293.21241	293.209086	293.219566	0.000350609008	0.00144668452	0	0	0	0	3
409	205	0.541825996	4.02770017	293.214847	293.212467	293.209086	293.219566	0.000350609008	0.00144668452	0	0	0	0	3
410	206	0.542934088	4.03754785	293.215504	293.212494	293.209086	293.219566	0.000350609008	0.00144668452	0	0	0	0	3
411	206	0.544276411	4.04739552	293.213691	293.212539	293.209086	293.219566	0.000350609008	0.00144668452	0	0	0	0	3
412	207	0.54558047	4.0572432	293.213037	293.212536	293.209086	293.219566	0.000350609008	0.00144668452	0	0	0	0	3
413	207	0.547000003	4.06709088	293.212564	293.212576	293.209086	293.219566	0.000350609008	0.00144668452	0	0	0	0	3
414	208	0.548224697	4.07693856	293.213262	293.212577	293.209086	293.219566	0.000350609008	0.00144668452	0	0	0	0	3
415	208	0.549921141	4.08678623	293.212306	293.21253	293.209086	293.219566	0.000350609008	0.00144668452	0	0	0	0	3
416	209	0.550945075	4.09663391	293.214933	293.212514	293.209086	293.219566	0.000350609008	0.00144668452	0	0	0	0	3
417	209	0.552789895	4.10648159	293.213229	293.212499	293.209086	293.219566	0.000350609008	0.00144668452	0	0	0	0	3
418	210	0.554549626	4.11632927	293.211639	293.212502	293.209086	293.219566	0.000350609008	0.00144668452	0	0	0	0	3
419	210	0.556218848	4.12617695	293.211229	293.212479	293.209086	293.219566	0.000350609008	0.00144668452	0	0	0	0	3
420	211	0.557864347	4.13602462	293.211356	293.212471	293.209086	293.219566	0.000350609008	0.00144668452	0	0	0	0	3
421	211	0.559676794	4.1458723	293.21062	293.212446	293.209086	293.219566	0.000350609008	0.00144668452	0	0	0	0	3
422	211	0.561208183	4.15571998	293.210433	293.21245	293.209086	293.219566	0.000350609008	0.00144668452	0	0	0	0	3
423	212	0.562849455	4.16556766	293.210014	293.212412	293.209086	293.219566	0.000350609008	0.00144668452	0	0	0	0	3
424	212	0.564489786	4.17541533	293.210496	293.212406	293.209086	293.219566	0.000350609008	0.00144668452	0	0	0	0	3
425	213	0.566213413	4.18526301	293.210887	293.212401	293.209086	293.219566	0.000341314562	0.00144668452	0	0	0	0	3
426	213	0.568017907	4.19511069	293.211847	293.212411	293.209086	293.219566	0.000312701676	0.00144668452	0	0	0	0	3
427	214	0.569777505	4.20495837	293.212004	293.212414	293.209086	293.219566	0.000280810346	0.00144668452	0	0	0	0	3
428	214	0.571647073	4.21480604	293.212222	293.212417	293.209086	293.219566	0.000241314304	0.00144668452	0	0	0	0	3
429	215	0.573278074	4.22465372	293.213167	293.212426	293.209086	293.219566	0.000195404795	0.00144668452	0	0	0	0	3
430	215	0.574551906	4.2345014	293.214965	293.212436	293.209086	293.219566	0.000189274979	0.00144668452	0	0	0	0	3
431	216	0.57546006	4.24434908	293.214203	293.212429	293.209086	293.219566	0.000189274979	0.00144668452	0	0	0	0	3
432	216	0.576147666	4.25419675	293.214554	293.212416	293.209086	293.219566	0.000189274979	0.00144668452	0	0	0	0	3
433	217	0.576873694	4.26404443	293.215293	293.212427	293.209086	293.219566	0.000189274979	0.00144668452	0	0	0	0	3
434	217	0.577908272	4.27389211	293.213614	293.212368	293.209086	293.219566	0.000218784046	0.00144668452	0	0	0	0	3
435	218	0.579202786	4.28373979	293.212201	293.212321	293.209086	293.219566	0.000265319521	0.00144668452	0	0	0	0	3
436	219	0.580649519	4.29358747	293.213066	293.212307	293.209086	293.219566	0.000279494089	0.00144668452	0	0	0	0	3
437	219	0.58204149	4.30343514	293.213051	293.212287	293.209086	293.219566	0.000299322832	0.00144668452	0	0	0	0	3
438	220	0.583477608	4.31328282	293.215004	293.212319	293.209086	293.219566	0.000299322832	0.00144668452	0	0	0	0	3
439	220	0.585210664	4.3231305	293.21487	293.212415	293.209086	293.219566	0.000299322832	0.00144668452	0	0	0	0	3
440	221	0.586492412	4.33297818	293.214387	293.212359	293.209086	293.219566	0.000299322832	0.00144668452	0	0	0	0	3
441	221	0.587810567	4.34282585	293.212269	293.212283	293.209086	293.215635	0.000293130968	0.00144668452	0	0	0	0	3
442	222	0.589207297	4.35267353	293.211316	293.212244	293.209086	293.215635	0.000332133684	0.00144668452	0	0	0	0	3
443	222	0.590877257	4.36252121	293.210638	293.21221	293.209086	293.215635	0.000366607552	0.00144668452	0	0	0	0	3
444	223	0.592390055	4.37236889	293.211089	293.212224	293.209086	293.215635	0.000366607552	0.00144668452	0	0	0	0	3
445	223	0.594178257	4.38221656	293.210741	293.212226	293.210014	293.215635	0.000366607552	0.00144668452	0	0	0	0	3
446	224	0.595882934	4.39206424	293.210342	293.212218	293.210014	293.215635	0.000366607552	0.00144668452	0	0	0	0	3
447	224	0.597023131	4.40191192	293.21039	293.212223	293.210014	293.215635	0.000366607552	0.00144668452	0	0	0	0	3
448	224	0.598679912	4.4117596	293.210374	293.212224	293.210014	293.215635	0.000366607552	0.00144668452	0	0	0	0	3
449	225	0.600371557	4.42160728	293.210779	293.212237	293.210014	293.215635	0.000366607552	0.00144668452	0	0	0	0	3
450	225	0.602099188	4.43145495	293.211338	293.21224	293.210014	293.215635	0.000366607552	0.00144668452	0	0	0	0	3
451	226	0.603877368	4.44130263	293.211747	293.21226	293.210014	293.215635	0.000366607552	0.00144668452	0	0	0	0	3
452	226	0.605790414	4.45115031	293.211919	293.212283	293.210014	293.215635	0.000366607552	0.00144668452	0	0	0	0	3
453	227	0.607582311	4.46099799	293.212642	293.212311	293.210014	293.215635	0.000366607552	0.00144668452	0	0	0	0	3
454	227	0.608811405	4.47084566	293.214277	293.212355	293.210014	293.215635	0.000366607552	0.00144668452	0	0	0	0	3
455	228	0.610067599	4.48069334	293.215585	293.212412	293.210014	293.215635	0.000366607552	0.00144668452	0	0	0	0	3
456	228	0.610734467	4.49054102	293.215428	293.212435	293.210014	293.215635	0.000366607552	0.00144668452	0	0	0	0	3
457	229	0.611314949	4.5003887	293.211043	293.212398	293.210014	293.215635	0.000366607552	0.00144668452	0	0	0	0	3
458	229	0.612372872	4.51023637	293.210698	293.212347	293.210014	293.215635	0.000366607552	0.00144668452	0	0	0	0	3
459	230	0.613472802	4.52008405	293.21669	293.21238	293.210014	293.21669	0.000366607552	0.00144668452	0	0	0	0	3
460	231	0.614597319	4.52993173	293.213745	293.212379	293.210014	293.21669	0.000366607552	0.00144668452	0	0	0	0	3
461	231	0.616249696	4.53977941	293.213085	293.212348	293.210014	293.21669	0.000366607552	0.00144668452	0	0	0	0	3
462	232	0.617657517	4.54962709	293.214768	293.21237	293.210014	293.21669	0.000366607552	0.00144668452	0	0	0	0	3
463	233	0.618514397	4.55947476	293.214009	293.212377	293.210014	293.21669	0.000366607552	0.00144668452	0	0	0	0	3
464	233	0.620444612	4.56932244	293.214327	293.212425	293.210014	293.21669	0.000366607552	0.00144668452	0	0	0	0	3
465	233	0.621777791	4.57917012	293.214878	293.212455	293.210014	293.21669	0.000319771642	0.00144668452	0	0	0	0	3
466	234	0.623020694	4.5890178	293.212546	293.21246	293.210014	293.21669	0.000304246237	0.00144668452	0	0	0	0	3
467	234	0.624340213	4.59886547	293.211348	293.212406	293.210014	293.21669	0.000292394347	0.00144668452	0	0	0	0	3
468	235	0.625912384	4.60871315	293.210914	293.212353	293.210014	293.21669	0.000292394347	0.00144668452	0	0	0	0	3
469	235	0.627349929	4.61856083	293.211236	293.212348	293.210014	293.21669	0.000268649286	0.00144668452	0	0	0	0	3
470	236	0.62919094	4.62840851	293.210718	293.212333	293.210014	293.21669	0.000260687368	0.00144668452	0	0	0	0	3
471	236	0.631079455	4.63825618	293.210607	293.21231	293.210014	293.21669	0.000250470368	0.00144668452	0	0	0	0	3
472	236	0.632513268	4.64810386	293.210764	293.212322	293.210014	293.21669	0.000250470368	0.00144668452	0	0	0	0	3
473	237	0.63403989	4.65795154	293.210274	293.212319	293.210014	293.21669	0.000250470368	0.00144668452	0	0	0	0	3
474	237	0.635746353	4.66779922	293.21068	293.212332	293.210274	293.21669	0.000250470368	0.00144668452	0	0	0	0	3
475	238	0.637591921	4.67764689	293.211701	293.212357	293.210274	293.21669	0.000250470368	0.00144668452	0	0	0	0	3
476	238	0.639360125	4.68749457	293.211849	293.21238	293.210274	293.21669	0.000250470368	0.00144668452	0	0	0	0	3
477	239	0.641235363	4.69734225	293.212279	293.21239	293.210274	293.21669	0.000250470368	0.00144668452	0	0	0	0	3
478	239	0.642982997	4.70718993	293.213117	293.212417	293.210274	293.21669	0.000250470368	0.00144668452	0	0	0	0	3
479	240	0.644240197	4.71703761	293.214937	293.212466	293.210274	293.21669	0.000255696302	0.00144668452	0	0	0	0	3
480	240	0.645243439	4.72688528	293.215433	293.212491	293.210274	293.21669	0.000281172082	0.00144668452	0	0	0	0	3
481	241	0.645852646	4.73673296	293.215442	293.212472	293.210274	293.21669	0.000281172082	0.00144668452	0	0	0	0	3
482	241	0.646415144	4.74658064	293.214336	293.212465	293.210274	293.21669	0.000281172082	0.00144668452	0	0	0	0	3
483	242	0.647412479	4.75642832	293.215058	293.212481	293.210274	293.21669	0.000281172082	0.00144668452	0	0	0	0	3
484	243	0.648671763	4.76627599	293.215333	293.212503	293.210274	293.21669	0.000292540931	0.00144668452	0	0	0	0	3
485	243	0.649777249	4.77612367	293.214156	293.212512	293.210274	293.21669	0.000301981445	0.00144668452	0	0	0	0	3
486	244	0.651297524	4.78597135	293.213353	293.212535	293.210274	293.21669	0.000325298542	0.00144668452	0	0	0	0	3
487	244	0.652957792	4.79581903	293.213056	293.212537	293.210274	293.21669	0.000326643758	0.00144668452	0	0	0	0	3
488	245	0.654493461	4.8056667	293.21398	293.212557	293.210274	293.21669	0.000347359457	0.00144668452	0	0	0	0	3
489	246	0.65577482	4.81551438	293.214232	293.212538	293.210274	293.21669	0.000347359457	0.00144668452	0	0	0	0	3
490	246	0.657266503	4.82536206	293.213755	293.212508	293.210274	293.21669	0.000347359457	0.00144668452	0	0	0	0	3
491	246	0.658641763	4.83520974	293.21274	293.212479	293.210274	293.21669	0.000347359457	0.00144668452	0	0	0	0	3
492	247	0.660358852	4.84505742	293.210922	293.212446	293.210274	293.21669	0.000347359457	0.00144668452	0	0	0	0	3
493	247	0.661492032	4.85490509	293.210963	293.212444	293.210274	293.21669	0.000347359457	0.00144668452	0	0	0	0	3
494	248	0.66337696	4.86475277	293.210802	293.212443	293.210274	293.21669	0.00033899897	0.00144668452	0	0	0	0	3
495	248	0.665134488	4.87460045	293.209961	293.212411	293.209961	293.21669	0.00033899897	0.00144668452	0	0	0	0	3
496	249	0.666373576	4.88444813	293.209361	293.2124	293.209361	293.21669	0.00033899897	0.00144668452	0	0	0	0	3
497	249	0.667865301	4.8942958	293.209794	293.212395	293.209361	293.21669	0.000334538478	0.00144668452	0	0	0	0	3
498	249	0.66941399	4.90414348	293.210414	293.212384	293.209361	293.21669	0.00033287805	0.00144668452	0	0	0	0	3
499	250	0.671067967	4.91399116	293.210656	293.212391	293.209361	293.21669	0.000320364522	0.00144668452	0	0	0	0	3
500	250	0.672864968	4.92383884	293.211657	293.21241	293.209361	293.21669	0.000317165285	0.00144668452	0	0	0	0	3
501	251	0.67463108	4.93368651	293.211991	293.212425	293.209361	293.21669	0.000297134214	0.00144668452	0	0	0	0	3
502	252	0.676547115	4.94353419	293.211973	293.21243	293.209361	293.21669	0.000274520506	0.00144668452	0	0	0	0	3
503	252	0.678307681	4.95338187	293.213348	293.212466	293.209361	293.21669	0.000247105826	0.00144668452	0	0	0	0	3
504	253	0.67974502	4.96322955	293.214482	293.212502	293.209361	293.21669	0.000247105826	0.00144668452	0	0	0	0	3
505	253	0.680472248	4.97307722	293.215549	293.212502	293.209361	293.21669	0.000247105826	0.00144668452	0	0	0	0	3
506	254	0.681098676	4.9829249	293.213499	293.212456	293.209361	293.21669	0.000247105826	0.00144668452	0	0	0	0	3
507	254	0.682182304	4.99277258	293.211959	293.212421	293.209361	293.21669	0.000247105826	0.00144668452	0	0	0	0	3
508	255	0.68350702	5.00262026	293.216111	293.2125	293.209361	293.21669	0.000247105826	0.00144668452	0	0	0	0	3
509	256	0.684401583	5.01246794	293.212857	293.212531	293.209361	293.21669	0.000247105826	0.00144668452	0	0	0	0	3
510	256	0.685976178	5.02231561	293.212365	293.212464	293.209361	293.216111	0.000247105826	0.00144668452	0	0	0	0	3
511	257	0.687465259	5.03216329	293.212815	293.212452	293.209361	293.216111	0.000247105826	0.00144668452	0	0	0	0	3
512	257	0.688773843	5.04201097	293.214002	293.212465	293.209361	293.216111	0.000247105826	0.00144668452	0	0	0	0	3
513	258	0.690151748	5.05185865	293.215769	293.212483	293.209361	293.216111	0.000247105826	0.00144668452	0	0	0	0	3
514	258	0.691694819	5.06170632	293.213173	293.21248	293.209361	293.216111	0.000247105826	0.00144668452	0	0	0	0	3
515	259	0.692359827	5.071554	293.213235	293.212437	293.209361	293.216111	0.000247105826	0.00144668452	0	0	0	0	3
516	259	0.693429442	5.08140168	293.212431	293.212392	293.209361	293.216111	0.000247105826	0.00144668452	0	0	0	0	3
517	260	0.695205401	5.09124936	293.21169	293.212372	293.209361	293.216111	0.000247105826	0.00144668452	0	0	0	0	3
518	260	0.696252947	5.10109703	293.211372	293.212376	293.209361	293.216111	0.000247105826	0.00144668452	0	0	0	0	3
519	261	0.698219417	5.11094471	293.211026	293.212371	293.209361	293.216111	0.000247105826	0.00144668452	0	0	0	0	3
520	261	0.699542154	5.12079239	293.210785	293.212365	293.209361	293.216111	0.000247105826	0.00144668452	0	0	0	0	3
521	262	0.701505672	5.13064007	293.210385	293.212353	293.209361	293.216111	0.000247105826	0.00144668452	0	0	0	0	3
522	262	0.703292742	5.14048775	293.210712	293.212358	293.209361	293.216111	0.000238678592	0.00144668452	0	0	0	0	3
523	262	0.704830006	5.15033542	293.210941	293.212359	293.209361	293.216111	0.000238678592	0.00144668452	0	0	0	0	3
524	263	0.706446527	5.1601831	293.211266	293.212379	293.209361	293.216111	0.000225163765	0.00144668452	0	0	0	0	3
525	263	0.708189518	5.17003078	293.212085	293.212412	293.209361	293.216111	0.000204421009	0.00144668452	0	0	0	0	3
526	264	0.71001564	5.17987846	293.21159	293.212409	293.209361	293.216111	0.000204421009	0.00144668452	0	0	0	0	3
527	264	0.711836417	5.18972613	293.212554	293.212427	293.209361	293.216111	0.000204421009	0.00144668452	0	0	0	0	3
528	265	0.713610409	5.19957381	293.214186	293.212474	293.209361	293.216111	0.000204421009	0.00144668452	0	0	0	0	3
529	265	0.715049535	5.20942149	293.21496	293.212508	293.209361	293.216111	0.000204421009	0.00144668452	0	0	0	0	3
530	266	0.715629636	5.21926917	293.215358	293.212488	293.209361	293.216111	0.000204421009	0.00144668452	0	0	0	0	3
531	266	0.716392555	5.22911684	293.214488	293.212468	293.209361	293.216111	0.000204421009	0.00144668452	0	0	0	0	3
532	267	0.717354846	5.23896452	293.213089	293.212451	293.209361	293.216111	0.000204421009	0.00144668452	0	0	0	0	3
533	267	0.718591712	5.2488122	293.214504	293.212471	293.209361	293.216111	0.000204421009	0.00144668452	0	0	0	0	3
534	268	0.719819706	5.25865988	293.214237	293.212466	293.209361	293.216111	0.000204421009	0.00144668452	0	0	0	0	3
535	269	0.721397307	5.26850756	293.212554	293.212418	293.209361	293.216111	0.000204421009	0.00144668452	0	0	0	0	3
536	269	0.722870208	5.27835523	293.214896	293.212442	293.209361	293.216111	0.000204421009	0.00144668452	0	0	0	0	3
537	270	0.724434869	5.28820291	293.214115	293.212459	293.209361	293.216111	0.000204421009	0.00144668452	0	0	0	0	3
538	270	0.725988779	5.29805059	293.214564	293.21249	293.209361	293.216111	0.000204421009	0.00144668452	0	0	0	0	3
539	271	0.727158939	5.30789827	293.213221	293.21247	293.209361	293.216111	0.000185509315	0.00144668452	0	0	0	0	3
540	271	0.728782565	5.31774594	293.211385	293.212415	293.209361	293.216111	0.000177968377	0.00144668452	0	0	0	0	3
541	272	0.730177275	5.32759362	293.211236	293.212365	293.209361	293.216111	0.000177968377	0.00144668452	0	0	0	0	3
542	272	0.731480695	5.3374413	293.211142	293.212336	293.209361	293.216111	0.000194842108	0.00144668452	0	0	0	0	3
543	273	0.73334276	5.34728898	293.211216	293.212341	293.209361	293.216111	0.000194842108	0.00144668452	0	0	0	0	3
544	273	0.734896533	5.35713665	293.211077	293.212335	293.209361	293.216111	0.000195620879	0.00144668452	0	0	0	0	3
545	273	0.736489704	5.36698433	293.210581	293.212337	293.209361	293.216111	0.000195620879	0.00144668452	0	0	0	0	3
546	274	0.738405822	5.37683201	293.210577	293.212348	293.209361	293.216111	0.000195620879	0.00144668452	0	0	0	0	3
547	274	0.740112718	5.38667969	293.211014	293.212367	293.209794	293.216111	0.000195620879	0.00144668452	0	0	0	0	3
548	275	0.741846565	5.39652736	293.211802	293.212406	293.210385	293.216111	0.000195620879	0.00144668452	0	0	0	0	3
549	275	0.743579998	5.40637504	293.212088	293.21244	293.210385	293.216111	0.000195620879	0.00144668452	0	0	0	0	3
550	276	0.745527791	5.41622272	293.212388	293.212478	293.210385	293.216111	0.000195620879	0.00144668452	0	0	0	0	3
551	276	0.746862951	5.4260704	293.212725	293.212502	293.210385	293.216111	0.000195620879	0.00144668452	0	0	0	0	3
552	277	0.748044674	5.43591808	293.213754	293.212535	293.210385	293.216111	0.000199493728	0.00144668452	0	0	0	0	3
553	277	0.749616498	5.44576575	293.215176	293.212606	293.210385	293.216111	0.00027104705	0.00144668452	0	0	0	0	3
554	278	0.750286515	5.45561343	293.216223	293.212622	293.210385	293.216223	0.000286562972	0.00144668452	0	0	0	0	3
555	278	0.750829832	5.46546111	293.213382	293.21259	293.210385	293.216223	0.000286562972	0.00144668452	0	0	0	0	3
556	279	0.751814373	5.47530879	293.213213	293.212568	293.210385	293.216223	0.000286562972	0.00144668452	0	0	0	0	3
557	279	0.752943175	5.48515646	293.210794	293.212533	293.210385	293.216223	0.000286562972	0.00144668452	0	0	0	0	3
558	280	0.753986161	5.49500414	293.210636	293.212514	293.210385	293.216223	0.000286562972	0.00144668452	0	0	0	0	3
559	280	0.75533648	5.50485182	293.213128	293.212459	293.210385	293.216223	0.000286562972	0.00144668452	0	0	0	0	3
560	281	0.756445002	5.5146995	293.212614	293.212456	293.210385	293.216223	0.000286562972	0.00144668452	0	0	0	0	3
561	282	0.757049445	5.52454717	293.21565	293.212485	293.210385	293.216223	0.000286562972	0.00144668452	0	0	0	0	3
562	282	0.75816797	5.53439485	293.21731	293.212555	293.210385	293.21731	0.000286562972	0.00144668452	0	0	0	0	3
563	283	0.759622695	5.54424253	293.215427	293.212587	293.210385	293.21731	0.000286562972	0.00144668452	0	0	0	0	3
564	283	0.760560349	5.55409021	293.214216	293.212546	293.210385	293.21731	0.000286562972	0.00144668452	0	0	0	0	3
565	284	0.761904486	5.56393789	293.214544	293.212571	293.210385	293.21731	0.000286562972	0.00144668452	0	0	0	0	3
566	284	0.762782722	5.57378556	293.212171	293.21256	293.210385	293.21731	0.000286562972	0.00144668452	0	0	0	0	3
567	285	0.764500327	5.58363324	293.212187	293.212553	293.210385	293.21731	0.000286562972	0.00144668452	0	0	0	0	3
568	285	0.765765716	5.59348092	293.211687	293.212559	293.210385	293.21731	0.000286562972	0.00144668452	0	0	0	0	3
569	286	0.767084696	5.6033286	293.212323	293.212572	293.210385	293.21731	0.000286562972	0.00144668452	0	0	0	0	3
570	286	0.768886643	5.61317627	293.211674	293.212592	293.210385	293.21731	0.000286562972	0.00144668452	0	0	0	0	3
571	286	0.770787991	5.62302395	293.210967	293.212582	293.210385	293.21731	0.000286562972	0.00144668452	0	0	0	0	3
572	287	0.772041509	5.63287163	293.211112	293.212617	293.210577	293.21731	0.000286562972	0.00144668452	0	0	0	0	3
573	287	0.773534585	5.64271931	293.211124	293.212634	293.210577	293.21731	0.000298743828	0.00144668452	0	0	0	0	3
574	288	0.775299474	5.65256698	293.21137	293.212639	293.210577	293.21731	0.000304016412	0.00144668452	0	0	0	0	3
575	288	0.777082809	5.66241466	293.212185	293.212659	293.210577	293.21731	0.000323988136	0.00144668452	0	0	0	0	3
576	289	0.778859931	5.67226234	293.212294	293.212664	293.210577	293.21731	0.000328958095	0.00144668452	0	0	0	0	3
577	289	0.780744304	5.68211002	293.212715	293.212693	293.210577	293.21731	0.000358043848	0.00144668452	0	0	0	0	3
578	290	0.782507896	5.6919577	293.213134	293.212708	293.210577	293.21731	0.000372634647	0.00144668452	0	0	0	0	3
579	290	0.783793878	5.70180537	293.215475	293.212721	293.210577	293.21731	0.000385960431	0.00144668452	0	0	0	0	3
580	291	0.78502574	5.71165305	293.21551	293.212724	293.210577	293.21731	0.000389026449	0.00144668452	0	0	0	0	3
581	291	0.785542298	5.72150073	293.215531	293.212723	293.210577	293.21731	0.000389026449	0.00144668452	0	0	0	0	3
582	292	0.786193574	5.73134841	293.214051	293.212716	293.210577	293.21731	0.000389026449	0.00144668452	0	0	0	0	3
583	292	0.78735997	5.74119608	293.214967	293.212749	293.210577	293.21731	0.000413381592	0.00144668452	0	0	0	0	3
584	293	0.788657708	5.75104376	293.213785	293.212737	293.210577	293.21731	0.000413381592	0.00144668452	0	0	0	0	3
585	294	0.790154617	5.76089144	293.213838	293.212734	293.210577	293.21731	0.000413381592	0.00144668452	0	0	0	0	3
586	294	0.790696594	5.77073912	293.213332	293.212743	293.210577	293.21731	0.000413381592	0.00144668452	0	0	0	0	3
587	295	0.791908042	5.78058679	293.215242	293.212741	293.210577	293.21731	0.000413381592	0.00144668452	0	0	0	0	3
588	295	0.79377858	5.79043447	293.211932	293.212688	293.210577	293.21731	0.000413381592	0.00144668452	0	0	0	0	3
589	296	0.794835456	5.80028215	293.217268	293.212716	293.210577	293.21731	0.000413381592	0.00144668452	0	0	0	0	3
590	296	0.795482967	5.81012983	293.214705	293.212726	293.210577	293.21731	0.000413381592	0.00144668452	0	0	0	0	3
591	297	0.796831669	5.8199775	293.21505	293.212804	293.210577	293.21731	0.000468904919	0.00144668452	0	0	0	0	3
592	297	0.797856065	5.82982518	293.213582	293.212848	293.210577	293.21731	0.000512982202	0.00144668452	0	0	0	0	3
593	297	0.799147146	5.83967286	293.212598	293.212876	293.210577	293.21731	0.00054107628	0.00144668452	0	0	0	0	3
594	298	0.800482623	5.84952054	293.211776	293.212901	293.210577	293.21731	0.000565248519	0.00144668452	0	0	0	0	3
595	298	0.801808185	5.85936822	293.211181	293.212909	293.210577	293.21731	0.000572240992	0.00144668452	0	0	0	0	3
596	299	0.803174257	5.86921589	293.211141	293.212928	293.210577	293.21731	0.000580679461	0.00144668452	0	0	0	0	3
597	299	0.804897951	5.87906357	293.211195	293.212951	293.210636	293.21731	0.000584173314	0.00144668452	0	0	0	0	3
598	300	0.806245149	5.88891125	293.210625	293.212954	293.210625	293.21731	0.00054815363	0.00144668452	0	0	0	0	3
599	300	0.807766118	5.89875893	293.211378	293.212948	293.210625	293.21731	0.00051398406	0.00144668452	0	0	0	0	3
600	300	0.809382055	5.9086066	293.211432	293.212933	293.210625	293.21731	0.000497375518	0.00144668452	0	0	0	0	3
601	301	0.81100163	5.91845428	293.211705	293.212919	293.210625	293.21731	0.000497375518	0.00144668452	0	0	0	0	3
602	302	0.812704321	5.92830196	293.212578	293.212914	293.210625	293.21731	0.000497375518	0.00144668452	0	0	0	0	3
603	302	0.814461208	5.93814964	293.212487	293.212888	293.210625	293.21731	0.000497375518	0.00144668452	0	0	0	0	3
604	303	0.816309263	5.94799731	293.212882	293.212834	293.210625	293.21731	0.000497375518	0.00144668452	0	0	0	0	3
605	303	0.81802227	5.95784499	293.214279	293.212837	293.210625	293.21731	0.000497375518	0.00144668452	0	0	0	0	3
606	304	0.819369217	5.96769267	293.215672	293.212888	293.210625	293.21731	0.000497375518	0.00144668452	0	0	0	0	3
607	304	0.820057953	5.97754035	293.215712	293.212912	293.210625	293.21731	0.000497375518	0.00144668452	0	0	0	0	3
608	305	0.820693211	5.98738803	293.213257	293.21295	293.210625	293.21731	0.000497375518	0.00144668452	0	0	0	0	3
609	305	0.82166706	5.9972357	293.213052	293.212987	293.210625	293.21731	0.000531205494	0.00144668452	0	0	0	0	3
610	306	0.822814785	6.00708338	293.213529	293.212994	293.210625	293.21731	0.000537589528	0.00144668452	0	0	0	0	3
611	307	0.823876836	6.01693106	293.211667	293.212979	293.210625	293.21731	0.000508414849	0.00144668452	0	0	0	0	3
612	307	0.825041913	6.02677874	293.213309	293.212961	293.210625	293.21731	0.000447392537	0.00144668452	0	0	0	0	3
613	308	0.825953834	6.03662641	293.213659	293.212899	293.210625	293.217268	0.000447392537	0.00144668452	0	0	0	0	3
614	308	0.827655948	6.04647409	293.213801	293.212867	293.210625	293.217268	0.000447392537	0.00144668452	0	0	0	0	3
615	309	0.829553719	6.05632177	293.21494	293.212906	293.210625	293.217268	0.000441264575	0.00144668452	0	0	0	0	3
616	309	0.830904598	6.06616945	293.21647	293.212944	293.210625	293.217268	0.000441264575	0.00144668452	0	0	0	0	3
617	310	0.832463857	6.07601712	293.213003	293.212955	293.210625	293.217268	0.000441264575	0.00144668452	0	0	0	0	3
618	310	0.833706027	6.0858648	293.212639	293.212968	293.210625	293.217268	0.000435065961	0.00144668452	0	0	0	0	3
619	311	0.835424834	6.09571248	293.212821	293.212988	293.210625	293.217268	0.000421908677	0.00144668452	0	0	0	0	3
620	311	0.836932823	6.10556016	293.2127	293.212994	293.210625	293.217268	0.000412019299	0.00144668452	0	0	0	0	3
621	312	0.83858084	6.11540784	293.211943	293.213004	293.210625	293.217268	0.000421292925	0.00144668452	0	0	0	0	3
622	312	0.839438443	6.12525551	293.210995	293.213035	293.210625	293.217268	0.000417571007	0.00144668452	0	0	0	0	3
623	313	0.841425532	6.13510319	293.210873	293.213008	293.210625	293.217268	0.000400832426	0.00144668452	0	0	0	0	3
624	313	0.843059277	6.14495087	293.21158	293.213015	293.210625	293.217268	0.000395559842	0.00144668452	0	0	0	0	3
625	313	0.844811515	6.15479855	293.211699	293.213023	293.210625	293.217268	0.000375588118	0.00144668452	0	0	0	0	3
626	314	0.846614354	6.16464622	293.212421	293.213029	293.210625	293.217268	0.00037061816	0.00144668452	0	0	0	0	3
627	314	0.848356637	6.1744939	293.212673	293.213039	293.210625	293.217268	0.000350935146	0.00144668452	0	0	0	0	3
628	315	0.850221194	6.18434158	293.212835	293.213042	293.210625	293.217268	0.00035424954	0.00144668452	0	0	0	0	3
629	315	0.851937466	6.19418926	293.213125	293.213042	293.210625	293.217268	0.00035424954	0.00144668452	0	0	0	0	3
630	316	0.853167283	6.20403693	293.215103	293.213033	293.210625	293.217268	0.00035424954	0.00144668452	0	0	0	0	3
631	316	0.854363972	6.21388461	293.216371	293.213047	293.210625	293.217268	0.00035900896	0.00144668452	0	0	0	0	3
632	317	0.85500636	6.22373229	293.216602	293.213061	293.210625	293.217268	0.000373419018	0.00144668452	0	0	0	0	3
633	318	0.855535432	6.23357997	293.211801	293.213043	293.210625	293.217268	0.000373419018	0.00144668452	0	0	0	0	3
634	318	0.85645789	6.24342764	293.212977	293.213009	293.210625	293.217268	0.000373419018	0.00144668452	0	0	0	0	3
635	319	0.857771209	6.25327532	293.213894	293.213011	293.210625	293.217268	0.000373419018	0.00144668452	0	0	0	0	3
636	319	0.858904214	6.263123	293.212093	293.212978	293.210625	293.217268	0.000373419018	0.00144668452	0	0	0	0	3
637	320	0.860263156	6.27297068	293.213317	293.212982	293.210625	293.217268	0.000373419018	0.00144668452	0	0	0	0	3
638	320	0.861310193	6.28281836	293.212813	293.21294	293.210625	293.217268	0.000373419018	0.00144668452	0	0	0	0	3
639	321	0.862884441	6.29266603	293.213278	293.212975	293.210625	293.217268	0.000345470603	0.00144668452	0	0	0	0	3
640	322	0.864666391	6.30251371	293.21563	293.212978	293.210625	293.216602	0.000335282171	0.00144668452	0	0	0	0	3
641	322	0.865927776	6.31236139	293.215585	293.213009	293.210625	293.216602	0.000257218427	0.00144668452	0	0	0	0	3
642	323	0.86783529	6.32220907	293.214192	293.213002	293.210625	293.216602	0.000227775087	0.00144668452	0	0	0	0	3
643	323	0.868959862	6.33205674	293.212575	293.212987	293.210625	293.216602	0.000227775087	0.00144668452	0	0	0	0	3
644	324	0.870924054	6.34190442	293.212401	293.212978	293.210625	293.216602	0.000227775087	0.00144668452	0	0	0	0	3
645	324	0.872709368	6.3517521	293.212303	293.212983	293.210625	293.216602	0.000227775087	0.00144668452	0	0	0	0	3
646	324	0.874427	6.36159978	293.211291	293.212976	293.210625	293.216602	0.000227775087	0.00144668452	0	0	0	0	3
647	325	0.875827039	6.37144745	293.211892	293.21299	293.210625	293.216602	0.000227775087	0.00144668452	0	0	0	0	3
648	325	0.877250893	6.38129513	293.211419	293.213001	293.210625	293.216602	0.000227775087	0.00144668452	0	0	0	0	3
649	326	0.878759075	6.39114281	293.211459	293.213014	293.210873	293.216602	0.000227775087	0.00144668452	0	0	0	0	3
650	326	0.880391958	6.40099049	293.211724	293.213019	293.210873	293.216602	0.000227775087	0.00144668452	0	0	0	0	3
651	326	0.882187072	6.41083817	293.212674	293.213045	293.210873	293.216602	0.000227775087	0.00144668452	0	0	0	0	3
652	327	0.883893267	6.42068584	293.212721	293.213068	293.210873	293.216602	0.000234039549	0.00144668452	0	0	0	0	3
653	327	0.885701036	6.43053352	293.212959	293.213076	293.210873	293.216602	0.000242786372	0.00144668452	0	0	0	0	3
654	328	0.887293296	6.4403812	293.213857	293.213108	293.210873	293.216602	0.000274064741	0.00144668452	0	0	0	0	3
655	328	0.888509618	6.45022888	293.215879	293.21316	293.210873	293.216602	0.000323518232	0.00144668452	0	0	0	0	3
656	329	0.889551958	6.46007655	293.214389	293.213151	293.210873	293.216602	0.000292903218	0.00144668452	0	0	0	0	3
657	330	0.890280834	6.46992423	293.216911	293.213142	293.210873	293.216911	0.000292903218	0.00144668452	0	0	0	0	3
658	330	0.890959907	6.47977191	293.214378	293.213129	293.210873	293.216911	0.000292903218	0.00144668452	0	0	0	0	3
659	331	0.892010081	6.48961959	293.215057	293.213156	293.210873	293.216911	0.000292903218	0.00144668452	0	0	0	0	3
660	331	0.89333507	6.49946726	293.213498	293.213164	293.210873	293.216911	0.000296661878	0.00144668452	0	0	0	0	3
661	332	0.894916463	6.50931494	293.214118	293.213179	293.210873	293.216911	0.000311784777	0.00144668452	0	0	0	0	3
662	332	0.896408399	6.51916262	293.215483	293.213249	293.210873	293.216911	0.00038131264	0.00144668452	0	0	0	0	3
663	333	0.897797205	6.5290103	293.213553	293.213253	293.210873	293.216911	0.000386140958	0.00144668452	0	0	0	0	3
664	333	0.899082059	6.53885798	293.214962	293.213278	293.210873	293.216911	0.000411115642	0.00144668452	0	0	0	0	3
665	334	0.900813083	6.54870565	293.21461	293.213298	293.210873	293.216911	0.000391780859	0.00144668452	0	0	0	0	3
666	334	0.902103088	6.55855333	293.213636	293.213261	293.210873	293.216911	0.000357627321	0.00144668452	0	0	0	0	3
667	335	0.903518968	6.56840101	293.212031	293.213177	293.210873	293.216911	0.000357627321	0.00144668452	0	0	0	0	3
668	335	0.905035358	6.57824869	293.211488	293.213146	293.210873	293.216911	0.000357627321	0.00144668452	0	0	0	0	3
669	336	0.90644508	6.58809636	293.211782	293.213128	293.210873	293.216911	0.000357627321	0.00144668452	0	0	0	0	3
670	336	0.908333479	6.59794404	293.21121	293.213085	293.210873	293.216911	0.000357627321	0.00144668452	0	0	0	0	3
671	337	0.90969063	6.60779172	293.211002	293.213055	293.210873	293.216911	0.000357627321	0.00144668452	0	0	0	0	3
672	337	0.911477577	6.6176394	293.210852	293.213026	293.210852	293.216911	0.000357627321	0.00144668452	0	0	0	0	3
673	337	0.913098104	6.62748707	293.211117	293.213007	293.210852	293.216911	0.000357627321	0.00144668452	0	0	0	0	3
674	338	0.914747042	6.63733475	293.211634	293.213034	293.210852	293.216911	0.000357627321	0.00144668452	0	0	0	0	3
675	338	0.916557487	6.64718243	293.212339	293.213049	293.210852	293.216911	0.000357627321	0.00144668452	0	0	0	0	3
676	339	0.918372951	6.65703011	293.21257	293.21307	293.210852	293.216911	0.000357627321	0.00144668452	0	0	0	0	3
677	339	0.920323607	6.66687778	293.213001	293.213084	293.210852	293.216911	0.000357627321	0.00144668452	0	0	0	0	3
678	340	0.922082209	6.67672546	293.213172	293.213096	293.210852	293.216911	0.000357627321	0.00144668452	0	0	0	0	3
679	340	0.923341272	6.68657314	293.214701	293.21313	293.210852	293.216911	0.000357627321	0.00144668452	0	0	0	0	3
680	341	0.924817408	6.69642082	293.219069	293.21325	293.210852	293.219069	0.000357627321	0.00144668452	0	0	0	0	3
681	341	0.925093461	6.7062685	293.204657	293.213186	293.204657	293.219069	0.000357627321	0.00144668452	0	0	0	0	3
682	342	0.92567673	6.71611617	293.209996	293.213106	293.204657	293.219069	0.000357627321	0.00144668452	0	0	0	0	3
683	342	0.926875276	6.72596385	293.213415	293.21308	293.204657	293.219069	0.000357627321	0.00144668452	0	0	0	0	3
684	343	0.92787582	6.73581153	293.215283	293.21312	293.204657	293.219069	0.000357627321	0.00144668452	0	0	0	0	3
685	344	0.9292173	6.74565921	293.214219	293.213142	293.204657	293.219069	0.000357627321	0.00144668452	0	0	0	0	3
686	344	0.930440917	6.75550688	293.213535	293.213135	293.204657	293.219069	0.000357627321	0.00144668452	0	0	0	0	3
687	345	0.931741527	6.76535456	293.214649	293.213178	293.204657	293.219069	0.000357627321	0.00144668452	0	0	0	0	3
688	345	0.933215552	6.77520224	293.215648	293.213226	293.204657	293.219069	0.000357627321	0.00144668452	0	0	0	0	3
689	346	0.93468074	6.78504992	293.212546	293.213218	293.204657	293.219069	0.000322647396	0.00144668452	0	0	0	0	3
690	346	0.935765132	6.79489759	293.216824	293.21327	293.204657	293.219069	0.000321770829	0.00144668452	0	0	0	0	3
691	347	0.937340942	6.80474527	293.21376	293.213223	293.204657	293.219069	0.000321770829	0.00144668452	0	0	0	0	3
692	347	0.938476916	6.81459295	293.211427	293.213154	293.204657	293.219069	0.000321770829	0.00144668452	0	0	0	0	3
693	348	0.94011105	6.82444063	293.211417	293.213087	293.204657	293.219069	0.000321770829	0.00144668452	0	0	0	0	3
694	348	0.941949061	6.83428831	293.211286	293.21305	293.204657	293.219069	0.000321770829	0.00144668452	0	0	0	0	3
695	349	0.943401312	6.84413598	293.210855	293.213023	293.204657	293.219069	0.000321770829	0.00144668452	0	0	0	0	3
696	349	0.945179417	6.85398366	293.211107	293.212994	293.204657	293.219069	0.000321770829	0.00144668452	0	0	0	0	3
697	349	0.946383488	6.86383134	293.211331	293.213007	293.204657	293.219069	0.000308165757	0.00144668452	0	0	0	0	3
698	350	0.947977592	6.87367902	293.210709	293.212978	293.204657	293.219069	0.00032010891	0.00144668452	0	0	0	0	3
699	350	0.949713985	6.88352669	293.211369	293.21297	293.204657	293.219069	0.000328033231	0.00144668452	0	0	0	0	3
700	351	0.951516218	6.89337437	293.212166	293.212981	293.204657	293.219069	0.000328033231	0.00144668452	0	0	0	0	3
701	352	0.953322041	6.90322205	293.212278	293.212992	293.204657	293.219069	0.000328033231	0.00144668452	0	0	0	0	3
702	352	0.955216335	6.91306973	293.212643	293.212991	293.204657	293.219069	0.000328033231	0.00144668452	0	0	0	0	3
703	353	0.956779573	6.9229174	293.21307	293.212999	293.204657	293.219069	0.000328033231	0.00144668452	0	0	0	0	3
704	353	0.958098439	6.93276508	293.215072	293.213037	293.204657	293.219069	0.000328033231	0.00144668452	0	0	0	0	3
705	354	0.95928848	6.94261276	293.214717	293.213047	293.204657	293.219069	0.000328033231	0.00144668452	0	0	0	0	3
706	354	0.959961649	6.95246044	293.216963	293.213036	293.204657	293.219069	0.000328033231	0.00144668452	0	0	0	0	3
707	355	0.960514032	6.96230811	293.214441	293.213027	293.204657	293.219069	0.000328033231	0.00144668452	0	0	0	0	3
708	355	0.961398065	6.97215579	293.213887	293.212998	293.204657	293.219069	0.000328033231	0.00144668452	0	0	0	0	3
709	356	0.96261571	6.98200347	293.213648	293.212996	293.204657	293.219069	0.000328033231	0.00144668452	0	0	0	0	3
710	357	0.963792872	6.99185115	293.213419	293.212972	293.204657	293.219069	0.000328033231	0.00144668452	0	0	0	0	3
711	357	0.965345817	7.00169883	293.213997	293.212985	293.204657	293.219069	0.000328033231	0.00144668452	0	0	0	0	3
712	358	0.966940199	7.0115465	293.21366	293.212975	293.204657	293.219069	0.000328033231	0.00144668452	0	0	0	0	3
713	358	0.968665273	7.02139418	293.212664	293.212916	293.204657	293.219069	0.000382080961	0.00144668452	0	0	0	0	3
714	359	0.969935921	7.03124186	293.214674	293.212934	293.204657	293.219069	0.000382080961	0.00144668452	0	0	0	0	3
715	359	0.971062233	7.04108954	293.214318	293.21292	293.204657	293.219069	0.000382080961	0.00144668452	0	0	0	0	3
716	360	0.972985331	7.05093721	293.213459	293.212894	293.204657	293.219069	0.000376533927	0.00144668452	0	0	0	0	3
717	360	0.974642691	7.06078489	293.212412	293.212869	293.204657	293.219069	0.000400736426	0.00144668452	0	0	0	0	3
718	361	0.976156857	7.07063257	293.211841	293.212864	293.204657	293.219069	0.000405836979	0.00144668452	0	0	0	0	3
719	361	0.978096767	7.08048025	293.210975	293.212843	293.204657	293.219069	0.000427439244	0.00144668452	0	0	0	0	3
720	362	0.979358067	7.09032792	293.210971	293.212831	293.204657	293.219069	0.000439323717	0.00144668452	0	0	0	0	3
721	362	0.980983155	7.1001756	293.21066	293.212824	293.204657	293.219069	0.000445763895	0.00144668452	0	0	0	0	3
722	362	0.982560898	7.11002328	293.210909	293.212817	293.204657	293.219069	0.000453291158	0.00144668452	0	0	0	0	3
723	363	0.984219383	7.11987096	293.211156	293.212827	293.204657	293.219069	0.000453291158	0.00144668452	0	0	0	0	3
724	363	0.985915663	7.12971864	293.211709	293.212839	293.204657	293.219069	0.000453291158	0.00144668452	0	0	0	0	3
725	364	0.987688278	7.13956631	293.212259	293.212852	293.204657	293.219069	0.000453291158	0.00144668452	0	0	0	0	3
726	364	0.989578857	7.14941399	293.212335	293.212852	293.204657	293.219069	0.000453291158	0.00144668452	0	0	0	0	3
727	365	0.991319656	7.15926167	293.212939	293.212861	293.204657	293.219069	0.000453291158	0.00144668452	0	0	0	0	3
728	365	0.992891283	7.16910935	293.214402	293.212891	293.204657	293.219069	0.000453291158	0.00144668452	0	0	0	0	3
729	366	0.994016151	7.17895702	293.215874	293.21293	293.204657	293.219069	0.000453291158	0.00144668452	0	0	0	0	3
730	366	0.994678077	7.1888047	293.216334	293.212931	293.204657	293.219069	0.000453291158	0.00144668452	0	0	0	0	3
731	367	0.995247639	7.19865238	293.212947	293.212802	293.204657	293.216963	0.000468107449	0.00144668452	0	0	0	0	3
732	367	0.996489476	7.20850006	293.215806	293.212886	293.209996	293.216963	0.000468107449	0.00144668452	0	0	0	0	3
733	368	0.997606836	7.21834773	293.215698	293.212953	293.21066	293.216963	0.000468107449	0.00144668452	0	0	0	0	3
734	369	0.998829402	7.22819541	293.213156	293.212949	293.21066	293.216963	0.000468107449	0.00144668452	0	0	0	0	3
735	369	1	7.23804309	293.212485	293.212909	293.21066	293.216963	0.000468107449	0.00144668452	0	0	0	0	3
