Iteration	CPUTime	PhysTime	Travels	Value	AvValue	MinValue	MaxValue	Delta	Criteria	PrevAvRefValue	Progress	CriteriaType	CriteriaVarType	CriteriaPercentage
1	3	0.000131502354	0.00984767767	0	0	0	0	0	0	0	0	0	0	3
2	3	0.000257595372	0.0196953553	0	0	0	0	0	0	0	0	0	0	3
3	3	0.000378931684	0.029543033	0	0	0	0	0	0	0	0	0	0	3
4	4	0.000500464265	0.0393907107	0	0	0	0	0	0	0	0	0	0	3
5	4	0.000621916059	0.0492383884	0	0	0	0	0	0	0	0	0	0	3
6	5	0.000830715952	0.059086066	0	0	0	0	0	0	0	0	0	0	3
7	5	0.00108376652	0.0689337437	0	0	0	0	0	0	0	0	0	0	3
8	6	0.00135525329	0.0787814214	0	0	0	0	0	0	0	0	0	0	3
9	6	0.00160593812	0.0886290991	0	0	0	0	0	0	0	0	0	0	3
10	7	0.00186758176	0.0984767767	0	0	0	0	0	0	0	0	0	0	3
11	7	0.00230713793	0.108324454	0	0	0	0	0	0	0	0	0	0	3
12	8	0.00275106709	0.118172132	0	0	0	0	0	0	0	0	0	0	3
13	8	0.00320392172	0.12801981	0	0	0	0	0	0	0	0	0	0	3
14	9	0.00363104146	0.137867487	0	0	0	0	0	0	0	0	0	0	3
15	9	0.00406396259	0.147715165	0	0	0	0	0	0	0	0	0	0	3
16	9	0.00474444515	0.157562843	0	0	0	0	0	0	0	0	0	0	3
17	10	0.0054858863	0.16741052	0	0	0	0	0	0	0	0	0	0	3
18	10	0.00624534277	0.177258198	0	0	0	0	0	0	0	0	0	0	3
19	11	0.00700359657	0.187105876	0	0	0	0	0	0	0	0	0	0	3
20	11	0.00775417977	0.196953553	0	0	0	0	0	0	0	0	0	0	3
21	11	0.00888634463	0.206801231	0	0	0	0	0	0	0	0	0	0	3
22	12	0.0100191277	0.216648909	0	0	0	0	0	0	0	0	0	0	3
23	12	0.0109209033	0.226496586	0	0	0	0	0	0	0	0	0	0	3
24	13	0.0118881298	0.236344264	0	0	0	0	0	0	0	0	0	0	3
25	14	0.012546583	0.246191942	0	0	0	0	0	0	0	0	0	0	3
26	14	0.0134862903	0.25603962	0	0	0	0	0	0	0	0	0	0	3
27	15	0.0144304382	0.265887297	0	0	0	0	0	0	0	0	0	0	3
28	15	0.0154685221	0.275734975	0	0	0	0	0	0	0	0	0	0	3
29	16	0.0164732051	0.285582653	0	0	0	0	0	0	0	0	0	0	3
30	16	0.0169565982	0.29543033	0	0	0	0	0	0	0	0	0	0	3
31	17	0.017834805	0.305278008	0	0	0	0	0	0	0	0	0	0	3
32	18	0.0187314091	0.315125686	0	0	0	0	0	0	0	0	0	0	3
33	18	0.0198895562	0.324973363	0	0	0	0	0	0	0	0	0	0	3
34	19	0.0204331663	0.334821041	0	0	0	0	0	0	0	0	0	0	3
35	19	0.0215084875	0.344668719	0	0	0	0	0	0	0	0	0	0	3
36	20	0.0229972817	0.354516396	0	0	0	0	0	0	0	0	0	0	3
37	20	0.0237111729	0.364364074	0	0	0	0	0	0	0	0	0	0	3
38	21	0.0251657632	0.374211752	0	0	0	0	0	0	0	0	0	0	3
39	21	0.0262251554	0.384059429	0	0	0	0	0	0	0	0	0	0	3
40	22	0.0279140349	0.393907107	0	0	0	0	0	0	0	0	0	0	3
41	22	0.0293534275	0.403754785	0	0	0	0	0	0	0	0	0	0	3
42	23	0.0301658361	0.413602462	0	0	0	0	0	0	0	0	0	0	3
43	23	0.031982843	0.42345014	0	0	0	0	0	0	0	0	0	0	3
44	24	0.0331653729	0.433297818	0	0	0	0	0	0	0	0	0	0	3
45	24	0.0352628108	0.443145495	0	0	0	0	0	0	0	0	0	0	3
46	25	0.0366184383	0.452993173	0	0	0	0	0	0	0	0	0	0	3
47	25	0.0383364505	0.462840851	0	0	0	0	0	0	0	0	0	0	3
48	25	0.040020347	0.472688528	0	0	0	0	0	0	0	0	0	0	3
49	26	0.041726882	0.482536206	0	0	0	0	0	0	0	0	0	0	3
50	26	0.0434815511	0.492383884	0	0	0	0	0	0	0	0	0	0	3
51	27	0.0453433147	0.502231561	0	0	0	0	0	0	0	0	0	0	3
52	27	0.047347333	0.512079239	0	0	0	0	0	0	0	0	0	0	3
53	28	0.0491703998	0.521926917	0	0	0	0	0	0	0	0	0	0	3
54	28	0.0504527906	0.531774594	0	0	0	0	0	0	0	0	0	0	3
55	29	0.051819227	0.541622272	0	0	0	0	0	0	0	0	0	0	3
56	29	0.0524970354	0.55146995	0	0	0	0	0	0	0	0	0	0	3
57	30	0.0530630387	0.561317627	0	0	0	0	0	0	0	0	0	0	3
58	30	0.0539952069	0.571165305	0	0	0	0	0	0	0	0	0	0	3
59	31	0.0552274663	0.581012983	0	0	0	0	0	0	0	0	0	0	3
60	31	0.0563844045	0.59086066	0	0	0	0	0	0	0	0	0	0	3
61	32	0.0575384304	0.600708338	0	0	0	0	0	0	0	0	0	0	3
62	32	0.0589036472	0.610556016	0	0	0	0	0	0	0	0	0	0	3
63	33	0.0600592237	0.620403693	0	0	0	0	0	0	0	0	0	0	3
64	33	0.061801288	0.630251371	0	0	0	0	0	0	0	0	0	0	3
65	34	0.0631388376	0.640099049	0	0	0	0	0	0	0	0	0	0	3
66	34	0.064969106	0.649946726	0	0	0	0	0	0	0	0	0	0	3
67	35	0.0667540196	0.659794404	0	0	0	0	0	0	0	0	0	0	3
68	35	0.0681193955	0.669642082	0	0	0	0	0	0	0	0	0	0	3
69	36	0.0700059636	0.679489759	0	0	0	0	0	0	0	0	0	0	3
70	36	0.0718390145	0.689337437	0	0	0	0	0	0	0	0	0	0	3
71	36	0.0731457443	0.699185115	0	0	0	0	0	0	0	0	0	0	3
72	37	0.0751758168	0.709032792	0	0	0	0	0	0	0	0	0	0	3
73	37	0.0770295563	0.71888047	0	0	0	0	0	0	0	0	0	0	3
74	38	0.0788807909	0.728728148	0	0	0	0	0	0	0	0	0	0	3
75	38	0.0806487789	0.738575825	0	0	0	0	0	0	0	0	0	0	3
76	39	0.0825332256	0.748423503	0	0	0	0	0	0	0	0	0	0	3
77	39	0.0838568414	0.758271181	0	0	0	0	0	0	0	0	0	0	3
78	40	0.0852192201	0.768118859	0	0	0	0	0	0	0	0	0	0	3
79	40	0.0863258078	0.777966536	0	0	0	0	0	0	0	0	0	0	3
80	41	0.0869122177	0.787814214	0	0	0	0	0	0	0	0	0	0	3
81	41	0.0874589805	0.797661892	0	0	0	0	0	0	0	0	0	0	3
82	42	0.0881264588	0.807509569	0	0	0	0	0	0	0	0	0	0	3
83	42	0.0893139102	0.817357247	0	0	0	0	0	0	0	0	0	0	3
84	43	0.0905421364	0.827204925	0	0	0	0	0	0	0	0	0	0	3
85	44	0.0916886194	0.837052602	0	0	0	0	0	0	0	0	0	0	3
86	44	0.0927136717	0.84690028	0	0	0	0	0	0	0	0	0	0	3
87	45	0.0939381376	0.856747958	0	0	0	0	0	0	0	0	0	0	3
88	45	0.0952389638	0.866595635	0	0	0	0	0	0	0	0	0	0	3
89	46	0.0968284336	0.876443313	0	0	0	0	0	0	0	0	0	0	3
90	46	0.0981208039	0.886290991	0	0	0	0	0	0	0	0	0	0	3
91	47	0.0998500706	0.896138668	0	0	0	0	0	0	0	0	0	0	3
92	47	0.100925156	0.905986346	0	0	0	0	0	0	0	0	0	0	3
93	48	0.102077917	0.915834024	0	0	0	0	0	0	0	0	0	0	3
94	48	0.104046229	0.925681701	0	0	0	0	0	0	0	0	0	0	3
95	48	0.105415566	0.935529379	0	0	0	0	0	0	0	0	0	0	3
96	49	0.106091941	0.945377057	0	0	0	0	0	0	0	0	0	0	3
97	49	0.108064789	0.955224734	0	0	0	0	0	0	0	0	0	0	3
98	50	0.109759151	0.965072412	0	0	0	0	0	0	0	0	0	0	3
99	50	0.111335876	0.97492009	0	0	0	0	0	0	0	0	0	0	3
100	51	0.113020039	0.984767767	0	0	0	0	0	0	0	0	0	0	3
101	52	0.114846764	0.994615445	0	0	0	0	0	0	0	0	0	0	3
102	52	0.116698946	1.00446312	0	0	0	0	0	5e-06	0	0	0	0	3
103	52	0.118556583	1.0143108	0	0	0	0	0	5e-06	0	0	0	0	3
104	53	0.120247423	1.02415848	0	0	0	0	0	5e-06	0	0	0	0	3
105	53	0.121744859	1.03400616	0	0	0	0	0	5e-06	0	0	0	0	3
106	54	0.122180672	1.04385383	0	0	0	0	0	5e-06	0	0	0	0	3
107	55	0.12288972	1.05370151	0	0	0	0	0	5e-06	0	0	0	0	3
108	55	0.124046178	1.06354919	0	0	0	0	0	5e-06	0	0	0	0	3
109	56	0.125327319	1.07339687	0	0	0	0	0	5e-06	0	0	0	0	3
110	56	0.126612643	1.08324454	0	0	0	0	0	5e-06	0	0	0	0	3
111	57	0.127594057	1.09309222	0	0	0	0	0	5e-06	0	0	0	0	3
112	58	0.128667404	1.1029399	0	0	0	0	0	5e-06	0	0	0	0	3
113	58	0.129472512	1.11278758	0	0	0	0	0	5e-06	0	0	0	0	3
114	59	0.130304216	1.12263525	0	0	0	0	0	5e-06	0	0	0	0	3
115	59	0.13140465	1.13248293	0	0	0	0	0	5e-06	0	0	0	0	3
116	60	0.132186313	1.14233061	0	0	0	0	0	5e-06	0	0	0	0	3
117	60	0.133520981	1.15217829	0	0	0	0	0	5e-06	0	0	0	0	3
118	60	0.135173676	1.16202597	0	0	0	0	0	5e-06	0	0	0	0	3
119	61	0.136485982	1.17187364	0	0	0	0	0	5e-06	0	0	0	0	3
120	61	0.137735622	1.18172132	0	0	0	0	0	5e-06	0	0	0	0	3
121	62	0.138783743	1.191569	0	0	0	0	0	5e-06	0	0	0	0	3
122	62	0.140496226	1.20141668	0	0	0	0	0	5e-06	0	0	0	0	3
123	63	0.142014563	1.21126435	0	0	0	0	0	5e-06	0	0	0	0	3
124	63	0.143698662	1.22111203	0	0	0	0	0	5e-06	0	0	0	0	3
125	64	0.145295994	1.23095971	0	0	0	0	0	5e-06	0	0	0	0	3
126	64	0.147139407	1.24080739	0	0	0	0	0	5e-06	0	0	0	0	3
127	64	0.149160531	1.25065506	0	0	0	0	0	5e-06	0	0	0	0	3
128	65	0.150850297	1.26050274	0	0	0	0	0	5e-06	0	0	0	0	3
129	65	0.152773835	1.27035042	0	0	0	0	0	5e-06	0	0	0	0	3
130	66	0.15466823	1.2801981	0	0	0	0	0	5e-06	0	0	0	0	3
131	66	0.156109139	1.29004578	0	0	0	0	0	5e-06	0	0	0	0	3
132	67	0.156953015	1.29989345	0	0	0	0	0	5e-06	0	0	0	0	3
133	67	0.157549037	1.30974113	0	0	0	0	0	5e-06	0	0	0	0	3
134	68	0.158515961	1.31958881	0	0	0	0	0	5e-06	0	0	0	0	3
135	69	0.159648835	1.32943649	0	0	0	0	0	5e-06	0	0	0	0	3
136	69	0.160870262	1.33928416	0	0	0	0	0	5e-06	0	0	0	0	3
137	70	0.161610448	1.34913184	0	0	0	0	0	5e-06	0	0	0	0	3
138	70	0.162473183	1.35897952	0	0	0	0	0	5e-06	0	0	0	0	3
139	71	0.163967378	1.3688272	0	0	0	0	0	5e-06	0	0	0	0	3
140	71	0.165028567	1.37867487	0	0	0	0	0	5e-06	0	0	0	0	3
141	72	0.167202193	1.38852255	0	0	0	0	0	5e-06	0	0	0	0	3
142	72	0.168474817	1.39837023	0	0	0	0	0	5e-06	0	0	0	0	3
143	73	0.16966077	1.40821791	0	0	0	0	0	5e-06	0	0	0	0	3
144	73	0.171500431	1.41806558	0	0	0	0	0	5e-06	0	0	0	0	3
145	74	0.172507657	1.42791326	0	0	0	0	0	5e-06	0	0	0	0	3
146	74	0.174063771	1.43776094	0	0	0	0	0	5e-06	0	0	0	0	3
147	75	0.175548717	1.44760862	0	0	0	0	0	5e-06	0	0	0	0	3
148	75	0.177644412	1.4574563	0	0	0	0	0	5e-06	0	0	0	0	3
149	75	0.179087885	1.46730397	0	0	0	0	0	5e-06	0	0	0	0	3
150	76	0.18066244	1.47715165	0	0	0	0	0	5e-06	0	0	0	0	3
151	76	0.182293023	1.48699933	0	0	0	0	0	5e-06	0	0	0	0	3
152	77	0.184099255	1.49684701	0	0	0	0	0	5e-06	0	0	0	0	3
153	77	0.185871799	1.50669468	0	0	0	0	0	5e-06	0	0	0	0	3
154	78	0.187815162	1.51654236	0	0	0	0	0	5e-06	0	0	0	0	3
155	78	0.189598784	1.52639004	0	0	0	0	0	5e-06	0	0	0	0	3
156	79	0.191019875	1.53623772	0	0	0	0	0	5e-06	0	0	0	0	3
157	79	0.191830963	1.54608539	0	0	0	0	0	5e-06	0	0	0	0	3
158	80	0.192433823	1.55593307	0	0	0	0	0	5e-06	0	0	0	0	3
159	80	0.193388129	1.56578075	0	0	0	0	0	5e-06	0	0	0	0	3
160	81	0.194430792	1.57562843	0	0	0	0	0	5e-06	0	0	0	0	3
161	82	0.195410841	1.58547611	0	0	0	0	0	5e-06	0	0	0	0	3
162	82	0.196887546	1.59532378	0	0	0	0	0	5e-06	0	0	0	0	3
163	83	0.197761906	1.60517146	0	0	0	0	0	5e-06	0	0	0	0	3
164	83	0.199179828	1.61501914	0	0	0	0	0	5e-06	0	0	0	0	3
165	84	0.200525766	1.62486682	0	0	0	0	0	5e-06	0	0	0	0	3
166	84	0.202080636	1.63471449	0	0	0	0	0	5e-06	0	0	0	0	3
167	85	0.203435303	1.64456217	0	0	0	0	0	5e-06	0	0	0	0	3
168	85	0.205196992	1.65440985	0	0	0	0	0	5e-06	0	0	0	0	3
169	86	0.206883394	1.66425753	0	0	0	0	0	5e-06	0	0	0	0	3
170	86	0.208163239	1.6741052	0	0	0	0	0	5e-06	0	0	0	0	3
171	86	0.209779498	1.68395288	0	0	0	0	0	5e-06	0	0	0	0	3
172	87	0.211401182	1.69380056	0	0	0	0	0	5e-06	0	0	0	0	3
173	87	0.213058181	1.70364824	0	0	0	0	0	5e-06	0	0	0	0	3
174	88	0.214808897	1.71349592	0	0	0	0	0	5e-06	0	0	0	0	3
175	88	0.216514273	1.72334359	0	0	0	0	0	5e-06	0	0	0	0	3
176	88	0.218252684	1.73319127	0	0	0	0	0	5e-06	0	0	0	0	3
177	89	0.220026652	1.74303895	0	0	0	0	0	5e-06	0	0	0	0	3
178	89	0.221738261	1.75288663	0	0	0	0	0	5e-06	0	0	0	0	3
179	90	0.222560878	1.7627343	0	0	0	0	0	5e-06	0	0	0	0	3
180	90	0.223559522	1.77258198	0	0	0	0	0	5e-06	0	0	0	0	3
181	91	0.22508849	1.78242966	0	0	0	0	0	5e-06	0	0	0	0	3
182	92	0.226179238	1.79227734	0	0	0	0	0	5e-06	0	0	0	0	3
183	92	0.226909727	1.80212501	0	0	0	0	0	5e-06	0	0	0	0	3
184	93	0.227553022	1.81197269	0	0	0	0	0	5e-06	0	0	0	0	3
185	93	0.228670772	1.82182037	0	0	0	0	0	5e-06	0	0	0	0	3
186	94	0.229944154	1.83166805	0	0	0	0	0	5e-06	0	0	0	0	3
187	94	0.231152158	1.84151572	0	0	0	0	0	5e-06	0	0	0	0	3
188	95	0.232269871	1.8513634	0	0	0	0	0	5e-06	0	0	0	0	3
189	95	0.233651294	1.86121108	0	0	0	0	0	5e-06	0	0	0	0	3
190	96	0.235271576	1.87105876	0	0	0	0	0	5e-06	0	0	0	0	3
191	96	0.236678747	1.88090644	0	0	0	0	0	5e-06	0	0	0	0	3
192	97	0.238231518	1.89075411	0	0	0	0	0	5e-06	0	0	0	0	3
193	97	0.239654832	1.90060179	0	0	0	0	0	5e-06	0	0	0	0	3
194	98	0.24143405	1.91044947	0	0	0	0	0	5e-06	0	0	0	0	3
195	98	0.243189489	1.92029715	0	0	0	0	0	5e-06	0	0	0	0	3
196	99	0.24471457	1.93014482	0	0	0	0	0	5e-06	0	0	0	0	3
197	99	0.246515454	1.9399925	0	0	0	0	0	5e-06	0	0	0	0	3
198	99	0.247940994	1.94984018	0	0	0	0	0	5e-06	0	0	0	0	3
199	100	0.249627969	1.95968786	0	0	0	0	0	5e-06	0	0	0	0	3
200	100	0.251355147	1.96953553	0	0	0	0	0	5e-06	0	0	0	0	3
201	101	0.25314788	1.97938321	0	0	0	0	0	5e-06	0	0	0	0	3
202	102	0.254918919	1.98923089	0	0	0	0	0	5e-06	0	0	0	0	3
203	102	0.256848509	1.99907857	0	0	0	0	0	5e-06	0	0	0	0	3
204	103	0.258280312	2.00892625	0	0	0	0	0	5e-06	0	0	0	0	3
205	103	0.259549305	2.01877392	0	0	0	0	0	5e-06	0	0	0	0	3
206	104	0.260978545	2.0286216	0	0	0	0	0	5e-06	0	0	0	0	3
207	104	0.261694461	2.03846928	0	0	0	0	0	5e-06	0	0	0	0	3
208	105	0.262265337	2.04831696	0	0	0	0	0	5e-06	0	0	0	0	3
209	105	0.263311539	2.05816463	0	0	0	0	0	5e-06	0	0	0	0	3
210	106	0.264409853	2.06801231	0	0	0	0	0	5e-06	0	0	0	0	3
211	106	0.265346472	2.07785999	0	0	0	0	0	5e-06	0	0	0	0	3
212	107	0.266770642	2.08770767	0	0	0	0	0	5e-06	0	0	0	0	3
213	108	0.268152473	2.09755534	0	0	0	0	0	5e-06	0	0	0	0	3
214	108	0.2691009	2.10740302	0	0	0	0	0	5e-06	0	0	0	0	3
215	108	0.270794934	2.1172507	0	0	0	0	0	5e-06	0	0	0	0	3
216	109	0.272295217	2.12709838	0	0	0	0	0	5e-06	0	0	0	0	3
217	109	0.273819096	2.13694606	0	0	0	0	0	5e-06	0	0	0	0	3
218	110	0.275098931	2.14679373	0	0	0	0	0	5e-06	0	0	0	0	3
219	110	0.276807962	2.15664141	0	0	0	0	0	5e-06	0	0	0	0	3
220	111	0.278275834	2.16648909	0	0	0	0	0	5e-06	0	0	0	0	3
221	111	0.280319872	2.17633677	0	0	0	0	0	5e-06	0	0	0	0	3
222	111	0.281539272	2.18618444	0	0	0	0	0	5e-06	0	0	0	0	3
223	112	0.283140957	2.19603212	0	0	0	0	0	5e-06	0	0	0	0	3
224	112	0.284895051	2.2058798	0	0	0	0	0	5e-06	0	0	0	0	3
225	113	0.286625937	2.21572748	0	0	0	0	0	5e-06	0	0	0	0	3
226	113	0.288528367	2.22557515	0	0	0	0	0	5e-06	0	0	0	0	3
227	113	0.290370321	2.23542283	0	0	0	0	0	5e-06	0	0	0	0	3
228	114	0.292284008	2.24527051	0	0	0	0	0	5e-06	0	0	0	0	3
229	114	0.294004821	2.25511819	0	0	0	0	0	5e-06	0	0	0	0	3
230	115	0.29526774	2.26496586	0	0	0	0	0	5e-06	0	0	0	0	3
231	116	0.296302021	2.27481354	0	0	0	0	0	5e-06	0	0	0	0	3
232	116	0.296858392	2.28466122	0	0	0	0	0	5e-06	0	0	0	0	3
233	117	0.297503358	2.2945089	0	0	0	0	0	5e-06	0	0	0	0	3
234	117	0.298571765	2.30435658	0	0	0	0	0	5e-06	0	0	0	0	3
235	118	0.299851805	2.31420425	0	0	0	0	0	5e-06	0	0	0	0	3
236	119	0.30110747	2.32405193	0	0	0	0	0	5e-06	0	0	0	0	3
237	119	0.302385864	2.33389961	0	0	0	0	0	5e-06	0	0	0	0	3
238	120	0.303703849	2.34374729	0	0	0	0	0	5e-06	0	0	0	0	3
239	120	0.305468548	2.35359496	0	0	0	0	0	5e-06	0	0	0	0	3
240	121	0.306949287	2.36344264	0	0	0	0	0	5e-06	0	0	0	0	3
241	121	0.308437941	2.37329032	0	0	0	0	0	5e-06	0	0	0	0	3
242	122	0.30991155	2.383138	0	0	0	0	0	5e-06	0	0	0	0	3
243	122	0.311408198	2.39298567	0	0	0	0	0	5e-06	0	0	0	0	3
244	122	0.313229359	2.40283335	0	0	0	0	0	5e-06	0	0	0	0	3
245	123	0.314972364	2.41268103	0	0	0	0	0	5e-06	0	0	0	0	3
246	123	0.316557617	2.42252871	0	0	0	0	0	5e-06	0	0	0	0	3
247	124	0.317996732	2.43237639	0	0	0	0	0	5e-06	0	0	0	0	3
248	124	0.319851606	2.44222406	0	0	0	0	0	5e-06	0	0	0	0	3
249	125	0.321722755	2.45207174	0	0	0	0	0	5e-06	0	0	0	0	3
250	125	0.323630374	2.46191942	0	0	0	0	0	5e-06	0	0	0	0	3
251	125	0.32544673	2.4717671	0	0	0	0	0	5e-06	0	0	0	0	3
252	126	0.326833916	2.48161477	0	0	0	0	0	5e-06	0	0	0	0	3
253	126	0.328343677	2.49146245	0	0	0	0	0	5e-06	0	0	0	0	3
254	127	0.329619933	2.50131013	0	0	0	0	0	5e-06	0	0	0	0	3
255	128	0.330873691	2.51115781	0	0	0	0	0	5e-06	0	0	0	0	3
256	128	0.331546199	2.52100548	0	0	0	0	0	5e-06	0	0	0	0	3
257	129	0.332131567	2.53085316	0	0	0	0	0	5e-06	0	0	0	0	3
258	129	0.333237925	2.54070084	0	0	0	0	0	5e-06	0	0	0	0	3
259	130	0.334464853	2.55054852	0	0	0	0	0	5e-06	0	0	0	0	3
260	131	0.335652491	2.5603962	0	0	0	0	0	5e-06	0	0	0	0	3
261	131	0.336894212	2.57024387	0	0	0	0	0	5e-06	0	0	0	0	3
262	132	0.338492582	2.58009155	0	0	0	0	0	5e-06	0	0	0	0	3
263	132	0.339884968	2.58993923	0	0	0	0	0	5e-06	0	0	0	0	3
264	133	0.341217979	2.59978691	0	0	0	0	0	5e-06	0	0	0	0	3
265	133	0.341634631	2.60963458	0	0	0	0	0	5e-06	0	0	0	0	3
266	134	0.343264047	2.61948226	0	0	0	0	0	5e-06	0	0	0	0	3
267	134	0.344181753	2.62932994	0	0	0	0	0	5e-06	0	0	0	0	3
268	134	0.346017747	2.63917762	0	0	0	0	0	5e-06	0	0	0	0	3
269	135	0.347060308	2.64902529	0	0	0	0	0	5e-06	0	0	0	0	3
270	135	0.348283155	2.65887297	0	0	0	0	0	5e-06	0	0	0	0	3
271	136	0.349820808	2.66872065	0	0	0	0	0	5e-06	0	0	0	0	3
272	136	0.351658141	2.67856833	0	0	0	0	0	5e-06	0	0	0	0	3
273	137	0.353028319	2.688416	0	0	0	0	0	5e-06	0	0	0	0	3
274	137	0.354431129	2.69826368	0	0	0	0	0	5e-06	0	0	0	0	3
275	138	0.356026962	2.70811136	0	0	0	0	0	5e-06	0	0	0	0	3
276	138	0.357686031	2.71795904	0	0	0	0	0	5e-06	0	0	0	0	3
277	138	0.359461638	2.72780672	0	0	0	0	0	5e-06	0	0	0	0	3
278	139	0.361404451	2.73765439	0	0	0	0	0	5e-06	0	0	0	0	3
279	139	0.36307825	2.74750207	0	0	0	0	0	5e-06	0	0	0	0	3
280	140	0.364502514	2.75734975	0	0	0	0	0	5e-06	0	0	0	0	3
281	140	0.365487626	2.76719743	0	0	0	0	0	5e-06	0	0	0	0	3
282	141	0.366301831	2.7770451	0	0	0	0	0	5e-06	0	0	0	0	3
283	142	0.366857279	2.78689278	0	0	0	0	0	5e-06	0	0	0	0	3
284	142	0.367853504	2.79674046	0	0	0	0	0	5e-06	0	0	0	0	3
285	143	0.369032477	2.80658814	0	0	0	0	0	5e-06	0	0	0	0	3
286	144	0.369885543	2.81643581	0	0	0	0	0	5e-06	0	0	0	0	3
287	144	0.371217421	2.82628349	0	0	0	0	0	5e-06	0	0	0	0	3
288	145	0.372315653	2.83613117	0	0	0	0	0	5e-06	0	0	0	0	3
289	145	0.373964398	2.84597885	0	0	0	0	0	5e-06	0	0	0	0	3
290	146	0.37500241	2.85582653	0	0	0	0	0	5e-06	0	0	0	0	3
291	146	0.37640854	2.8656742	0	0	0	0	0	5e-06	0	0	0	0	3
292	147	0.377451372	2.87552188	0	0	0	0	0	5e-06	0	0	0	0	3
293	147	0.379119824	2.88536956	0	0	0	0	0	5e-06	0	0	0	0	3
294	148	0.380755061	2.89521724	0	0	0	0	0	5e-06	0	0	0	0	3
295	148	0.382292706	2.90506491	0	0	0	0	0	5e-06	0	0	0	0	3
296	148	0.38419054	2.91491259	0	0	0	0	0	5e-06	0	0	0	0	3
297	149	0.38569892	2.92476027	0	0	0	0	0	5e-06	0	0	0	0	3
298	149	0.387196702	2.93460795	0	0	0	0	0	5e-06	0	0	0	0	3
299	150	0.38897118	2.94445562	0	0	0	0	0	5e-06	0	0	0	0	3
300	150	0.390559946	2.9543033	0	0	0	0	0	5e-06	0	0	0	0	3
301	151	0.392192204	2.96415098	0	0	0	0	0	5e-06	0	0	0	0	3
302	151	0.39393485	2.97399866	0	0	0	0	0	5e-06	0	0	0	0	3
303	152	0.395758408	2.98384633	0	0	0	0	0	5e-06	0	0	0	0	3
304	152	0.397369782	2.99369401	0	0	0	0	0	5e-06	0	0	0	0	3
305	153	0.399083659	3.00354169	0	0	0	0	0	5e-06	0	0	0	0	3
306	153	0.400489612	3.01338937	0	0	0	0	0	5e-06	0	0	0	0	3
307	154	0.40124958	3.02323705	0	0	0	0	0	5e-06	0	0	0	0	3
308	154	0.401841628	3.03308472	0	0	0	0	0	5e-06	0	0	0	0	3
309	155	0.402801054	3.0429324	0	0	0	0	0	5e-06	0	0	0	0	3
310	156	0.403894722	3.05278008	0	0	0	0	0	5e-06	0	0	0	0	3
311	156	0.404959066	3.06262776	0	0	0	0	0	5e-06	0	0	0	0	3
312	157	0.406183033	3.07247543	0	0	0	0	0	5e-06	0	0	0	0	3
313	157	0.407434144	3.08232311	0	0	0	0	0	5e-06	0	0	0	0	3
314	158	0.408571358	3.09217079	0	0	0	0	0	5e-06	0	0	0	0	3
315	158	0.409848938	3.10201847	0	0	0	0	0	5e-06	0	0	0	0	3
316	159	0.41118006	3.11186614	0	0	0	0	0	5e-06	0	0	0	0	3
317	159	0.412468998	3.12171382	0	0	0	0	0	5e-06	0	0	0	0	3
318	160	0.413656217	3.1315615	0	0	0	0	0	5e-06	0	0	0	0	3
319	160	0.415412057	3.14140918	0	0	0	0	0	5e-06	0	0	0	0	3
320	161	0.416510811	3.15125686	0	0	0	0	0	5e-06	0	0	0	0	3
321	161	0.417794212	3.16110453	0	0	0	0	0	5e-06	0	0	0	0	3
322	162	0.419526222	3.17095221	0	0	0	0	0	5e-06	0	0	0	0	3
323	162	0.421070262	3.18079989	0	0	0	0	0	5e-06	0	0	0	0	3
324	162	0.422328444	3.19064757	0	0	0	0	0	5e-06	0	0	0	0	3
325	163	0.423898432	3.20049524	0	0	0	0	0	5e-06	0	0	0	0	3
326	163	0.425507457	3.21034292	0	0	0	0	0	5e-06	0	0	0	0	3
327	164	0.427209565	3.2201906	0	0	0	0	0	5e-06	0	0	0	0	3
328	164	0.42900256	3.23003828	0	0	0	0	0	5e-06	0	0	0	0	3
329	164	0.430824322	3.23988595	0	0	0	0	0	5e-06	0	0	0	0	3
330	165	0.432643448	3.24973363	0	0	0	0	0	5e-06	0	0	0	0	3
331	165	0.434386761	3.25958131	0	0	0	0	0	5e-06	0	0	0	0	3
332	166	0.435877201	3.26942899	0	0	0	0	0	5e-06	0	0	0	0	3
333	167	0.436587032	3.27927667	0	0	0	0	0	5e-06	0	0	0	0	3
334	167	0.437268057	3.28912434	0	0	0	0	0	5e-06	0	0	0	0	3
335	168	0.438440029	3.29897202	0	0	0	0	0	5e-06	0	0	0	0	3
336	168	0.439576956	3.3088197	0	0	0	0	0	5e-06	0	0	0	0	3
337	169	0.440962749	3.31866738	0	0	0	0	0	5e-06	0	0	0	0	3
338	169	0.442352571	3.32851505	0	0	0	0	0	5e-06	0	0	0	0	3
339	170	0.443510764	3.33836273	0	0	0	0	0	5e-06	0	0	0	0	3
340	170	0.445177721	3.34821041	0	0	0	0	0	5e-06	0	0	0	0	3
341	171	0.446925451	3.35805809	0	0	0	0	0	5e-06	0	0	0	0	3
342	171	0.448073144	3.36790576	0	0	0	0	0	5e-06	0	0	0	0	3
343	172	0.44938588	3.37775344	0	0	0	0	0	5e-06	0	0	0	0	3
344	172	0.450799706	3.38760112	0	0	0	0	0	5e-06	0	0	0	0	3
345	173	0.452576476	3.3974488	0	0	0	0	0	5e-06	0	0	0	0	3
346	173	0.454287121	3.40729647	0	0	0	0	0	5e-06	0	0	0	0	3
347	173	0.455655789	3.41714415	0	0	0	0	0	5e-06	0	0	0	0	3
348	174	0.457561312	3.42699183	0	0	0	0	0	5e-06	0	0	0	0	3
349	174	0.459505856	3.43683951	0	0	0	0	0	5e-06	0	0	0	0	3
350	175	0.461330925	3.44668719	0	0	0	0	0	5e-06	0	0	0	0	3
351	175	0.463244814	3.45653486	0	0	0	0	0	5e-06	0	0	0	0	3
352	176	0.465041832	3.46638254	0	0	0	0	0	5e-06	0	0	0	0	3
353	176	0.466945586	3.47623022	0	0	0	0	0	5e-06	0	0	0	0	3
354	177	0.468681172	3.4860779	0	0	0	0	0	5e-06	0	0	0	0	3
355	177	0.469961372	3.49592557	0	0	0	0	0	5e-06	0	0	0	0	3
356	178	0.471155716	3.50577325	0	0	0	0	0	5e-06	0	0	0	0	3
357	178	0.471708465	3.51562093	0	0	0	0	0	5e-06	0	0	0	0	3
358	179	0.472594485	3.52546861	0	0	0	0	0	5e-06	0	0	0	0	3
359	180	0.473632015	3.53531628	0	0	0	0	0	5e-06	0	0	0	0	3
360	180	0.474801465	3.54516396	0	0	0	0	0	5e-06	0	0	0	0	3
361	181	0.476283446	3.55501164	0	0	0	0	0	5e-06	0	0	0	0	3
362	181	0.477738385	3.56485932	0	0	0	0	0	5e-06	0	0	0	0	3
363	182	0.478821669	3.574707	0	0	0	0	0	5e-06	0	0	0	0	3
364	183	0.480686854	3.58455467	0	0	0	0	0	5e-06	0	0	0	0	3
365	183	0.481833293	3.59440235	0	0	0	0	0	5e-06	0	0	0	0	3
366	184	0.483233686	3.60425003	0	0	0	0	0	5e-06	0	0	0	0	3
367	184	0.484619881	3.61409771	0	0	0	0	0	5e-06	0	0	0	0	3
368	185	0.485838626	3.62394538	0	0	0	0	0	5e-06	0	0	0	0	3
369	185	0.487562971	3.63379306	0	0	0	0	0	5e-06	0	0	0	0	3
370	186	0.489104533	3.64364074	0	0	0	0	0	5e-06	0	0	0	0	3
371	186	0.491247113	3.65348842	0	0	0	0	0	5e-06	0	0	0	0	3
372	186	0.492217011	3.66333609	0	0	0	0	0	5e-06	0	0	0	0	3
373	187	0.493819942	3.67318377	0	0	0	0	0	5e-06	0	0	0	0	3
374	187	0.495498953	3.68303145	0	0	0	0	0	5e-06	0	0	0	0	3
375	188	0.497223245	3.69287913	0	0	0	0	0	5e-06	0	0	0	0	3
376	188	0.499025816	3.70272681	0	0	0	0	0	5e-06	0	0	0	0	3
377	188	0.500920362	3.71257448	0	0	0	0	0	5e-06	0	0	0	0	3
378	189	0.502665959	3.72242216	0	0	0	0	0	5e-06	0	0	0	0	3
379	190	0.504154038	3.73226984	0	0	0	0	0	5e-06	0	0	0	0	3
380	190	0.505392084	3.74211752	0	0	0	0	0	5e-06	0	0	0	0	3
381	191	0.506123694	3.75196519	0	0	0	0	0	5e-06	0	0	0	0	3
382	191	0.506805341	3.76181287	0	0	0	0	0	5e-06	0	0	0	0	3
383	192	0.507975032	3.77166055	0	0	0	0	0	5e-06	0	0	0	0	3
384	192	0.509152592	3.78150823	0	0	0	0	0	5e-06	0	0	0	0	3
385	193	0.51028177	3.7913559	0	0	0	0	0	5e-06	0	0	0	0	3
386	193	0.511189033	3.80120358	0	0	0	0	0	5e-06	0	0	0	0	3
387	194	0.512534867	3.81105126	0	0	0	0	0	5e-06	0	0	0	0	3
388	195	0.513967913	3.82089894	0	0	0	0	0	5e-06	0	0	0	0	3
389	195	0.515231576	3.83074661	0	0	0	0	0	5e-06	0	0	0	0	3
390	196	0.515969996	3.84059429	0	0	0	0	0	5e-06	0	0	0	0	3
391	196	0.517190182	3.85044197	0	0	0	0	0	5e-06	0	0	0	0	3
392	197	0.51784162	3.86028965	0	0	0	0	0	5e-06	0	0	0	0	3
393	197	0.518857458	3.87013733	0	0	0	0	0	5e-06	0	0	0	0	3
394	198	0.519747645	3.879985	0	0	0	0	0	5e-06	0	0	0	0	3
395	198	0.521081449	3.88983268	0	0	0	0	0	5e-06	0	0	0	0	3
396	199	0.522698435	3.89968036	0	0	0	0	0	5e-06	0	0	0	0	3
397	199	0.524455101	3.90952804	0	0	0	0	0	5e-06	0	0	0	0	3
398	199	0.526076569	3.91937571	0	0	0	0	0	5e-06	0	0	0	0	3
399	200	0.527371775	3.92922339	0	0	0	0	0	5e-06	0	0	0	0	3
400	200	0.528876955	3.93907107	0	0	0	0	0	5e-06	0	0	0	0	3
401	201	0.530496453	3.94891875	0	0	0	0	0	5e-06	0	0	0	0	3
402	202	0.53223589	3.95876642	0	0	0	0	0	5e-06	0	0	0	0	3
403	202	0.534075077	3.9686141	0	0	0	0	0	5e-06	0	0	0	0	3
404	203	0.535993262	3.97846178	0	0	0	0	0	5e-06	0	0	0	0	3
405	203	0.537484095	3.98830946	0	0	0	0	0	5e-06	0	0	0	0	3
406	204	0.539121898	3.99815714	0	0	0	0	0	5e-06	0	0	0	0	3
407	204	0.540464485	4.00800481	0	0	0	0	0	5e-06	0	0	0	0	3
408	205	0.541182518	4.01785249	0	0	0	0	0	5e-06	0	0	0	0	3
409	205	0.541825996	4.02770017	0	0	0	0	0	5e-06	0	0	0	0	3
410	206	0.542934088	4.03754785	0	0	0	0	0	5e-06	0	0	0	0	3
411	206	0.544276411	4.04739552	0	0	0	0	0	5e-06	0	0	0	0	3
412	207	0.54558047	4.0572432	0	0	0	0	0	5e-06	0	0	0	0	3
413	207	0.547000003	4.06709088	0	0	0	0	0	5e-06	0	0	0	0	3
414	208	0.548224697	4.07693856	0	0	0	0	0	5e-06	0	0	0	0	3
415	208	0.549921141	4.08678623	0	0	0	0	0	5e-06	0	0	0	0	3
416	209	0.550945075	4.09663391	0	0	0	0	0	5e-06	0	0	0	0	3
417	209	0.552789895	4.10648159	0	0	0	0	0	5e-06	0	0	0	0	3
418	210	0.554549626	4.11632927	0	0	0	0	0	5e-06	0	0	0	0	3
419	210	0.556218848	4.12617695	0	0	0	0	0	5e-06	0	0	0	0	3
420	211	0.557864347	4.13602462	0	0	0	0	0	5e-06	0	0	0	0	3
421	211	0.559676794	4.1458723	0	0	0	0	0	5e-06	0	0	0	0	3
422	211	0.561208183	4.15571998	0	0	0	0	0	5e-06	0	0	0	0	3
423	212	0.562849455	4.16556766	0	0	0	0	0	5e-06	0	0	0	0	3
424	212	0.564489786	4.17541533	0	0	0	0	0	5e-06	0	0	0	0	3
425	213	0.566213413	4.18526301	0	0	0	0	0	5e-06	0	0	0	0	3
426	213	0.568017907	4.19511069	0	0	0	0	0	5e-06	0	0	0	0	3
427	214	0.569777505	4.20495837	0	0	0	0	0	5e-06	0	0	0	0	3
428	214	0.571647073	4.21480604	0	0	0	0	0	5e-06	0	0	0	0	3
429	215	0.573278074	4.22465372	0	0	0	0	0	5e-06	0	0	0	0	3
430	215	0.574551906	4.2345014	0	0	0	0	0	5e-06	0	0	0	0	3
431	216	0.57546006	4.24434908	0	0	0	0	0	5e-06	0	0	0	0	3
432	216	0.576147666	4.25419675	0	0	0	0	0	5e-06	0	0	0	0	3
433	217	0.576873694	4.26404443	0	0	0	0	0	5e-06	0	0	0	0	3
434	217	0.577908272	4.27389211	0	0	0	0	0	5e-06	0	0	0	0	3
435	218	0.579202786	4.28373979	0	0	0	0	0	5e-06	0	0	0	0	3
436	219	0.580649519	4.29358747	0	0	0	0	0	5e-06	0	0	0	0	3
437	219	0.58204149	4.30343514	0	0	0	0	0	5e-06	0	0	0	0	3
438	220	0.583477608	4.31328282	0	0	0	0	0	5e-06	0	0	0	0	3
439	220	0.585210664	4.3231305	0	0	0	0	0	5e-06	0	0	0	0	3
440	221	0.586492412	4.33297818	0	0	0	0	0	5e-06	0	0	0	0	3
441	221	0.587810567	4.34282585	0	0	0	0	0	5e-06	0	0	0	0	3
442	222	0.589207297	4.35267353	0	0	0	0	0	5e-06	0	0	0	0	3
443	222	0.590877257	4.36252121	0	0	0	0	0	5e-06	0	0	0	0	3
444	223	0.592390055	4.37236889	0	0	0	0	0	5e-06	0	0	0	0	3
445	223	0.594178257	4.38221656	0	0	0	0	0	5e-06	0	0	0	0	3
446	224	0.595882934	4.39206424	0	0	0	0	0	5e-06	0	0	0	0	3
447	224	0.597023131	4.40191192	0	0	0	0	0	5e-06	0	0	0	0	3
448	224	0.598679912	4.4117596	0	0	0	0	0	5e-06	0	0	0	0	3
449	225	0.600371557	4.42160728	0	0	0	0	0	5e-06	0	0	0	0	3
450	225	0.602099188	4.43145495	0	0	0	0	0	5e-06	0	0	0	0	3
451	226	0.603877368	4.44130263	0	0	0	0	0	5e-06	0	0	0	0	3
452	226	0.605790414	4.45115031	0	0	0	0	0	5e-06	0	0	0	0	3
453	227	0.607582311	4.46099799	0	0	0	0	0	5e-06	0	0	0	0	3
454	227	0.608811405	4.47084566	0	0	0	0	0	5e-06	0	0	0	0	3
455	228	0.610067599	4.48069334	0	0	0	0	0	5e-06	0	0	0	0	3
456	228	0.610734467	4.49054102	0	0	0	0	0	5e-06	0	0	0	0	3
457	229	0.611314949	4.5003887	0	0	0	0	0	5e-06	0	0	0	0	3
458	229	0.612372872	4.51023637	0	0	0	0	0	5e-06	0	0	0	0	3
459	230	0.613472802	4.52008405	0	0	0	0	0	5e-06	0	0	0	0	3
460	231	0.614597319	4.52993173	0	0	0	0	0	5e-06	0	0	0	0	3
461	231	0.616249696	4.53977941	0	0	0	0	0	5e-06	0	0	0	0	3
462	232	0.617657517	4.54962709	0	0	0	0	0	5e-06	0	0	0	0	3
463	233	0.618514397	4.55947476	0	0	0	0	0	5e-06	0	0	0	0	3
464	233	0.620444612	4.56932244	0	0	0	0	0	5e-06	0	0	0	0	3
465	233	0.621777791	4.57917012	0	0	0	0	0	5e-06	0	0	0	0	3
466	234	0.623020694	4.5890178	0	0	0	0	0	5e-06	0	0	0	0	3
467	234	0.624340213	4.59886547	0	0	0	0	0	5e-06	0	0	0	0	3
468	235	0.625912384	4.60871315	0	0	0	0	0	5e-06	0	0	0	0	3
469	235	0.627349929	4.61856083	0	0	0	0	0	5e-06	0	0	0	0	3
470	236	0.62919094	4.62840851	0	0	0	0	0	5e-06	0	0	0	0	3
471	236	0.631079455	4.63825618	0	0	0	0	0	5e-06	0	0	0	0	3
472	236	0.632513268	4.64810386	0	0	0	0	0	5e-06	0	0	0	0	3
473	237	0.63403989	4.65795154	0	0	0	0	0	5e-06	0	0	0	0	3
474	237	0.635746353	4.66779922	0	0	0	0	0	5e-06	0	0	0	0	3
475	238	0.637591921	4.67764689	0	0	0	0	0	5e-06	0	0	0	0	3
476	238	0.639360125	4.68749457	0	0	0	0	0	5e-06	0	0	0	0	3
477	239	0.641235363	4.69734225	0	0	0	0	0	5e-06	0	0	0	0	3
478	239	0.642982997	4.70718993	0	0	0	0	0	5e-06	0	0	0	0	3
479	240	0.644240197	4.71703761	0	0	0	0	0	5e-06	0	0	0	0	3
480	240	0.645243439	4.72688528	0	0	0	0	0	5e-06	0	0	0	0	3
481	241	0.645852646	4.73673296	0	0	0	0	0	5e-06	0	0	0	0	3
482	241	0.646415144	4.74658064	0	0	0	0	0	5e-06	0	0	0	0	3
483	242	0.647412479	4.75642832	0	0	0	0	0	5e-06	0	0	0	0	3
484	243	0.648671763	4.76627599	0	0	0	0	0	5e-06	0	0	0	0	3
485	243	0.649777249	4.77612367	0	0	0	0	0	5e-06	0	0	0	0	3
486	244	0.651297524	4.78597135	0	0	0	0	0	5e-06	0	0	0	0	3
487	244	0.652957792	4.79581903	0	0	0	0	0	5e-06	0	0	0	0	3
488	245	0.654493461	4.8056667	0	0	0	0	0	5e-06	0	0	0	0	3
489	246	0.65577482	4.81551438	0	0	0	0	0	5e-06	0	0	0	0	3
490	246	0.657266503	4.82536206	0	0	0	0	0	5e-06	0	0	0	0	3
491	246	0.658641763	4.83520974	0	0	0	0	0	5e-06	0	0	0	0	3
492	247	0.660358852	4.84505742	0	0	0	0	0	5e-06	0	0	0	0	3
493	247	0.661492032	4.85490509	0	0	0	0	0	5e-06	0	0	0	0	3
494	248	0.66337696	4.86475277	0	0	0	0	0	5e-06	0	0	0	0	3
495	248	0.665134488	4.87460045	0	0	0	0	0	5e-06	0	0	0	0	3
496	249	0.666373576	4.88444813	0	0	0	0	0	5e-06	0	0	0	0	3
497	249	0.667865301	4.8942958	0	0	0	0	0	5e-06	0	0	0	0	3
498	249	0.66941399	4.90414348	0	0	0	0	0	5e-06	0	0	0	0	3
499	250	0.671067967	4.91399116	0	0	0	0	0	5e-06	0	0	0	0	3
500	250	0.672864968	4.92383884	0	0	0	0	0	5e-06	0	0	0	0	3
501	251	0.67463108	4.93368651	0	0	0	0	0	5e-06	0	0	0	0	3
502	252	0.676547115	4.94353419	0	0	0	0	0	5e-06	0	0	0	0	3
503	252	0.678307681	4.95338187	0	0	0	0	0	5e-06	0	0	0	0	3
504	253	0.67974502	4.96322955	0	0	0	0	0	5e-06	0	0	0	0	3
505	253	0.680472248	4.97307722	0	0	0	0	0	5e-06	0	0	0	0	3
506	254	0.681098676	4.9829249	0	0	0	0	0	5e-06	0	0	0	0	3
507	254	0.682182304	4.99277258	0	0	0	0	0	5e-06	0	0	0	0	3
508	255	0.68350702	5.00262026	0	0	0	0	0	5e-06	0	0	0	0	3
509	256	0.684401583	5.01246794	0	0	0	0	0	5e-06	0	0	0	0	3
510	256	0.685976178	5.02231561	0	0	0	0	0	5e-06	0	0	0	0	3
511	257	0.687465259	5.03216329	0	0	0	0	0	5e-06	0	0	0	0	3
512	257	0.688773843	5.04201097	0	0	0	0	0	5e-06	0	0	0	0	3
513	258	0.690151748	5.05185865	0	0	0	0	0	5e-06	0	0	0	0	3
514	258	0.691694819	5.06170632	0	0	0	0	0	5e-06	0	0	0	0	3
515	259	0.692359827	5.071554	0	0	0	0	0	5e-06	0	0	0	0	3
516	259	0.693429442	5.08140168	0	0	0	0	0	5e-06	0	0	0	0	3
517	260	0.695205401	5.09124936	0	0	0	0	0	5e-06	0	0	0	0	3
518	260	0.696252947	5.10109703	0	0	0	0	0	5e-06	0	0	0	0	3
519	261	0.698219417	5.11094471	0	0	0	0	0	5e-06	0	0	0	0	3
520	261	0.699542154	5.12079239	0	0	0	0	0	5e-06	0	0	0	0	3
521	262	0.701505672	5.13064007	0	0	0	0	0	5e-06	0	0	0	0	3
522	262	0.703292742	5.14048775	0	0	0	0	0	5e-06	0	0	0	0	3
523	262	0.704830006	5.15033542	0	0	0	0	0	5e-06	0	0	0	0	3
524	263	0.706446527	5.1601831	0	0	0	0	0	5e-06	0	0	0	0	3
525	263	0.708189518	5.17003078	0	0	0	0	0	5e-06	0	0	0	0	3
526	264	0.71001564	5.17987846	0	0	0	0	0	5e-06	0	0	0	0	3
527	264	0.711836417	5.18972613	0	0	0	0	0	5e-06	0	0	0	0	3
528	265	0.713610409	5.19957381	0	0	0	0	0	5e-06	0	0	0	0	3
529	265	0.715049535	5.20942149	0	0	0	0	0	5e-06	0	0	0	0	3
530	266	0.715629636	5.21926917	0	0	0	0	0	5e-06	0	0	0	0	3
531	266	0.716392555	5.22911684	0	0	0	0	0	5e-06	0	0	0	0	3
532	267	0.717354846	5.23896452	0	0	0	0	0	5e-06	0	0	0	0	3
533	267	0.718591712	5.2488122	0	0	0	0	0	5e-06	0	0	0	0	3
534	268	0.719819706	5.25865988	0	0	0	0	0	5e-06	0	0	0	0	3
535	269	0.721397307	5.26850756	0	0	0	0	0	5e-06	0	0	0	0	3
536	269	0.722870208	5.27835523	0	0	0	0	0	5e-06	0	0	0	0	3
537	270	0.724434869	5.28820291	0	0	0	0	0	5e-06	0	0	0	0	3
538	270	0.725988779	5.29805059	0	0	0	0	0	5e-06	0	0	0	0	3
539	271	0.727158939	5.30789827	0	0	0	0	0	5e-06	0	0	0	0	3
540	271	0.728782565	5.31774594	0	0	0	0	0	5e-06	0	0	0	0	3
541	272	0.730177275	5.32759362	0	0	0	0	0	5e-06	0	0	0	0	3
542	272	0.731480695	5.3374413	0	0	0	0	0	5e-06	0	0	0	0	3
543	273	0.73334276	5.34728898	0	0	0	0	0	5e-06	0	0	0	0	3
544	273	0.734896533	5.35713665	0	0	0	0	0	5e-06	0	0	0	0	3
545	273	0.736489704	5.36698433	0	0	0	0	0	5e-06	0	0	0	0	3
546	274	0.738405822	5.37683201	0	0	0	0	0	5e-06	0	0	0	0	3
547	274	0.740112718	5.38667969	0	0	0	0	0	5e-06	0	0	0	0	3
548	275	0.741846565	5.39652736	0	0	0	0	0	5e-06	0	0	0	0	3
549	275	0.743579998	5.40637504	0	0	0	0	0	5e-06	0	0	0	0	3
550	276	0.745527791	5.41622272	0	0	0	0	0	5e-06	0	0	0	0	3
551	276	0.746862951	5.4260704	0	0	0	0	0	5e-06	0	0	0	0	3
552	277	0.748044674	5.43591808	0	0	0	0	0	5e-06	0	0	0	0	3
553	277	0.749616498	5.44576575	0	0	0	0	0	5e-06	0	0	0	0	3
554	278	0.750286515	5.45561343	0	0	0	0	0	5e-06	0	0	0	0	3
555	278	0.750829832	5.46546111	0	0	0	0	0	5e-06	0	0	0	0	3
556	279	0.751814373	5.47530879	0	0	0	0	0	5e-06	0	0	0	0	3
557	279	0.752943175	5.48515646	0	0	0	0	0	5e-06	0	0	0	0	3
558	280	0.753986161	5.49500414	0	0	0	0	0	5e-06	0	0	0	0	3
559	280	0.75533648	5.50485182	0	0	0	0	0	5e-06	0	0	0	0	3
560	281	0.756445002	5.5146995	0	0	0	0	0	5e-06	0	0	0	0	3
561	282	0.757049445	5.52454717	0	0	0	0	0	5e-06	0	0	0	0	3
562	282	0.75816797	5.53439485	0	0	0	0	0	5e-06	0	0	0	0	3
563	283	0.759622695	5.54424253	0	0	0	0	0	5e-06	0	0	0	0	3
564	283	0.760560349	5.55409021	0	0	0	0	0	5e-06	0	0	0	0	3
565	284	0.761904486	5.56393789	0	0	0	0	0	5e-06	0	0	0	0	3
566	284	0.762782722	5.57378556	0	0	0	0	0	5e-06	0	0	0	0	3
567	285	0.764500327	5.58363324	0	0	0	0	0	5e-06	0	0	0	0	3
568	285	0.765765716	5.59348092	0	0	0	0	0	5e-06	0	0	0	0	3
569	286	0.767084696	5.6033286	0	0	0	0	0	5e-06	0	0	0	0	3
570	286	0.768886643	5.61317627	0	0	0	0	0	5e-06	0	0	0	0	3
571	286	0.770787991	5.62302395	0	0	0	0	0	5e-06	0	0	0	0	3
572	287	0.772041509	5.63287163	0	0	0	0	0	5e-06	0	0	0	0	3
573	287	0.773534585	5.64271931	0	0	0	0	0	5e-06	0	0	0	0	3
574	288	0.775299474	5.65256698	0	0	0	0	0	5e-06	0	0	0	0	3
575	288	0.777082809	5.66241466	0	0	0	0	0	5e-06	0	0	0	0	3
576	289	0.778859931	5.67226234	0	0	0	0	0	5e-06	0	0	0	0	3
577	289	0.780744304	5.68211002	0	0	0	0	0	5e-06	0	0	0	0	3
578	290	0.782507896	5.6919577	0	0	0	0	0	5e-06	0	0	0	0	3
579	290	0.783793878	5.70180537	0	0	0	0	0	5e-06	0	0	0	0	3
580	291	0.78502574	5.71165305	0	0	0	0	0	5e-06	0	0	0	0	3
581	291	0.785542298	5.72150073	0	0	0	0	0	5e-06	0	0	0	0	3
582	292	0.786193574	5.73134841	0	0	0	0	0	5e-06	0	0	0	0	3
583	292	0.78735997	5.74119608	0	0	0	0	0	5e-06	0	0	0	0	3
584	293	0.788657708	5.75104376	0	0	0	0	0	5e-06	0	0	0	0	3
585	294	0.790154617	5.76089144	0	0	0	0	0	5e-06	0	0	0	0	3
586	294	0.790696594	5.77073912	0	0	0	0	0	5e-06	0	0	0	0	3
587	295	0.791908042	5.78058679	0	0	0	0	0	5e-06	0	0	0	0	3
588	295	0.79377858	5.79043447	0	0	0	0	0	5e-06	0	0	0	0	3
589	296	0.794835456	5.80028215	0	0	0	0	0	5e-06	0	0	0	0	3
590	296	0.795482967	5.81012983	0	0	0	0	0	5e-06	0	0	0	0	3
591	297	0.796831669	5.8199775	0	0	0	0	0	5e-06	0	0	0	0	3
592	297	0.797856065	5.82982518	0	0	0	0	0	5e-06	0	0	0	0	3
593	297	0.799147146	5.83967286	0	0	0	0	0	5e-06	0	0	0	0	3
594	298	0.800482623	5.84952054	0	0	0	0	0	5e-06	0	0	0	0	3
595	298	0.801808185	5.85936822	0	0	0	0	0	5e-06	0	0	0	0	3
596	299	0.803174257	5.86921589	0	0	0	0	0	5e-06	0	0	0	0	3
597	299	0.804897951	5.87906357	0	0	0	0	0	5e-06	0	0	0	0	3
598	300	0.806245149	5.88891125	0	0	0	0	0	5e-06	0	0	0	0	3
599	300	0.807766118	5.89875893	0	0	0	0	0	5e-06	0	0	0	0	3
600	300	0.809382055	5.9086066	0	0	0	0	0	5e-06	0	0	0	0	3
601	301	0.81100163	5.91845428	0	0	0	0	0	5e-06	0	0	0	0	3
602	302	0.812704321	5.92830196	0	0	0	0	0	5e-06	0	0	0	0	3
603	302	0.814461208	5.93814964	0	0	0	0	0	5e-06	0	0	0	0	3
604	303	0.816309263	5.94799731	0	0	0	0	0	5e-06	0	0	0	0	3
605	303	0.81802227	5.95784499	0	0	0	0	0	5e-06	0	0	0	0	3
606	304	0.819369217	5.96769267	0	0	0	0	0	5e-06	0	0	0	0	3
607	304	0.820057953	5.97754035	0	0	0	0	0	5e-06	0	0	0	0	3
608	305	0.820693211	5.98738803	0	0	0	0	0	5e-06	0	0	0	0	3
609	305	0.82166706	5.9972357	0	0	0	0	0	5e-06	0	0	0	0	3
610	306	0.822814785	6.00708338	0	0	0	0	0	5e-06	0	0	0	0	3
611	307	0.823876836	6.01693106	0	0	0	0	0	5e-06	0	0	0	0	3
612	307	0.825041913	6.02677874	0	0	0	0	0	5e-06	0	0	0	0	3
613	308	0.825953834	6.03662641	0	0	0	0	0	5e-06	0	0	0	0	3
614	308	0.827655948	6.04647409	0	0	0	0	0	5e-06	0	0	0	0	3
615	309	0.829553719	6.05632177	0	0	0	0	0	5e-06	0	0	0	0	3
616	309	0.830904598	6.06616945	0	0	0	0	0	5e-06	0	0	0	0	3
617	310	0.832463857	6.07601712	0	0	0	0	0	5e-06	0	0	0	0	3
618	310	0.833706027	6.0858648	0	0	0	0	0	5e-06	0	0	0	0	3
619	311	0.835424834	6.09571248	0	0	0	0	0	5e-06	0	0	0	0	3
620	311	0.836932823	6.10556016	0	0	0	0	0	5e-06	0	0	0	0	3
621	312	0.83858084	6.11540784	0	0	0	0	0	5e-06	0	0	0	0	3
622	312	0.839438443	6.12525551	0	0	0	0	0	5e-06	0	0	0	0	3
623	313	0.841425532	6.13510319	0	0	0	0	0	5e-06	0	0	0	0	3
624	313	0.843059277	6.14495087	0	0	0	0	0	5e-06	0	0	0	0	3
625	313	0.844811515	6.15479855	0	0	0	0	0	5e-06	0	0	0	0	3
626	314	0.846614354	6.16464622	0	0	0	0	0	5e-06	0	0	0	0	3
627	314	0.848356637	6.1744939	0	0	0	0	0	5e-06	0	0	0	0	3
628	315	0.850221194	6.18434158	0	0	0	0	0	5e-06	0	0	0	0	3
629	315	0.851937466	6.19418926	0	0	0	0	0	5e-06	0	0	0	0	3
630	316	0.853167283	6.20403693	0	0	0	0	0	5e-06	0	0	0	0	3
631	316	0.854363972	6.21388461	0	0	0	0	0	5e-06	0	0	0	0	3
632	317	0.85500636	6.22373229	0	0	0	0	0	5e-06	0	0	0	0	3
633	318	0.855535432	6.23357997	0	0	0	0	0	5e-06	0	0	0	0	3
634	318	0.85645789	6.24342764	0	0	0	0	0	5e-06	0	0	0	0	3
635	319	0.857771209	6.25327532	0	0	0	0	0	5e-06	0	0	0	0	3
636	319	0.858904214	6.263123	0	0	0	0	0	5e-06	0	0	0	0	3
637	320	0.860263156	6.27297068	0	0	0	0	0	5e-06	0	0	0	0	3
638	320	0.861310193	6.28281836	0	0	0	0	0	5e-06	0	0	0	0	3
639	321	0.862884441	6.29266603	0	0	0	0	0	5e-06	0	0	0	0	3
640	322	0.864666391	6.30251371	0	0	0	0	0	5e-06	0	0	0	0	3
641	322	0.865927776	6.31236139	0	0	0	0	0	5e-06	0	0	0	0	3
642	323	0.86783529	6.32220907	0	0	0	0	0	5e-06	0	0	0	0	3
643	323	0.868959862	6.33205674	0	0	0	0	0	5e-06	0	0	0	0	3
644	324	0.870924054	6.34190442	0	0	0	0	0	5e-06	0	0	0	0	3
645	324	0.872709368	6.3517521	0	0	0	0	0	5e-06	0	0	0	0	3
646	324	0.874427	6.36159978	0	0	0	0	0	5e-06	0	0	0	0	3
647	325	0.875827039	6.37144745	0	0	0	0	0	5e-06	0	0	0	0	3
648	325	0.877250893	6.38129513	0	0	0	0	0	5e-06	0	0	0	0	3
649	326	0.878759075	6.39114281	0	0	0	0	0	5e-06	0	0	0	0	3
650	326	0.880391958	6.40099049	0	0	0	0	0	5e-06	0	0	0	0	3
651	326	0.882187072	6.41083817	0	0	0	0	0	5e-06	0	0	0	0	3
652	327	0.883893267	6.42068584	0	0	0	0	0	5e-06	0	0	0	0	3
653	327	0.885701036	6.43053352	0	0	0	0	0	5e-06	0	0	0	0	3
654	328	0.887293296	6.4403812	0	0	0	0	0	5e-06	0	0	0	0	3
655	328	0.888509618	6.45022888	0	0	0	0	0	5e-06	0	0	0	0	3
656	329	0.889551958	6.46007655	0	0	0	0	0	5e-06	0	0	0	0	3
657	330	0.890280834	6.46992423	0	0	0	0	0	5e-06	0	0	0	0	3
658	330	0.890959907	6.47977191	0	0	0	0	0	5e-06	0	0	0	0	3
659	331	0.892010081	6.48961959	0	0	0	0	0	5e-06	0	0	0	0	3
660	331	0.89333507	6.49946726	0	0	0	0	0	5e-06	0	0	0	0	3
661	332	0.894916463	6.50931494	0	0	0	0	0	5e-06	0	0	0	0	3
662	332	0.896408399	6.51916262	0	0	0	0	0	5e-06	0	0	0	0	3
663	333	0.897797205	6.5290103	0	0	0	0	0	5e-06	0	0	0	0	3
664	333	0.899082059	6.53885798	0	0	0	0	0	5e-06	0	0	0	0	3
665	334	0.900813083	6.54870565	0	0	0	0	0	5e-06	0	0	0	0	3
666	334	0.902103088	6.55855333	0	0	0	0	0	5e-06	0	0	0	0	3
667	335	0.903518968	6.56840101	0	0	0	0	0	5e-06	0	0	0	0	3
668	335	0.905035358	6.57824869	0	0	0	0	0	5e-06	0	0	0	0	3
669	336	0.90644508	6.58809636	0	0	0	0	0	5e-06	0	0	0	0	3
670	336	0.908333479	6.59794404	0	0	0	0	0	5e-06	0	0	0	0	3
671	337	0.90969063	6.60779172	0	0	0	0	0	5e-06	0	0	0	0	3
672	337	0.911477577	6.6176394	0	0	0	0	0	5e-06	0	0	0	0	3
673	337	0.913098104	6.62748707	0	0	0	0	0	5e-06	0	0	0	0	3
674	338	0.914747042	6.63733475	0	0	0	0	0	5e-06	0	0	0	0	3
675	338	0.916557487	6.64718243	0	0	0	0	0	5e-06	0	0	0	0	3
676	339	0.918372951	6.65703011	0	0	0	0	0	5e-06	0	0	0	0	3
677	339	0.920323607	6.66687778	0	0	0	0	0	5e-06	0	0	0	0	3
678	340	0.922082209	6.67672546	0	0	0	0	0	5e-06	0	0	0	0	3
679	340	0.923341272	6.68657314	0	0	0	0	0	5e-06	0	0	0	0	3
680	341	0.924817408	6.69642082	0	0	0	0	0	5e-06	0	0	0	0	3
681	341	0.925093461	6.7062685	0	0	0	0	0	5e-06	0	0	0	0	3
682	342	0.92567673	6.71611617	0	0	0	0	0	5e-06	0	0	0	0	3
683	342	0.926875276	6.72596385	0	0	0	0	0	5e-06	0	0	0	0	3
684	343	0.92787582	6.73581153	0	0	0	0	0	5e-06	0	0	0	0	3
685	344	0.9292173	6.74565921	0	0	0	0	0	5e-06	0	0	0	0	3
686	344	0.930440917	6.75550688	0	0	0	0	0	5e-06	0	0	0	0	3
687	345	0.931741527	6.76535456	0	0	0	0	0	5e-06	0	0	0	0	3
688	345	0.933215552	6.77520224	0	0	0	0	0	5e-06	0	0	0	0	3
689	346	0.93468074	6.78504992	0	0	0	0	0	5e-06	0	0	0	0	3
690	346	0.935765132	6.79489759	0	0	0	0	0	5e-06	0	0	0	0	3
691	347	0.937340942	6.80474527	0	0	0	0	0	5e-06	0	0	0	0	3
692	347	0.938476916	6.81459295	0	0	0	0	0	5e-06	0	0	0	0	3
693	348	0.94011105	6.82444063	0	0	0	0	0	5e-06	0	0	0	0	3
694	348	0.941949061	6.83428831	0	0	0	0	0	5e-06	0	0	0	0	3
695	349	0.943401312	6.84413598	0	0	0	0	0	5e-06	0	0	0	0	3
696	349	0.945179417	6.85398366	0	0	0	0	0	5e-06	0	0	0	0	3
697	349	0.946383488	6.86383134	0	0	0	0	0	5e-06	0	0	0	0	3
698	350	0.947977592	6.87367902	0	0	0	0	0	5e-06	0	0	0	0	3
699	350	0.949713985	6.88352669	0	0	0	0	0	5e-06	0	0	0	0	3
700	351	0.951516218	6.89337437	0	0	0	0	0	5e-06	0	0	0	0	3
701	352	0.953322041	6.90322205	0	0	0	0	0	5e-06	0	0	0	0	3
702	352	0.955216335	6.91306973	0	0	0	0	0	5e-06	0	0	0	0	3
703	353	0.956779573	6.9229174	0	0	0	0	0	5e-06	0	0	0	0	3
704	353	0.958098439	6.93276508	0	0	0	0	0	5e-06	0	0	0	0	3
705	354	0.95928848	6.94261276	0	0	0	0	0	5e-06	0	0	0	0	3
706	354	0.959961649	6.95246044	0	0	0	0	0	5e-06	0	0	0	0	3
707	355	0.960514032	6.96230811	0	0	0	0	0	5e-06	0	0	0	0	3
708	355	0.961398065	6.97215579	0	0	0	0	0	5e-06	0	0	0	0	3
709	356	0.96261571	6.98200347	0	0	0	0	0	5e-06	0	0	0	0	3
710	357	0.963792872	6.99185115	0	0	0	0	0	5e-06	0	0	0	0	3
711	357	0.965345817	7.00169883	0	0	0	0	0	5e-06	0	0	0	0	3
712	358	0.966940199	7.0115465	0	0	0	0	0	5e-06	0	0	0	0	3
713	358	0.968665273	7.02139418	0	0	0	0	0	5e-06	0	0	0	0	3
714	359	0.969935921	7.03124186	0	0	0	0	0	5e-06	0	0	0	0	3
715	359	0.971062233	7.04108954	0	0	0	0	0	5e-06	0	0	0	0	3
716	360	0.972985331	7.05093721	0	0	0	0	0	5e-06	0	0	0	0	3
717	360	0.974642691	7.06078489	0	0	0	0	0	5e-06	0	0	0	0	3
718	361	0.976156857	7.07063257	0	0	0	0	0	5e-06	0	0	0	0	3
719	361	0.978096767	7.08048025	0	0	0	0	0	5e-06	0	0	0	0	3
720	362	0.979358067	7.09032792	0	0	0	0	0	5e-06	0	0	0	0	3
721	362	0.980983155	7.1001756	0	0	0	0	0	5e-06	0	0	0	0	3
722	362	0.982560898	7.11002328	0	0	0	0	0	5e-06	0	0	0	0	3
723	363	0.984219383	7.11987096	0	0	0	0	0	5e-06	0	0	0	0	3
724	363	0.985915663	7.12971864	0	0	0	0	0	5e-06	0	0	0	0	3
725	364	0.987688278	7.13956631	0	0	0	0	0	5e-06	0	0	0	0	3
726	364	0.989578857	7.14941399	0	0	0	0	0	5e-06	0	0	0	0	3
727	365	0.991319656	7.15926167	0	0	0	0	0	5e-06	0	0	0	0	3
728	365	0.992891283	7.16910935	0	0	0	0	0	5e-06	0	0	0	0	3
729	366	0.994016151	7.17895702	0	0	0	0	0	5e-06	0	0	0	0	3
730	366	0.994678077	7.1888047	0	0	0	0	0	5e-06	0	0	0	0	3
731	367	0.995247639	7.19865238	0	0	0	0	0	5e-06	0	0	0	0	3
732	367	0.996489476	7.20850006	0	0	0	0	0	5e-06	0	0	0	0	3
733	368	0.997606836	7.21834773	0	0	0	0	0	5e-06	0	0	0	0	3
734	369	0.998829402	7.22819541	0	0	0	0	0	5e-06	0	0	0	0	3
735	369	1	7.23804309	0	0	0	0	0	5e-06	0	0	0	0	3
