Iteration	CPUTime	PhysTime	Travels	Value	AvValue	MinValue	MaxValue	Delta	Criteria	PrevAvRefValue	Progress	CriteriaType	CriteriaVarType	CriteriaPercentage
1	3	0.000131502354	0.00984767767	111240.049	111240.049	111240.049	111240.049	0	0	0	0	0	0	3
2	3	0.000257595372	0.0196953553	89764.2233	100727.625	89764.2233	111240.049	10512.4234	0	0	0	0	0	3
3	3	0.000378931684	0.029543033	117888.491	106222.643	89764.2233	117888.491	10512.4234	0	0	0	0	0	3
4	4	0.000500464265	0.0393907107	94649.5313	103412.232	89764.2233	117888.491	10512.4234	0	0	0	0	0	3
5	4	0.000621916059	0.0492383884	102782.981	103289.348	89764.2233	117888.491	10512.4234	0	0	0	0	0	3
6	5	0.000830715952	0.059086066	104786.399	103665.631	89764.2233	117888.491	10512.4234	0	0	0	0	0	3
7	5	0.00108376652	0.0689337437	115037.287	106320.819	89764.2233	117888.491	10512.4234	0	0	0	0	0	3
8	6	0.00135525329	0.0787814214	118179.499	108696.371	89764.2233	118179.499	10512.4234	0	0	0	0	0	3
9	6	0.00160593812	0.0886290991	112401.833	109274.789	89764.2233	118179.499	10512.4234	0	0	0	0	0	3
10	7	0.00186758176	0.0984767767	104837.44	108653.127	89764.2233	118179.499	10512.4234	0	0	0	0	0	3
11	7	0.00230713793	0.108324454	114517.209	109770.353	89764.2233	118179.499	10512.4234	0	0	0	0	0	3
12	8	0.00275106709	0.118172132	109782.579	109772.325	89764.2233	118179.499	10512.4234	0	0	0	0	0	3
13	8	0.00320392172	0.12801981	110457.74	109869.205	89764.2233	118179.499	10512.4234	0	0	0	0	0	3
14	9	0.00363104146	0.137867487	108467.782	109704.355	89764.2233	118179.499	10512.4234	0	0	0	0	0	3
15	9	0.00406396259	0.147715165	105711.232	109278.98	89764.2233	118179.499	10512.4234	0	0	0	0	0	3
16	9	0.00474444515	0.157562843	107438.891	109015.061	89764.2233	118179.499	10512.4234	0	0	0	0	0	3
17	10	0.0054858863	0.16741052	111129.007	109300.77	89764.2233	118179.499	10512.4234	0	0	0	0	0	3
18	10	0.00624534277	0.177258198	107716.655	109108.136	89764.2233	118179.499	10512.4234	0	0	0	0	0	3
19	11	0.00700359657	0.187105876	106736.379	108851.355	89764.2233	118179.499	10512.4234	0	0	0	0	0	3
20	11	0.00775417977	0.196953553	105944.297	108569.959	89764.2233	118179.499	10512.4234	0	0	0	0	0	3
21	11	0.00888634463	0.206801231	101960.438	107727.873	89764.2233	118179.499	10512.4234	0	0	0	0	0	3
22	12	0.0100191277	0.216648909	103191.374	107214.967	89764.2233	118179.499	10512.4234	0	0	0	0	0	3
23	12	0.0109209033	0.226496586	104221.987	106967.827	89764.2233	118179.499	10512.4234	0	0	0	0	0	3
24	13	0.0118881298	0.236344264	103548.342	106689.615	89764.2233	118179.499	10512.4234	0	0	0	0	0	3
25	14	0.012546583	0.246191942	98798.4946	106275.484	89764.2233	118179.499	10512.4234	0	0	0	0	0	3
26	14	0.0134862903	0.25603962	100591.007	105879.397	89764.2233	118179.499	10512.4234	0	0	0	0	0	3
27	15	0.0144304382	0.265887297	97769.1817	105348.766	89764.2233	118179.499	10512.4234	0	0	0	0	0	3
28	15	0.0154685221	0.275734975	91872.5982	104444.387	89764.2233	118179.499	10512.4234	0	0	0	0	0	3
29	16	0.0164732051	0.285582653	87362.4835	103402.581	87362.4835	118179.499	10512.4234	0	0	0	0	0	3
30	16	0.0169565982	0.29543033	100864.542	103330.227	87362.4835	118179.499	10512.4234	0	0	0	0	0	3
31	17	0.017834805	0.305278008	90296.0343	102688.408	87362.4835	118179.499	10512.4234	0	0	0	0	0	3
32	18	0.0187314091	0.315125686	87472.8804	101960.096	87362.4835	118179.499	10512.4234	0	0	0	0	0	3
33	18	0.0198895562	0.324973363	60165.7252	99526.4557	60165.7252	118179.499	11713.5928	0	0	0	0	0	3
34	19	0.0204331663	0.334821041	120886.483	100094.724	60165.7252	120886.483	11713.5928	0	0	0	0	0	3
35	19	0.0215084875	0.344668719	101471.484	100163.556	60165.7252	120886.483	11713.5928	0	0	0	0	0	3
36	20	0.0229972817	0.354516396	92083.2737	99640.4557	60165.7252	120886.483	11713.5928	0	0	0	0	0	3
37	20	0.0237111729	0.364364074	89418.7567	99332.7029	60165.7252	120886.483	11907.3456	0	0	0	0	0	3
38	21	0.0251657632	0.374211752	103884.496	99595.7982	60165.7252	120886.483	11907.3456	0	0	0	0	0	3
39	21	0.0262251554	0.384059429	89040.2999	99169.398	60165.7252	120886.483	12070.6505	0	0	0	0	0	3
40	22	0.0279140349	0.393907107	90424.972	98640.335	60165.7252	120886.483	12599.7135	0	0	0	0	0	3
41	22	0.0293534275	0.403754785	103162.909	98862.1068	60165.7252	120886.483	12599.7135	0	0	0	0	0	3
42	23	0.0301658361	0.413602462	102452.949	98958.8132	60165.7252	120886.483	12599.7135	0	0	0	0	0	3
43	23	0.031982843	0.42345014	104335.925	99264.2973	60165.7252	120886.483	12599.7135	0	0	0	0	0	3
44	24	0.0331653729	0.433297818	104029.02	99434.1861	60165.7252	120886.483	12599.7135	0	0	0	0	0	3
45	24	0.0352628108	0.443145495	106420.094	99849.7091	60165.7252	120886.483	12599.7135	0	0	0	0	0	3
46	25	0.0366184383	0.452993173	111064.938	100264.901	60165.7252	120886.483	12599.7135	0	0	0	0	0	3
47	25	0.0383364505	0.462840851	110660.903	100730.788	60165.7252	120886.483	12599.7135	0	0	0	0	0	3
48	25	0.040020347	0.472688528	109429.923	101096.813	60165.7252	120886.483	12599.7135	0	0	0	0	0	3
49	26	0.041726882	0.482536206	108437.249	101397.02	60165.7252	120886.483	12599.7135	0	0	0	0	0	3
50	26	0.0434815511	0.492383884	105170.804	101549.309	60165.7252	120886.483	12599.7135	0	0	0	0	0	3
51	27	0.0453433147	0.502231561	103056.036	101611.174	60165.7252	120886.483	12599.7135	0	0	0	0	0	3
52	27	0.047347333	0.512079239	102250.076	101611.473	60165.7252	120886.483	11228.8695	0	0	0	0	0	3
53	28	0.0491703998	0.521926917	99037.6957	101546.085	60165.7252	120886.483	11228.8695	0	0	0	0	0	3
54	28	0.0504527906	0.531774594	91673.8469	101253.657	60165.7252	120886.483	11228.8695	0	0	0	0	0	3
55	29	0.051819227	0.541622272	92567.8371	101038.025	60165.7252	120886.483	11228.8695	0	0	0	0	0	3
56	29	0.0524970354	0.55146995	82668.643	100793.922	60165.7252	120886.483	11228.8695	0	0	0	0	0	3
57	30	0.0530630387	0.561317627	93628.6167	100700.317	60165.7252	120886.483	11228.8695	0	0	0	0	0	3
58	30	0.0539952069	0.571165305	104629.19	100700.967	60165.7252	120886.483	11228.8695	0	0	0	0	0	3
59	31	0.0552274663	0.581012983	90583.6388	100381.463	60165.7252	120886.483	11228.8695	0	0	0	0	0	3
60	31	0.0563844045	0.59086066	94943.1837	100211.596	60165.7252	120886.483	11228.8695	0	0	0	0	0	3
61	32	0.0575384304	0.600708338	97821.3768	100140.307	60165.7252	120886.483	11228.8695	0	0	0	0	0	3
62	32	0.0589036472	0.610556016	98607.4995	99991.6751	60165.7252	120886.483	11228.8695	0	0	0	0	0	3
63	33	0.0600592237	0.620403693	96935.3919	99854.2036	60165.7252	120886.483	11228.8695	0	0	0	0	0	3
64	33	0.061801288	0.630251371	95712.0978	99649.1146	60165.7252	120886.483	11064.0201	0	0	0	0	0	3
65	34	0.0631388376	0.640099049	96047.6654	99504.8689	60165.7252	120886.483	10660.4352	0	0	0	0	0	3
66	34	0.064969106	0.649946726	96719.0523	99377.0364	60165.7252	120886.483	10660.4352	0	0	0	0	0	3
67	35	0.0667540196	0.659794404	106879.461	99504.5204	60165.7252	120886.483	10660.4352	0	0	0	0	0	3
68	35	0.0681193955	0.669642082	104867.919	99483.8315	60165.7252	120886.483	10467.801	0	0	0	0	0	3
69	36	0.0700059636	0.679489759	105362.711	99559.7159	60165.7252	120886.483	10211.0196	0	0	0	0	0	3
70	36	0.0718390145	0.689337437	108828.874	99737.8455	60165.7252	120886.483	9929.62442	0	0	0	0	0	3
71	36	0.0731457443	0.699185115	107419.303	99820.1058	60165.7252	120886.483	9087.53828	0	0	0	0	0	3
72	37	0.0751758168	0.709032792	107822.245	100028.611	60165.7252	120886.483	8574.63236	0	0	0	0	0	3
73	37	0.0770295563	0.71888047	106363.641	100150.395	60165.7252	120886.483	8327.49188	0	0	0	0	0	3
74	38	0.0788807909	0.728728148	103561.269	100189.28	60165.7252	120886.483	8049.28019	0	0	0	0	0	3
75	38	0.0806487789	0.738575825	103072.076	100216.153	60165.7252	120886.483	7635.14879	0	0	0	0	0	3
76	39	0.0825332256	0.748423503	100667.109	100241.633	60165.7252	120886.483	7239.0618	0	0	0	0	0	3
77	39	0.0838568414	0.758271181	100127.225	100234.816	60165.7252	120886.483	6708.43046	0	0	0	0	0	3
78	40	0.0852192201	0.768118859	91866.9561	100106.656	60165.7252	120886.483	5804.05237	0	0	0	0	0	3
79	40	0.0863258078	0.777966536	83458.6419	99967.2935	60165.7252	120886.483	4762.24554	0	0	0	0	0	3
80	41	0.0869122177	0.787814214	95413.6027	100109.168	60165.7252	120886.483	4689.89199	0	0	0	0	0	3
81	41	0.0874589805	0.797661892	90484.9253	100029.351	60165.7252	120886.483	4048.07296	0	0	0	0	0	3
82	42	0.0881264588	0.807509569	101888.078	100168.607	60165.7252	120886.483	3319.7613	0	0	0	0	0	3
83	42	0.0893139102	0.817357247	90605.5393	100168.994	60165.7252	120886.483	2971.13837	0	0	0	0	0	3
84	43	0.0905421364	0.827204925	90773.3037	100661.399	82668.643	120886.483	2971.13837	0	0	0	0	0	3
85	44	0.0916886194	0.837052602	96438.6124	100439.157	82668.643	111064.938	2971.13837	0	0	0	0	0	3
86	44	0.0927136717	0.84690028	99411.2573	100408.77	82668.643	111064.938	2971.13837	0	0	0	0	0	3
87	45	0.0939381376	0.856747958	97657.8001	100536.009	82668.643	111064.938	2971.13837	0	0	0	0	0	3
88	45	0.0952389638	0.866595635	95243.5035	100550.715	82668.643	111064.938	2971.13837	0	0	0	0	0	3
89	46	0.0968284336	0.876443313	91173.8597	100275.069	82668.643	111064.938	2971.13837	0	0	0	0	0	3
90	46	0.0981208039	0.886290991	93751.2421	100323.345	82668.643	111064.938	2971.13837	0	0	0	0	0	3
91	47	0.0998500706	0.896138668	101863.852	100592.767	82668.643	111064.938	2749.36667	0	0	0	0	0	3
92	47	0.100925156	0.905986346	107627.354	100646.745	82668.643	111064.938	2652.66022	0	0	0	0	0	3
93	48	0.102077917	0.915834024	107523.285	100736.572	82668.643	111064.938	2347.17616	0	0	0	0	0	3
94	48	0.104046229	0.925681701	103929.843	100733.038	82668.643	111064.938	2234.43705	0	0	0	0	0	3
95	48	0.105415566	0.935529379	108236.756	100821.308	82668.643	111064.938	2234.43705	0	0	0	0	0	3
96	49	0.106091941	0.945377057	105537.767	100700.552	82668.643	111064.938	2234.43705	0	0	0	0	0	3
97	49	0.108064789	0.955224734	107681.1	100696.652	82668.643	110660.903	2234.43705	0	0	0	0	0	3
98	50	0.109759151	0.965072412	106850.344	100602.954	82668.643	109429.923	2234.43705	0	0	0	0	0	3
99	50	0.111335876	0.97492009	107711.126	100551.688	82668.643	108828.874	2234.43705	0	0	0	0	0	3
100	51	0.113020039	0.984767767	105588.508	100481.917	82668.643	108828.874	2234.43705	0	0	0	0	0	3
101	52	0.114846764	0.994615445	102274.875	100412.525	82668.643	108828.874	2234.43705	0	0	0	0	0	3
102	52	0.116698946	1.00446312	103845.332	100432.658	82668.643	108828.874	2234.43705	6647.46567	0	0	0	0	3
103	52	0.118556583	1.0143108	100388.721	100380.365	82668.643	108828.874	2169.04899	6647.46567	0	0	0	0	3
104	53	0.120247423	1.02415848	93261.5421	100245.454	82668.643	108828.874	1876.62106	6647.46567	0	0	0	0	3
105	53	0.121744859	1.03400616	87623.8768	100134.533	82668.643	108828.874	1660.98834	6647.46567	0	0	0	0	3
106	54	0.122180672	1.04385383	97372.6629	100264.373	82668.643	108828.874	1444.27134	6647.46567	0	0	0	0	3
107	55	0.12288972	1.05370151	89846.9765	100328.87	83458.6419	108828.874	1444.27134	6647.46567	0	0	0	0	3
108	55	0.124046178	1.06354919	91208.617	100233.709	83458.6419	108828.874	1444.27134	6647.46567	0	0	0	0	3
109	56	0.125327319	1.07339687	98389.2939	100143.142	83458.6419	108828.874	1444.27134	6647.46567	0	0	0	0	3
110	56	0.126612643	1.08324454	95687.9959	100227.943	83458.6419	108828.874	1444.27134	6647.46567	0	0	0	0	3
111	57	0.127594057	1.09309222	95715.6246	100251.615	83458.6419	108828.874	1444.27134	6647.46567	0	0	0	0	3
112	58	0.128667404	1.1029399	66219.0403	99777.4872	66219.0403	108828.874	1444.27134	6647.46567	0	0	0	0	3
113	58	0.129472512	1.11278758	65621.4018	99410.4409	65621.4018	108828.874	1444.27134	6647.46567	0	0	0	0	3
114	59	0.130304216	1.12263525	96212.3316	99413.2913	65621.4018	108828.874	1444.27134	6647.46567	0	0	0	0	3
115	59	0.13140465	1.13248293	98360.6638	99489.2843	65621.4018	108828.874	1444.27134	6647.46567	0	0	0	0	3
116	60	0.132186313	1.14233061	106040.678	99630.1195	65621.4018	108828.874	1444.27134	6647.46567	0	0	0	0	3
117	60	0.133520981	1.15217829	102506.937	99763.8522	65621.4018	108828.874	1410.86683	6647.46567	0	0	0	0	3
118	60	0.135173676	1.16202597	110064.748	99827.043	65621.4018	110064.748	1410.86683	6647.46567	0	0	0	0	3
119	61	0.136485982	1.17187364	105761.128	99840.2753	65621.4018	110064.748	1410.86683	6647.46567	0	0	0	0	3
120	61	0.137735622	1.18172132	104307.518	99768.8737	65621.4018	110064.748	1410.86683	6647.46567	0	0	0	0	3
121	62	0.138783743	1.191569	103380.647	99577.3445	65621.4018	110064.748	1410.86683	6647.46567	0	0	0	0	3
122	62	0.140496226	1.20141668	106377.809	99598.107	65621.4018	110064.748	1410.86683	6647.46567	0	0	0	0	3
123	63	0.142014563	1.21126435	108408.086	99548.449	65621.4018	110064.748	1410.86683	6647.46567	0	0	0	0	3
124	63	0.143698662	1.22111203	110304.901	99630.666	65621.4018	110304.901	1410.86683	6647.46567	0	0	0	0	3
125	64	0.145295994	1.23095971	108840.607	99742.6113	65621.4018	110304.901	1410.86683	6647.46567	0	0	0	0	3
126	64	0.147139407	1.24080739	107523.343	99869.7968	65621.4018	110304.901	1410.86683	6647.46567	0	0	0	0	3
127	64	0.149160531	1.25065506	104042.096	99973.8119	65621.4018	110304.901	1410.86683	6647.46567	0	0	0	0	3
128	65	0.150850297	1.26050274	103047.254	100048.302	65621.4018	110304.901	1410.86683	6647.46567	0	0	0	0	3
129	65	0.152773835	1.27035042	102039.61	100269.996	65621.4018	110304.901	1410.86683	6647.46567	0	0	0	0	3
130	66	0.15466823	1.2801981	96766.7731	100445.096	65621.4018	110304.901	1410.86683	6647.46567	0	0	0	0	3
131	66	0.156109139	1.29004578	89946.0039	100269.109	65621.4018	110304.901	1410.86683	6647.46567	0	0	0	0	3
132	67	0.156953015	1.29989345	85242.4887	100163.618	65621.4018	110304.901	1410.86683	6647.46567	0	0	0	0	3
133	67	0.157549037	1.30974113	97239.2408	100121.931	65621.4018	110304.901	1410.86683	6647.46567	0	0	0	0	3
134	68	0.158515961	1.31958881	89758.1762	100140.417	65621.4018	110304.901	1410.86683	6647.46567	0	0	0	0	3
135	69	0.159648835	1.32943649	88421.7483	100114.793	65621.4018	110304.901	1410.86683	6647.46567	0	0	0	0	3
136	69	0.160870262	1.33928416	105152.225	100264.652	65621.4018	110304.901	1410.86683	6647.46567	0	0	0	0	3
137	70	0.161610448	1.34913184	85760.9533	100121.53	65621.4018	110304.901	1410.86683	6647.46567	0	0	0	0	3
138	70	0.162473183	1.35897952	103164.778	100203.857	65621.4018	110304.901	1410.86683	6647.46567	0	0	0	0	3
139	71	0.163967378	1.3688272	98894.2618	100269.27	65621.4018	110304.901	1410.86683	6647.46567	0	0	0	0	3
140	71	0.165028567	1.37867487	98022.7232	100446.292	65621.4018	110304.901	1410.86683	6647.46567	0	0	0	0	3
141	72	0.167202193	1.38852255	96915.5959	100460.45	65621.4018	110304.901	1410.86683	6647.46567	0	0	0	0	3
142	72	0.168474817	1.39837023	94237.2794	100309.679	65621.4018	110304.901	1410.86683	6647.46567	0	0	0	0	3
143	73	0.16966077	1.40821791	99580.7489	100182.647	65621.4018	110304.901	1410.86683	6647.46567	0	0	0	0	3
144	73	0.171500431	1.41806558	101909.385	100106.514	65621.4018	110304.901	1410.86683	6647.46567	0	0	0	0	3
145	74	0.172507657	1.42791326	103812.355	100051.112	65621.4018	110304.901	1410.86683	6647.46567	0	0	0	0	3
146	74	0.174063771	1.43776094	105009.126	100000.219	65621.4018	110304.901	1290.11123	6647.46567	0	0	0	0	3
147	75	0.175548717	1.44760862	108545.441	100128.986	65621.4018	110304.901	1286.21065	6647.46567	0	0	0	0	3
148	75	0.177644412	1.4574563	110305.199	100221.356	65621.4018	110305.199	1192.51325	6647.46567	0	0	0	0	3
149	75	0.179087885	1.46730397	106497.398	100190.018	65621.4018	110305.199	1141.24705	6647.46567	0	0	0	0	3
150	76	0.18066244	1.47715165	106427.228	100160.623	65621.4018	110305.199	1071.47653	6647.46567	0	0	0	0	3
151	76	0.182293023	1.48699933	106764.597	100184.108	65621.4018	110305.199	1050.00895	6647.46567	0	0	0	0	3
152	77	0.184099255	1.49684701	102767.061	100196.327	65621.4018	110305.199	1050.00895	6647.46567	0	0	0	0	3
153	77	0.185871799	1.50669468	102566.056	100159.344	65621.4018	110305.199	1050.00895	6647.46567	0	0	0	0	3
154	78	0.187815162	1.51654236	101408.212	100188.235	65621.4018	110305.199	1050.00895	6647.46567	0	0	0	0	3
155	78	0.189598784	1.52639004	95451.4526	100235.289	65621.4018	110305.199	1050.00895	6647.46567	0	0	0	0	3
156	79	0.191019875	1.53623772	88833.9897	100274.012	65621.4018	110305.199	1050.00895	6647.46567	0	0	0	0	3
157	79	0.191830963	1.54608539	86742.9646	100134.595	65621.4018	110305.199	1050.00895	6647.46567	0	0	0	0	3
158	80	0.192433823	1.55593307	90096.9831	100152.47	65621.4018	110305.199	1050.00895	6647.46567	0	0	0	0	3
159	80	0.193388129	1.56578075	106789.76	100392.977	65621.4018	110305.199	1050.00895	6647.46567	0	0	0	0	3
160	81	0.194430792	1.57562843	84498.2403	100190.298	65621.4018	110305.199	1050.00895	6647.46567	0	0	0	0	3
161	82	0.195410841	1.58547611	100551.541	100279.558	65621.4018	110305.199	1050.00895	6647.46567	0	0	0	0	3
162	82	0.196887546	1.59532378	88401.4709	100091.065	65621.4018	110305.199	1050.00895	6647.46567	0	0	0	0	3
163	83	0.197761906	1.60517146	97147.1695	100579.996	65621.4018	110305.199	1169.55478	6647.46567	0	0	0	0	3
164	83	0.199179828	1.61501914	97330.5085	100917.663	84498.2403	110305.199	1504.37209	6647.46567	0	0	0	0	3
165	84	0.200525766	1.62486682	102299.771	100999.884	84498.2403	110305.199	1510.59994	6647.46567	0	0	0	0	3
166	84	0.202080636	1.63471449	98513.5164	100986.277	84498.2403	110305.199	1451.4352	6647.46567	0	0	0	0	3
167	85	0.203435303	1.64456217	98396.792	100881.592	84498.2403	110305.199	1451.4352	6647.46567	0	0	0	0	3
168	85	0.205196992	1.65440985	100412.774	100839.804	84498.2403	110305.199	1451.4352	6647.46567	0	0	0	0	3
169	86	0.206883394	1.66425753	105504.384	100736.894	84498.2403	110305.199	1451.4352	6647.46567	0	0	0	0	3
170	86	0.208163239	1.6741052	100356.239	100638.11	84498.2403	110305.199	1451.4352	6647.46567	0	0	0	0	3
171	86	0.209779498	1.68395288	105903.835	100692.596	84498.2403	110305.199	1451.4352	6647.46567	0	0	0	0	3
172	87	0.211401182	1.69380056	108647.521	100831.446	84498.2403	110305.199	1451.4352	6647.46567	0	0	0	0	3
173	87	0.213058181	1.70364824	109338.496	100894.814	84498.2403	110305.199	1451.4352	6647.46567	0	0	0	0	3
174	88	0.214808897	1.71349592	107882.4	100906.156	84498.2403	110305.199	1369.21822	6647.46567	0	0	0	0	3
175	88	0.216514273	1.72334359	105526.148	100796.982	84498.2403	110305.199	1257.27297	6647.46567	0	0	0	0	3
176	88	0.218252684	1.73319127	103472.132	100684.616	84498.2403	110305.199	1130.08743	6647.46567	0	0	0	0	3
177	89	0.220026652	1.74303895	102679.844	100560.217	84498.2403	110305.199	1026.07235	6647.46567	0	0	0	0	3
178	89	0.221738261	1.75288663	101442.954	100484.072	84498.2403	110305.199	999.664777	6647.46567	0	0	0	0	3
179	90	0.222560878	1.7627343	99603.193	100413.569	84498.2403	110305.199	999.664777	6647.46567	0	0	0	0	3
180	90	0.223559522	1.77258198	100168.379	100365.924	84498.2403	110305.199	999.664777	6647.46567	0	0	0	0	3
181	91	0.22508849	1.78242966	93375.25	100310.963	84498.2403	110305.199	999.664777	6647.46567	0	0	0	0	3
182	92	0.226179238	1.79227734	90681.6761	100374.212	84498.2403	110305.199	999.664777	6647.46567	0	0	0	0	3
183	92	0.226909727	1.80212501	87021.8874	100417.318	84498.2403	110305.199	999.664777	6647.46567	0	0	0	0	3
184	93	0.227553022	1.81197269	99986.7067	100440.42	84498.2403	110305.199	999.664777	6647.46567	0	0	0	0	3
185	93	0.228670772	1.82182037	87194.6865	100376.611	84498.2403	110305.199	999.664777	6647.46567	0	0	0	0	3
186	94	0.229944154	1.83166805	92714.289	100430.474	84498.2403	110305.199	999.664777	6647.46567	0	0	0	0	3
187	94	0.231152158	1.84151572	95321.9861	100260.61	84498.2403	110305.199	999.664777	6647.46567	0	0	0	0	3
188	95	0.232269871	1.8513634	96480.0826	100352.698	84498.2403	110305.199	999.664777	6647.46567	0	0	0	0	3
189	95	0.233651294	1.86121108	80606.7444	99935.3844	80606.7444	110305.199	1064.49988	6647.46567	0	0	0	0	3
190	96	0.235271576	1.87105876	93523.824	99811.5081	80606.7444	110305.199	1188.3761	6647.46567	0	0	0	0	3
191	96	0.236678747	1.88090644	91169.4209	99668.2754	80606.7444	110305.199	1331.60886	6647.46567	0	0	0	0	3
192	97	0.238231518	1.89075411	96075.5058	99673.9709	80606.7444	110305.199	1331.60886	6647.46567	0	0	0	0	3
193	97	0.239654832	1.90060179	103439.159	99846.4618	80606.7444	110305.199	1331.60886	6647.46567	0	0	0	0	3
194	98	0.24143405	1.91044947	106366.884	100012.49	80606.7444	110305.199	1331.60886	6647.46567	0	0	0	0	3
195	98	0.243189489	1.92029715	107918.029	100157.394	80606.7444	110305.199	1331.60886	6647.46567	0	0	0	0	3
196	99	0.24471457	1.93014482	107066.295	100252.333	80606.7444	110305.199	1331.60886	6647.46567	0	0	0	0	3
197	99	0.246515454	1.9399925	109232.076	100373.371	80606.7444	110305.199	1331.60886	6647.46567	0	0	0	0	3
198	99	0.247940994	1.94984018	109032.301	100376.252	80606.7444	110305.199	1331.60886	6647.46567	0	0	0	0	3
199	100	0.249627969	1.95968786	109800.731	100308.053	80606.7444	109800.731	1331.60886	6647.46567	0	0	0	0	3
200	100	0.251355147	1.96953553	108017.829	100368.689	80606.7444	109800.731	1331.60886	6647.46567	0	0	0	0	3
201	101	0.25314788	1.97938321	104894.669	100349.021	80606.7444	109800.731	1331.60886	6647.46567	0	0	0	0	3
202	102	0.254918919	1.98923089	103365.649	100278.543	80606.7444	109800.731	1331.60886	6647.46567	0	0	0	0	3
203	102	0.256848509	1.99907857	102158.003	100266.608	80606.7444	109800.731	1331.60886	6647.46567	0	0	0	0	3
204	103	0.258280312	2.00892625	99515.5295	100195.466	80606.7444	109800.731	1331.60886	6647.46567	0	0	0	0	3
205	103	0.259549305	2.01877392	94943.2489	100069.699	80606.7444	109800.731	1331.60886	6647.46567	0	0	0	0	3
206	104	0.260978545	2.0286216	89342.2456	99970.3021	80606.7444	109800.731	1331.60886	6647.46567	0	0	0	0	3
207	104	0.261694461	2.03846928	83536.352	100027.754	80606.7444	109800.731	1331.60886	6647.46567	0	0	0	0	3
208	105	0.262265337	2.04831696	100825.001	100187.197	80606.7444	109800.731	1331.60886	6647.46567	0	0	0	0	3
209	105	0.263311539	2.05816463	106386.026	100364.519	80606.7444	109800.731	1331.60886	6647.46567	0	0	0	0	3
210	106	0.264409853	2.06801231	80284.0265	99967.65	80284.0265	109800.731	1331.60886	6647.46567	0	0	0	0	3
211	106	0.265346472	2.07785999	102726.988	100231.538	80284.0265	109800.731	1331.60886	6647.46567	0	0	0	0	3
212	107	0.266770642	2.08770767	95892.254	100140.542	80284.0265	109800.731	1331.60886	6647.46567	0	0	0	0	3
213	108	0.268152473	2.09755534	96577.083	100314.696	80284.0265	109800.731	1331.60886	6647.46567	0	0	0	0	3
214	108	0.2691009	2.10740302	95881.7498	100294.584	80284.0265	109800.731	1331.60886	6647.46567	0	0	0	0	3
215	108	0.270794934	2.1172507	96642.8755	100266.89	80284.0265	109800.731	1331.60886	6647.46567	0	0	0	0	3
216	109	0.272295217	2.12709838	96782.1552	100155.92	80284.0265	109800.731	1318.00185	6647.46567	0	0	0	0	3
217	109	0.273819096	2.13694606	101012.033	100209.704	80284.0265	109800.731	1237.88043	6647.46567	0	0	0	0	3
218	110	0.275098931	2.14679373	97528.9067	100196.097	80284.0265	109800.731	1237.88043	6647.46567	0	0	0	0	3
219	110	0.276807962	2.15664141	105676.696	100321.564	80284.0265	109800.731	1237.88043	6647.46567	0	0	0	0	3
220	111	0.278275834	2.16648909	102334.551	100240.526	80284.0265	109800.731	1237.88043	6647.46567	0	0	0	0	3
221	111	0.280319872	2.17633677	106176.301	100406.621	80284.0265	109800.731	1237.88043	6647.46567	0	0	0	0	3
222	111	0.281539272	2.18618444	109191.198	100432.081	80284.0265	109800.731	1237.88043	6647.46567	0	0	0	0	3
223	112	0.283140957	2.19603212	108050.952	100416.471	80284.0265	109800.731	1237.88043	6647.46567	0	0	0	0	3
224	112	0.284895051	2.2058798	108020.411	100396.346	80284.0265	109800.731	1237.88043	6647.46567	0	0	0	0	3
225	113	0.286625937	2.21572748	106307.87	100356.331	80284.0265	109800.731	1128.70626	6647.46567	0	0	0	0	3
226	113	0.288528367	2.22557515	102691.058	100295.581	80284.0265	109800.731	1016.34055	6647.46567	0	0	0	0	3
227	113	0.290370321	2.23542283	102354.377	100271.593	80284.0265	109800.731	891.941208	6647.46567	0	0	0	0	3
228	114	0.292284008	2.24527051	100695.369	100223.692	80284.0265	109800.731	815.796483	6647.46567	0	0	0	0	3
229	114	0.294004821	2.25511819	97031.1463	100118.794	80284.0265	109800.731	772.144463	6647.46567	0	0	0	0	3
230	115	0.29526774	2.26496586	90916.9066	99964.7902	80284.0265	109800.731	772.144463	6647.46567	0	0	0	0	3
231	116	0.296302021	2.27481354	89024.7504	99806.4455	80284.0265	109800.731	772.144463	6647.46567	0	0	0	0	3
232	116	0.296858392	2.28466122	84445.9538	99824.3774	80284.0265	109800.731	772.144463	6647.46567	0	0	0	0	3
233	117	0.297503358	2.2945089	91354.6788	99887.6058	80284.0265	109800.731	772.144463	6647.46567	0	0	0	0	3
234	117	0.298571765	2.30435658	89162.1589	99858.8475	80284.0265	109800.731	772.144463	6647.46567	0	0	0	0	3
235	118	0.299851805	2.31420425	96094.2372	99791.058	80284.0265	109800.731	763.805455	6647.46567	0	0	0	0	3
236	119	0.30110747	2.32405193	95596.8333	99912.7236	80284.0265	109800.731	763.805455	6647.46567	0	0	0	0	3
237	119	0.302385864	2.33389961	101351.618	100064.65	80284.0265	109800.731	763.805455	6647.46567	0	0	0	0	3
238	120	0.303703849	2.34374729	92188.9014	100000.545	80284.0265	109800.731	763.805455	6647.46567	0	0	0	0	3
239	120	0.305468548	2.35359496	93626.4833	99900.6327	80284.0265	109800.731	763.805455	6647.46567	0	0	0	0	3
240	121	0.306949287	2.36344264	95310.5801	100171.532	80284.0265	109800.731	763.805455	6647.46567	0	0	0	0	3
241	121	0.308437941	2.37329032	99801.3723	100311.215	80284.0265	109800.731	763.805455	6647.46567	0	0	0	0	3
242	122	0.30991155	2.383138	101758.942	100516.007	80284.0265	109800.731	842.035713	6647.46567	0	0	0	0	3
243	122	0.311408198	2.39298567	103848.239	100678.384	80284.0265	109800.731	887.326299	6647.46567	0	0	0	0	3
244	122	0.313229359	2.40283335	104544.372	100720.67	80284.0265	109800.731	929.611811	6647.46567	0	0	0	0	3
245	123	0.314972364	2.41268103	107352.841	100741.258	80284.0265	109800.731	950.200494	6647.46567	0	0	0	0	3
246	123	0.316557617	2.42252871	110247.275	100774.939	80284.0265	110247.275	983.880793	6647.46567	0	0	0	0	3
247	124	0.317996732	2.43237639	107789.666	100781.764	80284.0265	110247.275	990.706092	6647.46567	0	0	0	0	3
248	124	0.319851606	2.44222406	107940.628	100755.321	80284.0265	110247.275	990.706092	6647.46567	0	0	0	0	3
249	125	0.321722755	2.45207174	107252.702	100760.178	80284.0265	110247.275	990.706092	6647.46567	0	0	0	0	3
250	125	0.323630374	2.46191942	103039.28	100612.838	80284.0265	110247.275	990.706092	6647.46567	0	0	0	0	3
251	125	0.32544673	2.4717671	102306.089	100481.728	80284.0265	110247.275	990.706092	6647.46567	0	0	0	0	3
252	126	0.326833916	2.48161477	100829.278	100380.907	80284.0265	110247.275	990.706092	6647.46567	0	0	0	0	3
253	126	0.328343677	2.49146245	100511.617	100311.601	80284.0265	110247.275	990.706092	6647.46567	0	0	0	0	3
254	127	0.329619933	2.50131013	90857.5059	100096.837	80284.0265	110247.275	990.706092	6647.46567	0	0	0	0	3
255	128	0.330873691	2.51115781	90532.7596	99943.122	80284.0265	110247.275	990.706092	6647.46567	0	0	0	0	3
256	128	0.331546199	2.52100548	82076.3604	99864.3584	80284.0265	110247.275	990.706092	6647.46567	0	0	0	0	3
257	129	0.332131567	2.53085316	94256.3073	100029.578	80284.0265	110247.275	990.706092	6647.46567	0	0	0	0	3
258	129	0.333237925	2.54070084	96409.1363	100138.634	80284.0265	110247.275	990.706092	6647.46567	0	0	0	0	3
259	130	0.334464853	2.55054852	91319.4354	99983.3371	80284.0265	110247.275	990.706092	6647.46567	0	0	0	0	3
260	131	0.335652491	2.5603962	98759.6039	99870.6505	80284.0265	110247.275	990.706092	6647.46567	0	0	0	0	3
261	131	0.336894212	2.57024387	102651.356	100215.071	82076.3604	110247.275	990.706092	6647.46567	0	0	0	0	3
262	132	0.338492582	2.58009155	93362.0584	100033.157	82076.3604	110247.275	990.706092	6647.46567	0	0	0	0	3
263	132	0.339884968	2.58993923	102364.807	100158.22	82076.3604	110247.275	990.706092	6647.46567	0	0	0	0	3
264	133	0.341217979	2.59978691	88425.0332	100011.886	82076.3604	110247.275	990.706092	6647.46567	0	0	0	0	3
265	133	0.341634631	2.60963458	80833.5021	99955.725	80833.5021	110247.275	990.706092	6647.46567	0	0	0	0	3
266	134	0.343264047	2.61948226	92290.7396	99860.8243	80833.5021	110247.275	990.706092	6647.46567	0	0	0	0	3
267	134	0.344181753	2.62932994	99581.0576	99921.5051	80833.5021	110247.275	990.706092	6647.46567	0	0	0	0	3
268	134	0.346017747	2.63917762	103906.156	99999.8163	80833.5021	110247.275	990.706092	6647.46567	0	0	0	0	3
269	135	0.347060308	2.64902529	106549.097	100138.646	80833.5021	110247.275	990.706092	6647.46567	0	0	0	0	3
270	135	0.348283155	2.65887297	105710.277	100101.55	80833.5021	110247.275	990.706092	6647.46567	0	0	0	0	3
271	136	0.349820808	2.66872065	106511.552	100193.5	80833.5021	110247.275	990.706092	6647.46567	0	0	0	0	3
272	136	0.351658141	2.67856833	108520.424	100236.539	80833.5021	110247.275	990.706092	6647.46567	0	0	0	0	3
273	137	0.353028319	2.688416	109745.099	100266.041	80833.5021	110247.275	990.706092	6647.46567	0	0	0	0	3
274	137	0.354431129	2.69826368	110770.66	100297.841	80833.5021	110770.66	990.706092	6647.46567	0	0	0	0	3
275	138	0.356026962	2.70811136	106807.269	100253.442	80833.5021	110770.66	990.706092	6647.46567	0	0	0	0	3
276	138	0.357686031	2.71795904	103118.968	100172.871	80833.5021	110770.66	990.706092	6647.46567	0	0	0	0	3
277	138	0.359461638	2.72780672	101798.233	100146.019	80833.5021	110770.66	990.706092	6647.46567	0	0	0	0	3
278	139	0.361404451	2.73765439	102423.508	100151.046	80833.5021	110770.66	990.706092	6647.46567	0	0	0	0	3
279	139	0.36307825	2.74750207	99685.2354	100125.318	80833.5021	110770.66	990.706092	6647.46567	0	0	0	0	3
280	140	0.364502514	2.75734975	94391.2991	100085.001	80833.5021	110770.66	990.706092	6647.46567	0	0	0	0	3
281	140	0.365487626	2.76719743	87815.9944	100077.77	80833.5021	110770.66	990.706092	6647.46567	0	0	0	0	3
282	141	0.366301831	2.7770451	86083.7544	100078.312	80833.5021	110770.66	990.706092	6647.46567	0	0	0	0	3
283	142	0.366857279	2.78689278	93517.3029	100150.5	80833.5021	110770.66	990.706092	6647.46567	0	0	0	0	3
284	142	0.367853504	2.79674046	97695.0415	100196.368	80833.5021	110770.66	990.706092	6647.46567	0	0	0	0	3
285	143	0.369032477	2.80658814	84218.023	100096.326	80833.5021	110770.66	990.706092	6647.46567	0	0	0	0	3
286	144	0.369885543	2.81643581	111366.57	100306.755	80833.5021	111366.57	920.939745	6647.46567	0	0	0	0	3
287	144	0.371217421	2.82628349	93499.1009	100261.784	80833.5021	111366.57	920.939745	6647.46567	0	0	0	0	3
288	145	0.372315653	2.83613117	103002.473	100284.903	80833.5021	111366.57	920.939745	6647.46567	0	0	0	0	3
289	145	0.373964398	2.84597885	97778.4197	100377.954	80833.5021	111366.57	920.939745	6647.46567	0	0	0	0	3
290	146	0.37500241	2.85582653	105049.858	100619.043	80833.5021	111366.57	920.939745	6647.46567	0	0	0	0	3
291	146	0.37640854	2.8656742	101598.373	100752.034	80833.5021	111366.57	920.939745	6647.46567	0	0	0	0	3
292	147	0.377451372	2.87552188	100777.174	100772.921	80833.5021	111366.57	920.939745	6647.46567	0	0	0	0	3
293	147	0.379119824	2.88536956	98842.9755	100705.399	80833.5021	111366.57	920.939745	6647.46567	0	0	0	0	3
294	148	0.380755061	2.89521724	103681.652	100707.752	80833.5021	111366.57	920.939745	6647.46567	0	0	0	0	3
295	148	0.382292706	2.90506491	100944.382	100611.851	80833.5021	111366.57	920.939745	6647.46567	0	0	0	0	3
296	148	0.38419054	2.91491259	101989.545	100479.878	80833.5021	111366.57	920.939745	6647.46567	0	0	0	0	3
297	149	0.38569892	2.92476027	107411.064	100407.144	80833.5021	111366.57	920.939745	6647.46567	0	0	0	0	3
298	149	0.387196702	2.93460795	107324.542	100403.335	80833.5021	111366.57	912.096263	6647.46567	0	0	0	0	3
299	150	0.38897118	2.94445562	105603.32	100334.564	80833.5021	111366.57	912.096263	6647.46567	0	0	0	0	3
300	150	0.390559946	2.9543033	106118.771	100280.013	80833.5021	111366.57	912.096263	6647.46567	0	0	0	0	3
301	151	0.392192204	2.96415098	105382.043	100324.705	80833.5021	111366.57	912.096263	6647.46567	0	0	0	0	3
302	151	0.39393485	2.97399866	102445.038	100326.108	80833.5021	111366.57	912.096263	6647.46567	0	0	0	0	3
303	152	0.395758408	2.98384633	103646.137	100403.821	80833.5021	111366.57	912.096263	6647.46567	0	0	0	0	3
304	152	0.397369782	2.99369401	99767.9389	100386.619	80833.5021	111366.57	912.096263	6647.46567	0	0	0	0	3
305	153	0.399083659	3.00354169	94075.766	100405.989	80833.5021	111366.57	912.096263	6647.46567	0	0	0	0	3
306	153	0.400489612	3.01338937	89407.5857	100361.68	80833.5021	111366.57	912.096263	6647.46567	0	0	0	0	3
307	154	0.40124958	3.02323705	84908.849	100369.619	80833.5021	111366.57	912.096263	6647.46567	0	0	0	0	3
308	154	0.401841628	3.03308472	92106.7683	100350.777	80833.5021	111366.57	912.096263	6647.46567	0	0	0	0	3
309	155	0.402801054	3.0429324	101869.613	100434.415	80833.5021	111366.57	912.096263	6647.46567	0	0	0	0	3
310	156	0.403894722	3.05278008	79884.8668	100271.791	79884.8668	111366.57	912.096263	6647.46567	0	0	0	0	3
311	156	0.404959066	3.06262776	100786.271	100305.605	79884.8668	111366.57	912.096263	6647.46567	0	0	0	0	3
312	157	0.406183033	3.07247543	94774.9844	100165.87	79884.8668	111366.57	912.096263	6647.46567	0	0	0	0	3
313	157	0.407434144	3.08232311	98363.5369	100290.905	79884.8668	111366.57	912.096263	6647.46567	0	0	0	0	3
314	158	0.408571358	3.09217079	97892.1584	100209.148	79884.8668	111366.57	912.096263	6647.46567	0	0	0	0	3
315	158	0.409848938	3.10201847	88844.6818	100226.478	79884.8668	111366.57	912.096263	6647.46567	0	0	0	0	3
316	159	0.41118006	3.11186614	93195.6844	100208.091	79884.8668	111366.57	912.096263	6647.46567	0	0	0	0	3
317	159	0.412468998	3.12171382	95274.4607	100302.614	79884.8668	111366.57	851.415483	6647.46567	0	0	0	0	3
318	160	0.413656217	3.1315615	98634.4603	100283.639	79884.8668	111366.57	773.104274	6647.46567	0	0	0	0	3
319	160	0.415412057	3.14140918	106384.151	100342.154	79884.8668	111366.57	695.150602	6647.46567	0	0	0	0	3
320	161	0.416510811	3.15125686	108957.975	100385.287	79884.8668	111366.57	695.150602	6647.46567	0	0	0	0	3
321	161	0.417794212	3.16110453	102455.199	100329.826	79884.8668	111366.57	695.150602	6647.46567	0	0	0	0	3
322	162	0.419526222	3.17095221	105882.016	100331.42	79884.8668	111366.57	695.150602	6647.46567	0	0	0	0	3
323	162	0.421070262	3.18079989	105500.056	100229.631	79884.8668	111366.57	695.150602	6647.46567	0	0	0	0	3
324	162	0.422328444	3.19064757	107856.869	100179.972	79884.8668	111366.57	695.150602	6647.46567	0	0	0	0	3
325	163	0.423898432	3.20049524	108311.135	100149.873	79884.8668	111366.57	695.150602	6647.46567	0	0	0	0	3
326	163	0.425507457	3.21034292	107980.388	100178.304	79884.8668	111366.57	695.150602	6647.46567	0	0	0	0	3
327	164	0.427209565	3.2201906	106030.933	100251.416	79884.8668	111366.57	695.150602	6647.46567	0	0	0	0	3
328	164	0.42900256	3.23003828	102165.284	100261.267	79884.8668	111366.57	695.150602	6647.46567	0	0	0	0	3
329	164	0.430824322	3.23988595	103690.11	100290.735	79884.8668	111366.57	695.150602	6647.46567	0	0	0	0	3
330	165	0.432643448	3.24973363	99868.3792	100294.26	79884.8668	111366.57	695.150602	6647.46567	0	0	0	0	3
331	165	0.434386761	3.25958131	92341.2942	100216.171	79884.8668	111366.57	695.150602	6647.46567	0	0	0	0	3
332	166	0.435877201	3.26942899	92642.6293	100229.35	79884.8668	111366.57	694.608932	6647.46567	0	0	0	0	3
333	167	0.436587032	3.27927667	83971.4864	100229.024	79884.8668	111366.57	676.59449	6647.46567	0	0	0	0	3
334	167	0.437268057	3.28912434	91412.1328	100196.692	79884.8668	111366.57	676.59449	6647.46567	0	0	0	0	3
335	168	0.438440029	3.29897202	89147.2015	100048.541	79884.8668	111366.57	724.379533	6647.46567	0	0	0	0	3
336	168	0.439576956	3.3088197	100540.511	100321.037	79884.8668	111366.57	724.379533	6647.46567	0	0	0	0	3
337	169	0.440962749	3.31866738	95526.125	100094.982	79884.8668	108957.975	724.379533	6647.46567	0	0	0	0	3
338	169	0.442352571	3.32851505	95773.8387	100134.053	79884.8668	108957.975	724.379533	6647.46567	0	0	0	0	3
339	170	0.443510764	3.33836273	95624.5944	100016.446	79884.8668	108957.975	756.474252	6647.46567	0	0	0	0	3
340	170	0.445177721	3.34821041	89384.133	99819.3811	79884.8668	108957.975	953.539473	6647.46567	0	0	0	0	3
341	171	0.446925451	3.35805809	90298.6727	99512.5403	79884.8668	108957.975	1260.38027	6647.46567	0	0	0	0	3
342	171	0.448073144	3.36790576	102854.235	99525.1308	79884.8668	108957.975	1260.38027	6647.46567	0	0	0	0	3
343	172	0.44938588	3.37775344	105422.42	99614.5998	79884.8668	108957.975	1195.21173	6647.46567	0	0	0	0	3
344	172	0.450799706	3.38760112	106063.273	99759.7552	79884.8668	108957.975	1195.21173	6647.46567	0	0	0	0	3
345	173	0.452576476	3.3974488	106622.811	99840.2442	79884.8668	108957.975	1099.31064	6647.46567	0	0	0	0	3
346	173	0.454287121	3.40729647	107329.78	99994.6196	79884.8668	108957.975	967.337458	6647.46567	0	0	0	0	3
347	173	0.455655789	3.41714415	108428.054	100103.155	79884.8668	108957.975	921.874455	6647.46567	0	0	0	0	3
348	174	0.457561312	3.42699183	108831.233	100181.2	79884.8668	108957.975	921.874455	6647.46567	0	0	0	0	3
349	174	0.459505856	3.43683951	107959.602	100242.413	79884.8668	108957.975	921.874455	6647.46567	0	0	0	0	3
350	175	0.461330925	3.44668719	106863.067	100277.935	79884.8668	108957.975	921.874455	6647.46567	0	0	0	0	3
351	175	0.463244814	3.45653486	103349.272	100231.136	79884.8668	108957.975	921.874455	6647.46567	0	0	0	0	3
352	176	0.465041832	3.46638254	102724.899	100177.241	79884.8668	108957.975	921.874455	6647.46567	0	0	0	0	3
353	176	0.466945586	3.47623022	101266.453	100151.513	79884.8668	108957.975	921.874455	6647.46567	0	0	0	0	3
354	177	0.468681172	3.4860779	96773.353	99983.723	79884.8668	108957.975	921.874455	6647.46567	0	0	0	0	3
355	177	0.469961372	3.49592557	90908.3276	99828.4624	79884.8668	108957.975	921.874455	6647.46567	0	0	0	0	3
356	178	0.471155716	3.50577325	81173.5817	99656.1221	79884.8668	108957.975	921.874455	6647.46567	0	0	0	0	3
357	178	0.471708465	3.51562093	88132.876	99769.0065	79884.8668	108957.975	921.874455	6647.46567	0	0	0	0	3
358	179	0.472594485	3.52546861	112616.965	100086.854	79884.8668	112616.965	921.874455	6647.46567	0	0	0	0	3
359	180	0.473632015	3.53531628	93571.7696	100058.508	79884.8668	112616.965	921.874455	6647.46567	0	0	0	0	3
360	180	0.474801465	3.54516396	105898.468	100129.228	79884.8668	112616.965	872.746204	6647.46567	0	0	0	0	3
361	181	0.476283446	3.55501164	97302.6418	100377.218	81173.5817	112616.965	872.746204	6647.46567	0	0	0	0	3
362	181	0.477738385	3.56485932	108439.636	100532.413	81173.5817	112616.965	1019.8722	6647.46567	0	0	0	0	3
363	182	0.478821669	3.574707	96503.2083	100569.337	81173.5817	112616.965	1056.79657	6647.46567	0	0	0	0	3
364	183	0.480686854	3.58455467	93010.4433	100414.543	81173.5817	112616.965	1056.79657	6647.46567	0	0	0	0	3
365	183	0.481833293	3.59440235	86031.9129	100228.631	81173.5817	112616.965	1056.79657	6647.46567	0	0	0	0	3
366	184	0.483233686	3.60425003	92131.6143	100272.303	81173.5817	112616.965	1056.79657	6647.46567	0	0	0	0	3
367	184	0.484619881	3.61409771	105491.62	100499.086	81173.5817	112616.965	1056.79657	6647.46567	0	0	0	0	3
368	185	0.485838626	3.62394538	101369.043	100605.321	81173.5817	112616.965	1092.78097	6647.46567	0	0	0	0	3
369	185	0.487562971	3.63379306	103025.68	100693.451	81173.5817	112616.965	1180.91061	6647.46567	0	0	0	0	3
370	186	0.489104533	3.64364074	104505.868	100637.612	81173.5817	112616.965	1180.91061	6647.46567	0	0	0	0	3
371	186	0.491247113	3.65348842	106887.391	100694.46	81173.5817	112616.965	1181.92006	6647.46567	0	0	0	0	3
372	186	0.492217011	3.66333609	106161.745	100735.348	81173.5817	112616.965	1222.80774	6647.46567	0	0	0	0	3
373	187	0.493819942	3.67318377	107731.637	100766.313	81173.5817	112616.965	1253.77256	6647.46567	0	0	0	0	3
374	187	0.495498953	3.68303145	106499.574	100797.445	81173.5817	112616.965	1284.90454	6647.46567	0	0	0	0	3
375	188	0.497223245	3.69287913	104802.953	100771.07	81173.5817	112616.965	1284.90454	6647.46567	0	0	0	0	3
376	188	0.499025816	3.70272681	102716.413	100660.175	81173.5817	112616.965	1284.90454	6647.46567	0	0	0	0	3
377	188	0.500920362	3.71257448	101985.226	100537.278	81173.5817	112616.965	1284.90454	6647.46567	0	0	0	0	3
378	189	0.502665959	3.72242216	99046.2922	100378.863	81173.5817	112616.965	1284.90454	6647.46567	0	0	0	0	3
379	190	0.504154038	3.73226984	92961.978	100189.379	81173.5817	112616.965	1284.90454	6647.46567	0	0	0	0	3
380	190	0.505392084	3.74211752	92899.8728	99982.8258	81173.5817	112616.965	1284.90454	6647.46567	0	0	0	0	3
381	191	0.506123694	3.75196519	85598.5751	99842.4415	81173.5817	112616.965	1284.90454	6647.46567	0	0	0	0	3
382	191	0.506805341	3.76181287	92163.1451	99950.7326	81173.5817	112616.965	1284.90454	6647.46567	0	0	0	0	3
383	192	0.507975032	3.77166055	79744.1472	99773.9841	79744.1472	112616.965	1284.90454	6647.46567	0	0	0	0	3
384	192	0.509152592	3.78150823	89072.2425	99754.9	79744.1472	112616.965	1284.90454	6647.46567	0	0	0	0	3
385	193	0.51028177	3.7913559	92570.8113	99721.6121	79744.1472	112616.965	1284.90454	6647.46567	0	0	0	0	3
386	193	0.511189033	3.80120358	88784.9923	99755.5715	79744.1472	112616.965	1284.90454	6647.46567	0	0	0	0	3
387	194	0.512534867	3.81105126	95504.9166	99664.9289	79744.1472	112616.965	1284.90454	6647.46567	0	0	0	0	3
388	195	0.513967913	3.82089894	108458.396	99916.1024	79744.1472	112616.965	1284.90454	6647.46567	0	0	0	0	3
389	195	0.515231576	3.83074661	77005.5876	99597.8465	77005.5876	112616.965	1284.90454	6647.46567	0	0	0	0	3
390	196	0.515969996	3.84059429	67811.3446	99337.4245	67811.3446	112616.965	1460.02036	6647.46567	0	0	0	0	3
391	196	0.517190182	3.85044197	94927.4924	99493.1026	67811.3446	112616.965	1460.02036	6647.46567	0	0	0	0	3
392	197	0.51784162	3.86028965	101621.678	99739.2526	67811.3446	112616.965	1460.02036	6647.46567	0	0	0	0	3
393	197	0.518857458	3.87013733	112702.913	99874.7902	67811.3446	112702.913	1460.02036	6647.46567	0	0	0	0	3
394	198	0.519747645	3.879985	114626.005	99957.9145	67811.3446	114626.005	1460.02036	6647.46567	0	0	0	0	3
395	198	0.521081449	3.88983268	109266.316	100011.75	67811.3446	114626.005	1460.02036	6647.46567	0	0	0	0	3
396	199	0.522698435	3.89968036	107149.567	100008.833	67811.3446	114626.005	1460.02036	6647.46567	0	0	0	0	3
397	199	0.524455101	3.90952804	108612.709	100045.753	67811.3446	114626.005	1460.02036	6647.46567	0	0	0	0	3
398	199	0.526076569	3.91937571	109907.664	100109.912	67811.3446	114626.005	1460.02036	6647.46567	0	0	0	0	3
399	200	0.527371775	3.92922339	106783.3	99995.6707	67811.3446	114626.005	1460.02036	6647.46567	0	0	0	0	3
400	200	0.528876955	3.93907107	107770.716	99941.1326	67811.3446	114626.005	1460.02036	6647.46567	0	0	0	0	3
401	201	0.530496453	3.94891875	107216.411	99928.8329	67811.3446	114626.005	1460.02036	6647.46567	0	0	0	0	3
402	202	0.53223589	3.95876642	104586.916	99951.3881	67811.3446	114626.005	1460.02036	6647.46567	0	0	0	0	3
403	202	0.534075077	3.9686141	102649.635	99951.0771	67811.3446	114626.005	1460.02036	6647.46567	0	0	0	0	3
404	203	0.535993262	3.97846178	101069.167	99945.8713	67811.3446	114626.005	1460.02036	6647.46567	0	0	0	0	3
405	203	0.537484095	3.98830946	99405.483	100014.19	67811.3446	114626.005	1460.02036	6647.46567	0	0	0	0	3
406	204	0.539121898	3.99815714	95296.932	100071.035	67811.3446	114626.005	1460.02036	6647.46567	0	0	0	0	3
407	204	0.540464485	4.00800481	94058.4779	100280.21	67811.3446	114626.005	1460.02036	6647.46567	0	0	0	0	3
408	205	0.541182518	4.01785249	85824.0387	100227.448	67811.3446	114626.005	1460.02036	6647.46567	0	0	0	0	3
409	205	0.541825996	4.02770017	89447.4735	99968.6925	67811.3446	114626.005	1460.02036	6647.46567	0	0	0	0	3
410	206	0.542934088	4.03754785	86401.3576	99847.5292	67811.3446	114626.005	1460.02036	6647.46567	0	0	0	0	3
411	206	0.544276411	4.04739552	94570.9984	99643.728	67811.3446	114626.005	1460.02036	6647.46567	0	0	0	0	3
412	207	0.54558047	4.0572432	97532.3764	99654.062	67811.3446	114626.005	1460.02036	6647.46567	0	0	0	0	3
413	207	0.547000003	4.06709088	99590.4458	99468.2046	67811.3446	114626.005	1460.02036	6647.46567	0	0	0	0	3
414	208	0.548224697	4.07693856	96488.0185	99461.8953	67811.3446	114626.005	1460.02036	6647.46567	0	0	0	0	3
415	208	0.549921141	4.08678623	100757.052	99667.4339	67811.3446	114626.005	1460.02036	6647.46567	0	0	0	0	3
416	209	0.550945075	4.09663391	88879.2569	99733.7887	67811.3446	114626.005	1460.02036	6647.46567	0	0	0	0	3
417	209	0.552789895	4.10648159	96239.9991	99794.1805	67811.3446	114626.005	1460.02036	6647.46567	0	0	0	0	3
418	210	0.554549626	4.11632927	103211.28	99767.2308	67811.3446	114626.005	1460.02036	6647.46567	0	0	0	0	3
419	210	0.556218848	4.12617695	104927.747	99861.8859	67811.3446	114626.005	1460.02036	6647.46567	0	0	0	0	3
420	211	0.557864347	4.13602462	104278.973	99887.6726	67811.3446	114626.005	1460.02036	6647.46567	0	0	0	0	3
421	211	0.559676794	4.1458723	107618.813	99985.3461	67811.3446	114626.005	1460.02036	6647.46567	0	0	0	0	3
422	211	0.561208183	4.15571998	108512.893	99960.6297	67811.3446	114626.005	1460.02036	6647.46567	0	0	0	0	3
423	212	0.562849455	4.16556766	110490.61	100120.161	67811.3446	114626.005	1460.02036	6647.46567	0	0	0	0	3
424	212	0.564489786	4.17541533	108416.708	100140.091	67811.3446	114626.005	1460.02036	6647.46567	0	0	0	0	3
425	213	0.566213413	4.18526301	106792.272	100151.238	67811.3446	114626.005	1433.64512	6647.46567	0	0	0	0	3
426	213	0.568017907	4.19511069	102575.408	100099.729	67811.3446	114626.005	1322.75084	6647.46567	0	0	0	0	3
427	214	0.569777505	4.20495837	101983.992	100079.925	67811.3446	114626.005	1199.85369	6647.46567	0	0	0	0	3
428	214	0.571647073	4.21480604	101163.353	100057.527	67811.3446	114626.005	1041.43828	6647.46567	0	0	0	0	3
429	215	0.573278074	4.22465372	97035.6202	100012.725	67811.3446	114626.005	942.785307	6647.46567	0	0	0	0	3
430	215	0.574551906	4.2345014	88951.9657	99961.623	67811.3446	114626.005	942.785307	6647.46567	0	0	0	0	3
431	216	0.57546006	4.24434908	92308.8799	99987.211	67811.3446	114626.005	942.785307	6647.46567	0	0	0	0	3
432	216	0.576147666	4.25419675	90755.1285	100046.888	67811.3446	114626.005	942.785307	6647.46567	0	0	0	0	3
433	217	0.576873694	4.26404443	87456.8021	99993.1289	67811.3446	114626.005	942.785307	6647.46567	0	0	0	0	3
434	217	0.577908272	4.27389211	95043.9984	100258.593	67811.3446	114626.005	942.785307	6647.46567	0	0	0	0	3
435	218	0.579202786	4.28373979	101505.997	100469.69	67811.3446	114626.005	1132.2659	6647.46567	0	0	0	0	3
436	219	0.580649519	4.29358747	97659.9921	100538.676	67811.3446	114626.005	1201.25141	6647.46567	0	0	0	0	3
437	219	0.58204149	4.30343514	97707.1183	100633.553	67811.3446	114626.005	1296.12803	6647.46567	0	0	0	0	3
438	220	0.583477608	4.31328282	88904.928	100493.42	67811.3446	114626.005	1296.12803	6647.46567	0	0	0	0	3
439	220	0.585210664	4.3231305	89340.0929	100061.888	67811.3446	114626.005	1296.12803	6647.46567	0	0	0	0	3
440	221	0.586492412	4.33297818	91280.2268	100312.791	67811.3446	114626.005	1296.12803	6647.46567	0	0	0	0	3
441	221	0.587810567	4.34282585	100714.592	100654.232	85824.0387	114626.005	1192.33657	6647.46567	0	0	0	0	3
442	222	0.589207297	4.35267353	104837.629	100832.395	85824.0387	114626.005	1370.49932	6647.46567	0	0	0	0	3
443	222	0.590877257	4.36252121	107771.095	100984.008	85824.0387	114626.005	1522.11275	6647.46567	0	0	0	0	3
444	223	0.592390055	4.37236889	105647.095	100918.048	85824.0387	114626.005	1522.11275	6647.46567	0	0	0	0	3
445	223	0.594178257	4.38221656	107186.207	100904.695	85824.0387	110490.61	1522.11275	6647.46567	0	0	0	0	3
446	224	0.595882934	4.39206424	109036.771	100940.921	85824.0387	110490.61	1522.11275	6647.46567	0	0	0	0	3
447	224	0.597023131	4.40191192	108863.341	100927.384	85824.0387	110490.61	1522.11275	6647.46567	0	0	0	0	3
448	224	0.598679912	4.4117596	109037.919	100926.533	85824.0387	110490.61	1522.11275	6647.46567	0	0	0	0	3
449	225	0.600371557	4.42160728	107314.628	100875.974	85824.0387	110490.61	1522.11275	6647.46567	0	0	0	0	3
450	225	0.602099188	4.43145495	104895.519	100866.514	85824.0387	110490.61	1522.11275	6647.46567	0	0	0	0	3
451	226	0.603877368	4.44130263	103171.528	100782.604	85824.0387	110490.61	1522.11275	6647.46567	0	0	0	0	3
452	226	0.605790414	4.45115031	102588.628	100690.106	85824.0387	110490.61	1522.11275	6647.46567	0	0	0	0	3
453	227	0.607582311	4.46099799	99477.383	100571.303	85824.0387	110490.61	1522.11275	6647.46567	0	0	0	0	3
454	227	0.608811405	4.47084566	92182.2639	100382.194	85824.0387	110490.61	1522.11275	6647.46567	0	0	0	0	3
455	228	0.610067599	4.48069334	86116.5183	100122.479	85824.0387	110490.61	1522.11275	6647.46567	0	0	0	0	3
456	228	0.610734467	4.49054102	86741.7278	100015.254	85824.0387	110490.61	1522.11275	6647.46567	0	0	0	0	3
457	229	0.611314949	4.5003887	106726.155	100176.256	85824.0387	110490.61	1522.11275	6647.46567	0	0	0	0	3
458	229	0.612372872	4.51023637	108545.61	100413.611	85824.0387	110490.61	1522.11275	6647.46567	0	0	0	0	3
459	230	0.613472802	4.52008405	81484.0666	100270.502	81484.0666	110490.61	1522.11275	6647.46567	0	0	0	0	3
460	231	0.614597319	4.52993173	94825.1024	100282.058	81484.0666	110490.61	1522.11275	6647.46567	0	0	0	0	3
461	231	0.616249696	4.53977941	97844.1974	100436.907	81484.0666	110490.61	1522.11275	6647.46567	0	0	0	0	3
462	232	0.617657517	4.54962709	90226.2539	100348.317	81484.0666	110490.61	1522.11275	6647.46567	0	0	0	0	3
463	233	0.618514397	4.55947476	93713.982	100320.721	81484.0666	110490.61	1522.11275	6647.46567	0	0	0	0	3
464	233	0.620444612	4.56932244	92031.3498	100116.981	81484.0666	110490.61	1522.11275	6647.46567	0	0	0	0	3
465	233	0.621777791	4.57917012	89320.3332	99981.7111	81484.0666	110490.61	1316.57419	6647.46567	0	0	0	0	3
466	234	0.623020694	4.5890178	99637.8479	99957.8709	81484.0666	110490.61	1250.21935	6647.46567	0	0	0	0	3
467	234	0.624340213	4.59886547	104915.748	100201.563	81484.0666	110490.61	1216.7773	6647.46567	0	0	0	0	3
468	235	0.625912384	4.60871315	106758.198	100442.481	81484.0666	110490.61	1216.7773	6647.46567	0	0	0	0	3
469	235	0.627349929	4.61856083	105225.626	100470.003	81484.0666	110490.61	1122.12221	6647.46567	0	0	0	0	3
470	236	0.62919094	4.62840851	107571.026	100547.185	81484.0666	110490.61	1096.33551	6647.46567	0	0	0	0	3
471	236	0.631079455	4.63825618	108132.246	100658.963	81484.0666	110490.61	1026.13718	6647.46567	0	0	0	0	3
472	236	0.632513268	4.64810386	107483.503	100620.119	81484.0666	110490.61	1026.13718	6647.46567	0	0	0	0	3
473	237	0.63403989	4.65795154	109781.905	100646.202	81484.0666	110490.61	1026.13718	6647.46567	0	0	0	0	3
474	237	0.635746353	4.66779922	108057.422	100598.047	81484.0666	109781.905	1026.13718	6647.46567	0	0	0	0	3
475	238	0.637591921	4.67764689	103563.966	100497.483	81484.0666	109781.905	1026.13718	6647.46567	0	0	0	0	3
476	238	0.639360125	4.68749457	103000.481	100409.659	81484.0666	109781.905	1026.13718	6647.46567	0	0	0	0	3
477	239	0.641235363	4.69734225	101230.215	100377.299	81484.0666	109781.905	1026.13718	6647.46567	0	0	0	0	3
478	239	0.642982997	4.70718993	97582.4506	100271.958	81484.0666	109781.905	1026.13718	6647.46567	0	0	0	0	3
479	240	0.644240197	4.71703761	89409.5035	100060.881	81484.0666	109781.905	1026.13718	6647.46567	0	0	0	0	3
480	240	0.645243439	4.72688528	87019.4404	99947.6382	81484.0666	109781.905	1036.36986	6647.46567	0	0	0	0	3
481	241	0.645852646	4.73673296	86917.9979	100032.755	81484.0666	109781.905	1036.36986	6647.46567	0	0	0	0	3
482	241	0.646415144	4.74658064	92020.766	100068.098	81484.0666	109781.905	1036.36986	6647.46567	0	0	0	0	3
483	242	0.647412479	4.75642832	88828.0234	100000.653	81484.0666	109781.905	1036.36986	6647.46567	0	0	0	0	3
484	243	0.648671763	4.76627599	87508.1878	99908.3886	81484.0666	109781.905	1075.61951	6647.46567	0	0	0	0	3
485	243	0.649777249	4.77612367	92723.0145	99867.888	81484.0666	109781.905	1116.12007	6647.46567	0	0	0	0	3
486	244	0.651297524	4.78597135	96273.2184	99762.6731	81484.0666	109781.905	1221.33502	6647.46567	0	0	0	0	3
487	244	0.652957792	4.79581903	97578.139	99754.5842	81484.0666	109781.905	1229.4239	6647.46567	0	0	0	0	3
488	245	0.654493461	4.8056667	93287.7181	99656.8511	81484.0666	109781.905	1327.15701	6647.46567	0	0	0	0	3
489	246	0.65577482	4.81551438	92058.1851	99735.7534	81484.0666	109781.905	1327.15701	6647.46567	0	0	0	0	3
490	246	0.657266503	4.82536206	93896.6728	99864.906	81484.0666	109781.905	1327.15701	6647.46567	0	0	0	0	3
491	246	0.658641763	4.83520974	98224.2227	99986.1411	81484.0666	109781.905	1327.15701	6647.46567	0	0	0	0	3
492	247	0.660358852	4.84505742	106276.999	100121.799	81484.0666	109781.905	1327.15701	6647.46567	0	0	0	0	3
493	247	0.661492032	4.85490509	106020.108	100123.142	81484.0666	109781.905	1327.15701	6647.46567	0	0	0	0	3
494	248	0.66337696	4.86475277	106636.834	100116.33	81484.0666	109781.905	1284.07014	6647.46567	0	0	0	0	3
495	248	0.665134488	4.87460045	110474.453	100251.567	81484.0666	110474.453	1284.07014	6647.46567	0	0	0	0	3
496	249	0.666373576	4.88444813	113242.655	100302.769	81484.0666	113242.655	1284.07014	6647.46567	0	0	0	0	3
497	249	0.667865301	4.8942958	111391.815	100325.735	81484.0666	113242.655	1270.5325	6647.46567	0	0	0	0	3
498	249	0.66941399	4.90414348	108695.996	100370.332	81484.0666	113242.655	1269.68145	6647.46567	0	0	0	0	3
499	250	0.671067967	4.91399116	107752.246	100340.62	81484.0666	113242.655	1219.1232	6647.46567	0	0	0	0	3
500	250	0.672864968	4.92383884	103367.689	100252.917	81484.0666	113242.655	1209.66332	6647.46567	0	0	0	0	3
501	251	0.67463108	4.93368651	101974.871	100184.264	81484.0666	113242.655	1125.75251	6647.46567	0	0	0	0	3
502	252	0.676547115	4.94353419	102234.285	100165.219	81484.0666	113242.655	1033.25469	6647.46567	0	0	0	0	3
503	252	0.678307681	4.95338187	96170.0974	100004.295	81484.0666	113242.655	1002.11162	6647.46567	0	0	0	0	3
504	253	0.67974502	4.96322955	90992.7315	99837.8862	81484.0666	113242.655	1002.11162	6647.46567	0	0	0	0	3
505	253	0.680472248	4.97307722	86158.5273	99830.3712	81484.0666	113242.655	1002.11162	6647.46567	0	0	0	0	3
506	254	0.681098676	4.9829249	95550.4811	100035.158	81484.0666	113242.655	1002.11162	6647.46567	0	0	0	0	3
507	254	0.682182304	4.99277258	102674.431	100199.263	81484.0666	113242.655	1002.11162	6647.46567	0	0	0	0	3
508	255	0.68350702	5.00262026	83708.9981	99844.1873	81484.0666	113242.655	1002.11162	6647.46567	0	0	0	0	3
509	256	0.684401583	5.01246794	98550.7208	99700.3207	81484.0666	113242.655	1002.11162	6647.46567	0	0	0	0	3
510	256	0.685976178	5.02231561	100911.993	100002.989	83708.9981	113242.655	1002.11162	6647.46567	0	0	0	0	3
511	257	0.687465259	5.03216329	98872.2177	100059.788	83708.9981	113242.655	1002.11162	6647.46567	0	0	0	0	3
512	257	0.688773843	5.04201097	93628.0354	99994.2169	83708.9981	113242.655	1002.11162	6647.46567	0	0	0	0	3
513	258	0.690151748	5.05185865	85573.2689	99909.808	83708.9981	113242.655	1002.11162	6647.46567	0	0	0	0	3
514	258	0.691694819	5.06170632	97050.7379	99922.07	83708.9981	113242.655	1002.11162	6647.46567	0	0	0	0	3
515	259	0.692359827	5.071554	96765.1243	100104.665	83708.9981	113242.655	1002.11162	6647.46567	0	0	0	0	3
516	259	0.693429442	5.08140168	100287.261	100308.049	83708.9981	113242.655	1002.11162	6647.46567	0	0	0	0	3
517	260	0.695205401	5.09124936	103503.692	100398.211	83708.9981	113242.655	1002.11162	6647.46567	0	0	0	0	3
518	260	0.696252947	5.10109703	104910.389	100381.048	83708.9981	113242.655	1002.11162	6647.46567	0	0	0	0	3
519	261	0.698219417	5.11094471	106435.626	100407.05	83708.9981	113242.655	1002.11162	6647.46567	0	0	0	0	3
520	261	0.699542154	5.12079239	107585.105	100442.619	83708.9981	113242.655	1002.11162	6647.46567	0	0	0	0	3
521	262	0.701505672	5.13064007	109527.255	100507.811	83708.9981	113242.655	1002.11162	6647.46567	0	0	0	0	3
522	262	0.703292742	5.14048775	108195.292	100498.66	83708.9981	113242.655	989.350967	6647.46567	0	0	0	0	3
523	262	0.704830006	5.15033542	107268.123	100504.074	83708.9981	113242.655	989.350967	6647.46567	0	0	0	0	3
524	263	0.706446527	5.1601831	105925.88	100429.505	83708.9981	113242.655	941.195671	6647.46567	0	0	0	0	3
525	263	0.708189518	5.17003078	102328.619	100295.516	83708.9981	113242.655	850.959901	6647.46567	0	0	0	0	3
526	264	0.71001564	5.17987846	104744.082	100324.394	83708.9981	113242.655	850.959901	6647.46567	0	0	0	0	3
527	264	0.711836417	5.18972613	100567.908	100265.223	83708.9981	113242.655	850.959901	6647.46567	0	0	0	0	3
528	265	0.713610409	5.19957381	93324.3687	100070.092	83708.9981	113242.655	850.959901	6647.46567	0	0	0	0	3
529	265	0.715049535	5.20942149	89733.0513	99923.9937	83708.9981	113242.655	850.959901	6647.46567	0	0	0	0	3
530	266	0.715629636	5.21926917	88014.887	100012.387	83708.9981	113242.655	850.959901	6647.46567	0	0	0	0	3
531	266	0.716392555	5.22911684	91995.0898	100109.626	83708.9981	113242.655	850.959901	6647.46567	0	0	0	0	3
532	267	0.717354846	5.23896452	98442.5877	100199.585	83708.9981	113242.655	850.959901	6647.46567	0	0	0	0	3
533	267	0.718591712	5.2488122	92009.3788	100122.973	83708.9981	113242.655	850.959901	6647.46567	0	0	0	0	3
534	268	0.719819706	5.25865988	93222.9567	100161.528	83708.9981	113242.655	850.959901	6647.46567	0	0	0	0	3
535	269	0.721397307	5.26850756	100844.555	100395.444	83708.9981	113242.655	850.959901	6647.46567	0	0	0	0	3
536	269	0.722870208	5.27835523	90318.2887	100308.42	83708.9981	113242.655	850.959901	6647.46567	0	0	0	0	3
537	270	0.724434869	5.28820291	93748.5568	100251.96	83708.9981	113242.655	850.959901	6647.46567	0	0	0	0	3
538	270	0.725988779	5.29805059	91526.5176	100127.091	83708.9981	113242.655	850.959901	6647.46567	0	0	0	0	3
539	271	0.727158939	5.30789827	97381.3351	100227.414	83708.9981	113242.655	807.490221	6647.46567	0	0	0	0	3
540	271	0.728782565	5.31774594	105441.674	100486.753	83708.9981	113242.655	807.490221	6647.46567	0	0	0	0	3
541	272	0.730177275	5.32759362	106044.372	100727.891	83708.9981	113242.655	1027.57019	6647.46567	0	0	0	0	3
542	272	0.731480695	5.3374413	106424.437	100877.099	83708.9981	113242.655	1176.77866	6647.46567	0	0	0	0	3
543	273	0.73334276	5.34728898	106060.123	100882.293	83708.9981	113242.655	1181.97177	6647.46567	0	0	0	0	3
544	273	0.734896533	5.35713665	106746.482	100927.106	83708.9981	113242.655	1226.78572	6647.46567	0	0	0	0	3
545	273	0.736489704	5.36698433	109073.663	100957.422	83708.9981	113242.655	1257.10106	6647.46567	0	0	0	0	3
546	274	0.738405822	5.37683201	109245.244	100945.876	83708.9981	113242.655	1257.10106	6647.46567	0	0	0	0	3
547	274	0.740112718	5.38667969	107400.977	100888.666	83708.9981	111391.815	1257.10106	6647.46567	0	0	0	0	3
548	275	0.741846565	5.39652736	103970.639	100749.115	83708.9981	109527.255	1257.10106	6647.46567	0	0	0	0	3
549	275	0.743579998	5.40637504	102801.724	100631.147	83708.9981	109527.255	1257.10106	6647.46567	0	0	0	0	3
550	276	0.745527791	5.41622272	101660.802	100499.901	83708.9981	109527.255	1257.10106	6647.46567	0	0	0	0	3
551	276	0.746862951	5.4260704	100243.918	100425.64	83708.9981	109527.255	1257.10106	6647.46567	0	0	0	0	3
552	277	0.748044674	5.43591808	95678.3693	100311.954	83708.9981	109527.255	1257.10106	6647.46567	0	0	0	0	3
553	277	0.749616498	5.44576575	89122.3182	100020.842	83708.9981	109527.255	1257.10106	6647.46567	0	0	0	0	3
554	278	0.750286515	5.45561343	84331.4609	99968.9839	83708.9981	109527.255	1257.10106	6647.46567	0	0	0	0	3
555	278	0.750829832	5.46546111	97340.9446	100130.398	83708.9981	109527.255	1257.10106	6647.46567	0	0	0	0	3
556	279	0.751814373	5.47530879	98303.7845	100247.613	83708.9981	109527.255	1257.10106	6647.46567	0	0	0	0	3
557	279	0.752943175	5.48515646	109287.792	100430.605	83708.9981	109527.255	1257.10106	6647.46567	0	0	0	0	3
558	280	0.753986161	5.49500414	110054.079	100536.528	83708.9981	110054.079	1257.10106	6647.46567	0	0	0	0	3
559	280	0.75533648	5.50485182	98902.412	100816.15	84331.4609	110054.079	1257.10106	6647.46567	0	0	0	0	3
560	281	0.756445002	5.5146995	100598.944	100840.938	84331.4609	110054.079	1047.61377	6647.46567	0	0	0	0	3
561	282	0.757049445	5.52454717	87532.2161	100726.179	84331.4609	110054.079	1047.61377	6647.46567	0	0	0	0	3
562	282	0.75816797	5.53439485	80281.0843	100441.782	80281.0843	110054.079	1047.61377	6647.46567	0	0	0	0	3
563	283	0.759622695	5.54424253	88789.1936	100328.372	80281.0843	110054.079	1047.61377	6647.46567	0	0	0	0	3
564	283	0.760560349	5.55409021	94151.2791	100534.869	80281.0843	110054.079	1035.35182	6647.46567	0	0	0	0	3
565	284	0.761904486	5.56393789	92363.6508	100455.009	80281.0843	110054.079	1033.42806	6647.46567	0	0	0	0	3
566	284	0.762782722	5.57378556	103089.305	100522.704	80281.0843	110054.079	1033.42806	6647.46567	0	0	0	0	3
567	285	0.764500327	5.58363324	102866.159	100582.883	80281.0843	110054.079	1033.42806	6647.46567	0	0	0	0	3
568	285	0.765765716	5.59348092	105067.404	100589.791	80281.0843	110054.079	1033.42806	6647.46567	0	0	0	0	3
569	286	0.767084696	5.6033286	102161.253	100555.156	80281.0843	110054.079	1033.42806	6647.46567	0	0	0	0	3
570	286	0.768886643	5.61317627	105094.35	100507.264	80281.0843	110054.079	1033.42806	6647.46567	0	0	0	0	3
571	286	0.770787991	5.62302395	108364.325	100585.54	80281.0843	110054.079	1033.42806	6647.46567	0	0	0	0	3
572	287	0.772041509	5.63287163	107793.502	100464.724	80281.0843	110054.079	1033.42806	6647.46567	0	0	0	0	3
573	287	0.773534585	5.64271931	107820.665	100424.405	80281.0843	110054.079	1033.42806	6647.46567	0	0	0	0	3
574	288	0.775299474	5.65256698	106813.603	100435.127	80281.0843	110054.079	1033.42806	6647.46567	0	0	0	0	3
575	288	0.777082809	5.66241466	103230.764	100380.051	80281.0843	110054.079	1033.42806	6647.46567	0	0	0	0	3
576	289	0.778859931	5.67226234	102837.902	100393.799	80281.0843	110054.079	1033.42806	6647.46567	0	0	0	0	3
577	289	0.780744304	5.68211002	101035.094	100298.566	80281.0843	110054.079	1033.42806	6647.46567	0	0	0	0	3
578	290	0.782507896	5.6919577	99247.4299	100265.396	80281.0843	110054.079	1033.42806	6647.46567	0	0	0	0	3
579	290	0.783793878	5.70180537	88759.5625	100230.018	80281.0843	110054.079	1033.42806	6647.46567	0	0	0	0	3
580	291	0.78502574	5.71165305	88439.4219	100238.336	80281.0843	110054.079	988.437868	6647.46567	0	0	0	0	3
581	291	0.785542298	5.72150073	88435.0948	100252.55	80281.0843	110054.079	988.437868	6647.46567	0	0	0	0	3
582	292	0.786193574	5.73134841	95222.7991	100295.874	80281.0843	110054.079	988.437868	6647.46567	0	0	0	0	3
583	292	0.78735997	5.74119608	91082.5301	100167.84	80281.0843	110054.079	988.437868	6647.46567	0	0	0	0	3
584	293	0.788657708	5.75104376	96471.3701	100243.396	80281.0843	110054.079	988.437868	6647.46567	0	0	0	0	3
585	294	0.790154617	5.76089144	95807.7846	100271.566	80281.0843	110054.079	988.437868	6647.46567	0	0	0	0	3
586	294	0.790696594	5.77073912	98513.1921	100244.77	80281.0843	110054.079	988.437868	6647.46567	0	0	0	0	3
587	295	0.791908042	5.78058679	90203.2452	100280.344	80281.0843	110054.079	988.437868	6647.46567	0	0	0	0	3
588	295	0.79377858	5.79043447	105220.291	100560.981	80281.0843	110054.079	988.437868	6647.46567	0	0	0	0	3
589	296	0.794835456	5.80028215	81413.4178	100470.956	80281.0843	110054.079	988.437868	6647.46567	0	0	0	0	3
590	296	0.795482967	5.81012983	92972.1531	100452.805	80281.0843	110054.079	988.437868	6647.46567	0	0	0	0	3
591	297	0.796831669	5.8199775	91099.0097	100148.384	80281.0843	110054.079	988.437868	6647.46567	0	0	0	0	3
592	297	0.797856065	5.82982518	97665.5256	99989.2999	80281.0843	110054.079	988.437868	6647.46567	0	0	0	0	3
593	297	0.799147146	5.83967286	101987.137	99903.4624	80281.0843	110054.079	1053.95943	6647.46567	0	0	0	0	3
594	298	0.800482623	5.84952054	105609.398	99846.2095	80281.0843	110054.079	1111.21234	6647.46567	0	0	0	0	3
595	298	0.801808185	5.85936822	108234.809	99852.1599	80281.0843	110054.079	1111.21234	6647.46567	0	0	0	0	3
596	299	0.803174257	5.86921589	108408.97	99807.1387	80281.0843	110054.079	1138.73693	6647.46567	0	0	0	0	3
597	299	0.804897951	5.87906357	108206.134	99752.8883	80281.0843	110054.079	1135.77738	6647.46567	0	0	0	0	3
598	300	0.806245149	5.88891125	110848.239	99781.515	80281.0843	110848.239	1088.0492	6647.46567	0	0	0	0	3
599	300	0.807766118	5.89875893	107563.438	99850.8837	80281.0843	110848.239	1088.0492	6647.46567	0	0	0	0	3
600	300	0.809382055	5.9086066	107426.077	99959.1775	80281.0843	110848.239	1088.0492	6647.46567	0	0	0	0	3
601	301	0.81100163	5.91845428	106299.779	100065.398	80281.0843	110848.239	1088.0492	6647.46567	0	0	0	0	3
602	302	0.812704321	5.92830196	102436.126	100123.086	80281.0843	110848.239	1088.0492	6647.46567	0	0	0	0	3
603	302	0.814461208	5.93814964	102936.017	100276.579	80281.0843	110848.239	1088.0492	6647.46567	0	0	0	0	3
604	303	0.816309263	5.94799731	101273.232	100567.081	80281.0843	110848.239	1088.0492	6647.46567	0	0	0	0	3
605	303	0.81802227	5.95784499	95058.5967	100588.37	80281.0843	110848.239	1088.0492	6647.46567	0	0	0	0	3
606	304	0.819369217	5.96769267	88664.8443	100379.79	80281.0843	110848.239	1088.0492	6647.46567	0	0	0	0	3
607	304	0.820057953	5.97754035	88437.9468	100289.219	80281.0843	110848.239	1088.0492	6647.46567	0	0	0	0	3
608	305	0.820693211	5.98738803	99597.0701	100132.802	80281.0843	110848.239	1088.0492	6647.46567	0	0	0	0	3
609	305	0.82166706	5.9972357	100695.836	99988.013	80281.0843	110848.239	1088.0492	6647.46567	0	0	0	0	3
610	306	0.822814785	6.00708338	98639.1467	99986.7945	80281.0843	110848.239	1088.0492	6647.46567	0	0	0	0	3
611	307	0.823876836	6.01693106	106909.112	100085.758	80281.0843	110848.239	973.290919	6647.46567	0	0	0	0	3
612	307	0.825041913	6.02677874	99586.8858	100188.809	80281.0843	110848.239	836.902812	6647.46567	0	0	0	0	3
613	308	0.825953834	6.03662641	98144.9625	100489.807	81413.4178	110848.239	836.902812	6647.46567	0	0	0	0	3
614	308	0.827655948	6.04647409	97615.9582	100668.096	81413.4178	110848.239	915.207678	6647.46567	0	0	0	0	3
615	309	0.829553719	6.05632177	92378.368	100528.641	81413.4178	110848.239	915.207678	6647.46567	0	0	0	0	3
616	309	0.830904598	6.06616945	85396.3959	100391.438	81413.4178	110848.239	915.207678	6647.46567	0	0	0	0	3
617	310	0.832463857	6.07601712	100768.774	100365.879	81413.4178	110848.239	915.207678	6647.46567	0	0	0	0	3
618	310	0.833706027	6.0858648	102361.974	100339.653	81413.4178	110848.239	915.207678	6647.46567	0	0	0	0	3
619	311	0.835424834	6.09571248	101397.743	100279.879	81413.4178	110848.239	915.207678	6647.46567	0	0	0	0	3
620	311	0.836932823	6.10556016	101838.012	100277.992	81413.4178	110848.239	915.207678	6647.46567	0	0	0	0	3
621	312	0.83858084	6.11540784	105217.5	100270.266	81413.4178	110848.239	915.207678	6647.46567	0	0	0	0	3
622	312	0.839438443	6.12525551	109527.667	100161.739	81413.4178	110848.239	915.207678	6647.46567	0	0	0	0	3
623	313	0.841425532	6.13510319	110144.225	100309.749	81413.4178	110848.239	915.207678	6647.46567	0	0	0	0	3
624	313	0.843059277	6.14495087	107021.653	100306.17	81413.4178	110848.239	915.207678	6647.46567	0	0	0	0	3
625	313	0.844811515	6.15479855	106556.603	100298.507	81413.4178	110848.239	915.207678	6647.46567	0	0	0	0	3
626	314	0.846614354	6.16464622	103350.804	100302.442	81413.4178	110848.239	915.207678	6647.46567	0	0	0	0	3
627	314	0.848356637	6.1744939	102268.986	100286.908	81413.4178	110848.239	915.207678	6647.46567	0	0	0	0	3
628	315	0.850221194	6.18434158	101642.343	100302.992	81413.4178	110848.239	915.207678	6647.46567	0	0	0	0	3
629	315	0.851937466	6.19418926	100432.167	100332.997	81413.4178	110848.239	915.207678	6647.46567	0	0	0	0	3
630	316	0.853167283	6.20403693	91580.9801	100392.384	81413.4178	110848.239	915.207678	6647.46567	0	0	0	0	3
631	316	0.854363972	6.21388461	85683.8409	100350.89	81413.4178	110848.239	915.207678	6647.46567	0	0	0	0	3
632	317	0.85500636	6.22373229	84503.0922	100292.942	81413.4178	110848.239	915.207678	6647.46567	0	0	0	0	3
633	318	0.855535432	6.23357997	106306.31	100386.444	81413.4178	110848.239	915.207678	6647.46567	0	0	0	0	3
634	318	0.85645789	6.24342764	101166.561	100553.912	81413.4178	110848.239	915.207678	6647.46567	0	0	0	0	3
635	319	0.857771209	6.25327532	97101.3905	100564.963	81413.4178	110848.239	915.207678	6647.46567	0	0	0	0	3
636	319	0.858904214	6.263123	105298.545	100746.553	81413.4178	110848.239	993.664749	6647.46567	0	0	0	0	3
637	320	0.860263156	6.27297068	99811.2886	100745.683	81413.4178	110848.239	993.664749	6647.46567	0	0	0	0	3
638	320	0.861310193	6.28281836	102139.896	100950.74	81413.4178	110848.239	1197.85158	6647.46567	0	0	0	0	3
639	321	0.862884441	6.29266603	100084.046	100815.429	81413.4178	110848.239	1197.85158	6647.46567	0	0	0	0	3
640	322	0.864666391	6.30251371	89410.0848	100818.032	84503.0922	110848.239	1197.85158	6647.46567	0	0	0	0	3
641	322	0.865927776	6.31236139	89559.6402	100688.557	84503.0922	110848.239	1197.85158	6647.46567	0	0	0	0	3
642	323	0.86783529	6.32220907	95542.0047	100732.447	84503.0922	110848.239	1197.85158	6647.46567	0	0	0	0	3
643	323	0.868959862	6.33205674	102722.428	100808.105	84503.0922	110848.239	1197.85158	6647.46567	0	0	0	0	3
644	324	0.870924054	6.34190442	103315.852	100855.523	84503.0922	110848.239	1197.85158	6647.46567	0	0	0	0	3
645	324	0.872709368	6.3517521	103688.756	100837.656	84503.0922	110848.239	1197.85158	6647.46567	0	0	0	0	3
646	324	0.874427	6.36159978	108287.471	100878.839	84503.0922	110848.239	1197.85158	6647.46567	0	0	0	0	3
647	325	0.875827039	6.37144745	105594.433	100828.122	84503.0922	110848.239	1197.85158	6647.46567	0	0	0	0	3
648	325	0.877250893	6.38129513	107738.412	100788.342	84503.0922	110848.239	1169.22493	6647.46567	0	0	0	0	3
649	326	0.878759075	6.39114281	107565.503	100742.4	84503.0922	110144.225	1099.85616	6647.46567	0	0	0	0	3
650	326	0.880391958	6.40099049	106413.398	100727.054	84503.0922	110144.225	991.562443	6647.46567	0	0	0	0	3
651	326	0.882187072	6.41083817	102158.805	100613.668	84503.0922	110144.225	963.945378	6647.46567	0	0	0	0	3
652	327	0.883893267	6.42068584	101985.952	100519.45	84503.0922	110144.225	963.945378	6647.46567	0	0	0	0	3
653	327	0.885701036	6.43053352	100995.985	100486.544	84503.0922	110144.225	963.945378	6647.46567	0	0	0	0	3
654	328	0.887293296	6.4403812	97028.893	100351.865	84503.0922	110144.225	963.945378	6647.46567	0	0	0	0	3
655	328	0.888509618	6.45022888	87936.9494	100119.134	84503.0922	110144.225	963.945378	6647.46567	0	0	0	0	3
656	329	0.889551958	6.46007655	94570.4845	100159.469	84503.0922	110144.225	963.945378	6647.46567	0	0	0	0	3
657	330	0.890280834	6.46992423	83135.2949	100202.821	83135.2949	110144.225	963.945378	6647.46567	0	0	0	0	3
658	330	0.890959907	6.47977191	94588.5062	100263.332	83135.2949	110144.225	963.945378	6647.46567	0	0	0	0	3
659	331	0.892010081	6.48961959	91532.813	100140.706	83135.2949	110144.225	963.945378	6647.46567	0	0	0	0	3
660	331	0.89333507	6.49946726	98598.0365	100104.642	83135.2949	110144.225	963.945378	6647.46567	0	0	0	0	3
661	332	0.894916463	6.50931494	95758.4035	100032.645	83135.2949	110144.225	918.095057	6647.46567	0	0	0	0	3
662	332	0.896408399	6.51916262	89490.8568	99715.1164	83135.2949	110144.225	1235.62347	6647.46567	0	0	0	0	3
663	333	0.897797205	6.5290103	98203.4158	99688.3134	83135.2949	110144.225	1262.42648	6647.46567	0	0	0	0	3
664	333	0.899082059	6.53885798	91748.5974	99568.0594	83135.2949	110144.225	1382.68047	6647.46567	0	0	0	0	3
665	334	0.900813083	6.54870565	93032.7015	99458.8403	83135.2949	110144.225	1491.89964	6647.46567	0	0	0	0	3
666	334	0.902103088	6.55855333	97270.7479	99605.147	83135.2949	110144.225	1491.89964	6647.46567	0	0	0	0	3
667	335	0.903518968	6.56840101	104355.891	99962.1121	83135.2949	110144.225	1491.89964	6647.46567	0	0	0	0	3
668	335	0.905035358	6.57824869	106680.376	100085.159	83135.2949	110144.225	1491.89964	6647.46567	0	0	0	0	3
669	336	0.90644508	6.58809636	105239.304	100146.168	83135.2949	110144.225	1491.89964	6647.46567	0	0	0	0	3
670	336	0.908333479	6.59794404	107799.379	100314.887	83135.2949	110144.225	1491.89964	6647.46567	0	0	0	0	3
671	337	0.90969063	6.60779172	108767.929	100440.993	83135.2949	110144.225	1491.89964	6647.46567	0	0	0	0	3
672	337	0.911477577	6.6176394	109489.762	100554.824	83135.2949	110144.225	1491.89964	6647.46567	0	0	0	0	3
673	337	0.913098104	6.62748707	108361.1	100622.095	83135.2949	110144.225	1491.89964	6647.46567	0	0	0	0	3
674	338	0.914747042	6.63733475	106104.363	100487.327	83135.2949	109489.762	1491.89964	6647.46567	0	0	0	0	3
675	338	0.916557487	6.64718243	102990.852	100403.748	83135.2949	109489.762	1491.89964	6647.46567	0	0	0	0	3
676	339	0.918372951	6.65703011	102014.513	100296.939	83135.2949	109489.762	1491.89964	6647.46567	0	0	0	0	3
677	339	0.920323607	6.66687778	100168.479	100218.846	83135.2949	109489.762	1491.89964	6647.46567	0	0	0	0	3
678	340	0.922082209	6.67672546	99475.7992	100152.673	83135.2949	109489.762	1491.89964	6647.46567	0	0	0	0	3
679	340	0.923341272	6.68657314	92587.4954	99984.4208	83135.2949	109489.762	1491.89964	6647.46567	0	0	0	0	3
680	341	0.924817408	6.69642082	71609.1357	99399.1536	71609.1357	109489.762	1551.5863	6647.46567	0	0	0	0	3
681	341	0.925093461	6.7062685	137344.391	99678.4656	71609.1357	137344.391	1551.5863	6647.46567	0	0	0	0	3
682	342	0.92567673	6.71611617	113666.816	100027.718	71609.1357	137344.391	1551.5863	6647.46567	0	0	0	0	3
683	342	0.926875276	6.72596385	98352.0299	100138.537	71609.1357	137344.391	1551.5863	6647.46567	0	0	0	0	3
684	343	0.92787582	6.73581153	89924.5019	99952.1576	71609.1357	137344.391	1551.5863	6647.46567	0	0	0	0	3
685	344	0.9292173	6.74565921	94574.5413	99837.613	71609.1357	137344.391	1551.5863	6647.46567	0	0	0	0	3
686	344	0.930440917	6.75550688	97734.1981	99851.6457	71609.1357	137344.391	1551.5863	6647.46567	0	0	0	0	3
687	345	0.931741527	6.76535456	92669.0208	99638.662	71609.1357	137344.391	1551.5863	6647.46567	0	0	0	0	3
688	345	0.933215552	6.77520224	88075.6898	99401.8131	71609.1357	137344.391	1551.5863	6647.46567	0	0	0	0	3
689	346	0.93468074	6.78504992	101862.898	99411.8863	71609.1357	137344.391	1479.68491	6647.46567	0	0	0	0	3
690	346	0.935765132	6.79489759	82588.1761	99147.0474	71609.1357	137344.391	1731.7911	6647.46567	0	0	0	0	3
691	347	0.937340942	6.80474527	96051.6539	99318.676	71609.1357	137344.391	1731.7911	6647.46567	0	0	0	0	3
692	347	0.938476916	6.81459295	106509.192	99600.9416	71609.1357	137344.391	1731.7911	6647.46567	0	0	0	0	3
693	348	0.94011105	6.82444063	106440.41	99862.7042	71609.1357	137344.391	1731.7911	6647.46567	0	0	0	0	3
694	348	0.941949061	6.83428831	106952.334	99997.1741	71609.1357	137344.391	1731.7911	6647.46567	0	0	0	0	3
695	349	0.943401312	6.84413598	108932.838	100086.282	71609.1357	137344.391	1731.7911	6647.46567	0	0	0	0	3
696	349	0.945179417	6.85398366	107868.09	100188.467	71609.1357	137344.391	1731.7911	6647.46567	0	0	0	0	3
697	349	0.946383488	6.86383134	106914.606	100107.691	71609.1357	137344.391	1681.0747	6647.46567	0	0	0	0	3
698	350	0.947977592	6.87367902	109823.476	100215.886	71609.1357	137344.391	1641.29486	6647.46567	0	0	0	0	3
699	350	0.949713985	6.88352669	106953.025	100229.511	71609.1357	137344.391	1595.35218	6647.46567	0	0	0	0	3
700	351	0.951516218	6.89337437	103451.726	100157.259	71609.1357	137344.391	1580.00632	6647.46567	0	0	0	0	3
701	352	0.953322041	6.90322205	103024.953	100088.193	71609.1357	137344.391	1475.04777	6647.46567	0	0	0	0	3
702	352	0.955216335	6.91306973	101506.313	100074.08	71609.1357	137344.391	1475.04777	6647.46567	0	0	0	0	3
703	353	0.956779573	6.9229174	99684.7945	100020.976	71609.1357	137344.391	1475.04777	6647.46567	0	0	0	0	3
704	353	0.958098439	6.93276508	90664.9801	99826.1916	71609.1357	137344.391	1475.04777	6647.46567	0	0	0	0	3
705	354	0.95928848	6.94261276	92134.5676	99760.9189	71609.1357	137344.391	1475.04777	6647.46567	0	0	0	0	3
706	354	0.959961649	6.95246044	81926.8844	99794.178	71609.1357	137344.391	1475.04777	6647.46567	0	0	0	0	3
707	355	0.960514032	6.96230811	93358.0812	99820.8074	71609.1357	137344.391	1475.04777	6647.46567	0	0	0	0	3
708	355	0.961398065	6.97215579	95965.929	99943.8973	71609.1357	137344.391	1475.04777	6647.46567	0	0	0	0	3
709	356	0.96261571	6.98200347	97101.739	99946.353	71609.1357	137344.391	1475.04777	6647.46567	0	0	0	0	3
710	357	0.963792872	6.99185115	98143.5998	100039.879	71609.1357	137344.391	1475.04777	6647.46567	0	0	0	0	3
711	357	0.965345817	7.00169883	95498.845	99968.4791	71609.1357	137344.391	1475.04777	6647.46567	0	0	0	0	3
712	358	0.966940199	7.0115465	97012.5891	99995.4837	71609.1357	137344.391	1475.04777	6647.46567	0	0	0	0	3
713	358	0.968665273	7.02139418	101490.568	100248.074	71609.1357	137344.391	1475.04777	6647.46567	0	0	0	0	3
714	359	0.969935921	7.03124186	92335.0981	100148.058	71609.1357	137344.391	1475.04777	6647.46567	0	0	0	0	3
715	359	0.971062233	7.04108954	93811.5564	100198.839	71609.1357	137344.391	1475.04777	6647.46567	0	0	0	0	3
716	360	0.972985331	7.05093721	97420.0339	100296.672	71609.1357	137344.391	1475.04777	6647.46567	0	0	0	0	3
717	360	0.974642691	7.06078489	101934.982	100387.915	71609.1357	137344.391	1475.04777	6647.46567	0	0	0	0	3
718	361	0.976156857	7.07063257	104370.336	100393.585	71609.1357	137344.391	1475.04777	6647.46567	0	0	0	0	3
719	361	0.978096767	7.08048025	108233.568	100471.268	71609.1357	137344.391	1475.04777	6647.46567	0	0	0	0	3
720	362	0.979358067	7.09032792	108268.218	100513.959	71609.1357	137344.391	1475.04777	6647.46567	0	0	0	0	3
721	362	0.980983155	7.1001756	109701.512	100530.102	71609.1357	137344.391	1475.04777	6647.46567	0	0	0	0	3
722	362	0.982560898	7.11002328	108643.115	100552.337	71609.1357	137344.391	1475.04777	6647.46567	0	0	0	0	3
723	363	0.984219383	7.11987096	107607.941	100493.649	71609.1357	137344.391	1475.04777	6647.46567	0	0	0	0	3
724	363	0.985915663	7.12971864	105199.177	100428.177	71609.1357	137344.391	1405.28976	6647.46567	0	0	0	0	3
725	364	0.987688278	7.13956631	102792.386	100357.314	71609.1357	137344.391	1405.28976	6647.46567	0	0	0	0	3
726	364	0.989578857	7.14941399	102570.298	100349.315	71609.1357	137344.391	1405.28976	6647.46567	0	0	0	0	3
727	365	0.991319656	7.15926167	99936.9578	100298.032	71609.1357	137344.391	1405.28976	6647.46567	0	0	0	0	3
728	365	0.992891283	7.16910935	93412.2844	100152.387	71609.1357	137344.391	1405.28976	6647.46567	0	0	0	0	3
729	366	0.994016151	7.17895702	86615.0756	99957.238	71609.1357	137344.391	1405.28976	6647.46567	0	0	0	0	3
730	366	0.994678077	7.1888047	84408.9226	99943.0397	71609.1357	137344.391	1405.28976	6647.46567	0	0	0	0	3
731	367	0.995247639	7.19865238	99917.9288	100536.683	81926.8844	137344.391	1405.28976	6647.46567	0	0	0	0	3
732	367	0.996489476	7.20850006	87024.4041	100159.337	81926.8844	113666.816	1405.28976	6647.46567	0	0	0	0	3
733	368	0.997606836	7.21834773	87417.7081	99851.8794	81926.8844	109823.476	1405.28976	6647.46567	0	0	0	0	3
734	369	0.998829402	7.22819541	98884.9989	99860.4343	81926.8844	109823.476	1405.28976	6647.46567	0	0	0	0	3
735	369	1	7.23804309	101980.488	100032.68	81926.8844	109823.476	1405.28976	6647.46567	0	0	0	0	3
