Iteration	CPUTime	PhysTime	Travels	Value	AvValue	MinValue	MaxValue	Delta	Criteria	PrevAvRefValue	Progress	CriteriaType	CriteriaVarType	CriteriaPercentage
1	3	0.000131502354	0.00984767767	230.950471	230.950471	230.950471	230.950471	0	0	0	0	0	0	3
2	3	0.000257595372	0.0196953553	41.8037511	138.36309	41.8037511	230.950471	92.5873808	0	0	0	0	0	3
3	3	0.000378931684	0.029543033	30.6665707	103.877986	30.6665707	230.950471	127.072485	0	0	0	0	0	3
4	4	0.000500464265	0.0393907107	15.8742758	82.5071936	15.8742758	230.950471	148.443277	0	0	0	0	0	3
5	4	0.000621916059	0.0492383884	18.3097287	69.970297	15.8742758	230.950471	160.980174	0	0	0	0	0	3
6	5	0.000830715952	0.059086066	21.3798972	57.7571329	15.8742758	230.950471	173.193338	0	0	0	0	0	3
7	5	0.00108376652	0.0689337437	24.6836008	50.0347351	15.8742758	230.950471	180.915736	0	0	0	0	0	3
8	6	0.00135525329	0.0787814214	24.9756566	45.0148556	15.8742758	230.950471	185.935615	0	0	0	0	0	3
9	6	0.00160593812	0.0886290991	19.3784248	41.0130425	15.8742758	230.950471	189.937428	0	0	0	0	0	3
10	7	0.00186758176	0.0984767767	21.2811113	38.2486471	15.8742758	230.950471	192.701824	0	0	0	0	0	3
11	7	0.00230713793	0.108324454	24.2381237	35.5793607	15.8742758	230.950471	195.37111	0	0	0	0	0	3
12	8	0.00275106709	0.118172132	21.1268016	33.2472066	15.8742758	230.950471	197.703264	0	0	0	0	0	3
13	8	0.00320392172	0.12801981	27.8204102	32.4801623	15.8742758	230.950471	198.470309	0	0	0	0	0	3
14	9	0.00363104146	0.137867487	28.1866336	31.9751141	15.8742758	230.950471	198.975357	0	0	0	0	0	3
15	9	0.00406396259	0.147715165	21.5974537	30.8696147	15.8742758	230.950471	200.080856	0	0	0	0	0	3
16	9	0.00474444515	0.157562843	25.4207494	30.0880991	15.8742758	230.950471	200.862372	0	0	0	0	0	3
17	10	0.0054858863	0.16741052	30.5287574	30.1476559	15.8742758	230.950471	200.862372	0	0	0	0	0	3
18	10	0.00624534277	0.177258198	25.194551	29.5453403	15.8742758	230.950471	201.405131	0	0	0	0	0	3
19	11	0.00700359657	0.187105876	24.8912545	29.0414594	15.8742758	230.950471	201.909012	0	0	0	0	0	3
20	11	0.00775417977	0.196953553	25.6373817	28.7119541	15.8742758	230.950471	202.238517	0	0	0	0	0	3
21	11	0.00888634463	0.206801231	22.6563462	27.9404393	15.8742758	230.950471	203.010032	0	0	0	0	0	3
22	12	0.0100191277	0.216648909	26.5654245	27.7849773	15.8742758	230.950471	203.165494	0	0	0	0	0	3
23	12	0.0109209033	0.226496586	25.4298876	27.5905097	15.8742758	230.950471	203.359961	0	0	0	0	0	3
24	13	0.0118881298	0.236344264	27.0712417	27.5482616	15.8742758	230.950471	203.402209	0	0	0	0	0	3
25	14	0.012546583	0.246191942	26.3103639	27.4832959	15.8742758	230.950471	203.467175	0	0	0	0	0	3
26	14	0.0134862903	0.25603962	25.7760136	27.3643347	15.8742758	230.950471	203.586136	0	0	0	0	0	3
27	15	0.0144304382	0.265887297	25.2269999	27.2244942	15.8742758	230.950471	203.725977	0	0	0	0	0	3
28	15	0.0154685221	0.275734975	22.9255994	26.9359977	15.8742758	230.950471	204.014473	0	0	0	0	0	3
29	16	0.0164732051	0.285582653	29.0447629	27.064609	15.8742758	230.950471	204.014473	0	0	0	0	0	3
30	16	0.0169565982	0.29543033	27.9062897	27.0886034	15.8742758	230.950471	204.014473	0	0	0	0	0	3
31	17	0.017834805	0.305278008	27.1155954	27.0899325	15.8742758	230.950471	204.014473	0	0	0	0	0	3
32	18	0.0187314091	0.315125686	30.3289392	27.2449719	15.8742758	230.950471	204.014473	0	0	0	0	0	3
33	18	0.0198895562	0.324973363	34.0775638	27.6428263	15.8742758	230.950471	204.014473	0	0	0	0	0	3
34	19	0.0204331663	0.334821041	31.7247842	27.7514239	15.8742758	230.950471	204.014473	0	0	0	0	0	3
35	19	0.0215084875	0.344668719	28.1380097	27.7707513	15.8742758	230.950471	204.014473	0	0	0	0	0	3
36	20	0.0229972817	0.354516396	26.3735137	27.6802972	15.8742758	230.950471	204.014473	0	0	0	0	0	3
37	20	0.0237111729	0.364364074	27.9547983	27.6885618	15.8742758	230.950471	204.014473	0	0	0	0	0	3
38	21	0.0251657632	0.374211752	15.3639679	26.9761958	15.3639679	230.950471	204.014473	0	0	0	0	0	3
39	21	0.0262251554	0.384059429	23.3013337	26.8277459	15.3639679	230.950471	204.122725	0	0	0	0	0	3
40	22	0.0279140349	0.393907107	21.7790378	26.5222846	15.3639679	230.950471	204.428186	0	0	0	0	0	3
41	22	0.0293534275	0.403754785	9.44360822	25.6848041	9.44360822	230.950471	205.265667	0	0	0	0	0	3
42	23	0.0301658361	0.413602462	8.1522696	25.2126282	8.1522696	230.950471	205.737843	0	0	0	0	0	3
43	23	0.031982843	0.42345014	9.03097285	24.2933172	8.1522696	230.950471	206.657154	0	0	0	0	0	3
44	24	0.0331653729	0.433297818	12.3059453	23.8659008	8.1522696	230.950471	207.08457	0	0	0	0	0	3
45	24	0.0352628108	0.443145495	15.2025271	23.3506018	8.1522696	230.950471	207.599869	0	0	0	0	0	3
46	25	0.0366184383	0.452993173	19.079489	23.1924837	8.1522696	230.950471	207.757987	0	0	0	0	0	3
47	25	0.0383364505	0.462840851	23.2354776	23.1944105	8.1522696	230.950471	207.757987	0	0	0	0	0	3
48	25	0.040020347	0.472688528	23.6835501	23.2149915	8.1522696	230.950471	207.757987	0	0	0	0	0	3
49	26	0.041726882	0.482536206	24.7767166	23.2788625	8.1522696	230.950471	207.757987	0	0	0	0	0	3
50	26	0.0434815511	0.492383884	22.6293321	23.2526512	8.1522696	230.950471	207.757987	0	0	0	0	0	3
51	27	0.0453433147	0.502231561	21.7534362	23.1910945	8.1522696	230.950471	207.759376	0	0	0	0	0	3
52	27	0.047347333	0.512079239	23.8485205	22.6403607	8.1522696	41.8037511	33.6514815	0	0	0	0	0	3
53	28	0.0491703998	0.521926917	22.2270158	22.575553	8.1522696	34.0775638	25.9252942	0	0	0	0	0	3
54	28	0.0504527906	0.531774594	17.4054044	22.4235399	8.1522696	34.0775638	25.9252942	0	0	0	0	0	3
55	29	0.051819227	0.541622272	25.5662173	22.5227281	8.1522696	34.0775638	25.9252942	0	0	0	0	0	3
56	29	0.0524970354	0.55146995	32.8325085	22.6673009	8.1522696	34.0775638	25.9252942	0	0	0	0	0	3
57	30	0.0530630387	0.561317627	35.2178626	22.8084486	8.1522696	35.2178626	27.065593	0	0	0	0	0	3
58	30	0.0539952069	0.571165305	35.6051236	23.0249262	8.1522696	35.6051236	22.5913158	0	0	0	0	0	3
59	31	0.0552274663	0.581012983	34.7972812	23.2843735	8.1522696	35.6051236	18.5895026	0	0	0	0	0	3
60	31	0.0563844045	0.59086066	33.0092689	23.5076412	8.1522696	35.6051236	15.8251073	0	0	0	0	0	3
61	32	0.0575384304	0.600708338	26.6799093	23.5838649	8.1522696	35.6051236	13.1558208	0	0	0	0	0	3
62	32	0.0589036472	0.610556016	24.2413755	23.594644	8.1522696	35.6051236	10.8236667	0	0	0	0	0	3
63	33	0.0600592237	0.620403693	25.0190581	23.6424831	8.1522696	35.6051236	10.0566224	0	0	0	0	0	3
64	33	0.061801288	0.630251371	19.4290764	23.484933	8.1522696	35.6051236	9.55157425	0	0	0	0	0	3
65	34	0.0631388376	0.640099049	17.0703079	23.3070056	8.1522696	35.6051236	8.44607479	0	0	0	0	0	3
66	34	0.064969106	0.649946726	12.948994	23.0078873	8.1522696	35.6051236	7.72411607	0	0	0	0	0	3
67	35	0.0667540196	0.659794404	7.84509401	22.5449558	7.84509401	35.6051236	7.72411607	0	0	0	0	0	3
68	35	0.0681193955	0.669642082	10.2033497	22.1814052	7.84509401	35.6051236	7.36393509	0	0	0	0	0	3
69	36	0.0700059636	0.679489759	14.3626491	21.9141718	7.84509401	35.6051236	7.12728765	0	0	0	0	0	3
70	36	0.0718390145	0.689337437	19.3669685	21.8073392	7.84509401	35.6051236	6.90461495	0	0	0	0	0	3
71	36	0.0731457443	0.699185115	23.4735227	21.7966724	7.84509401	35.6051236	6.14376686	0	0	0	0	0	3
72	37	0.0751758168	0.709032792	25.6145487	21.89891	7.84509401	35.6051236	5.98830488	0	0	0	0	0	3
73	37	0.0770295563	0.71888047	25.0499028	21.9071919	7.84509401	35.6051236	5.97407891	0	0	0	0	0	3
74	38	0.0788807909	0.728728148	23.0866417	21.8925767	7.84509401	35.6051236	5.97407891	0	0	0	0	0	3
75	38	0.0806487789	0.738575825	22.8933242	21.8454621	7.84509401	35.6051236	5.97407891	0	0	0	0	0	3
76	39	0.0825332256	0.748423503	24.6144417	21.8780121	7.84509401	35.6051236	5.97407891	0	0	0	0	0	3
77	39	0.0838568414	0.758271181	24.0230071	21.866305	7.84509401	35.6051236	5.97407891	0	0	0	0	0	3
78	40	0.0852192201	0.768118859	19.7913353	21.7815474	7.84509401	35.6051236	5.9892039	0	0	0	0	0	3
79	40	0.0863258078	0.777966536	25.1709432	21.8177193	7.84509401	35.6051236	5.9892039	0	0	0	0	0	3
80	41	0.0869122177	0.787814214	29.0028312	21.7744554	7.84509401	35.6051236	5.99629592	0	0	0	0	0	3
81	41	0.0874589805	0.797661892	30.7455151	21.8019858	7.84509401	35.6051236	5.99629592	0	0	0	0	0	3
82	42	0.0881264588	0.807509569	35.1930553	21.8627583	7.84509401	35.6051236	5.99629592	0	0	0	0	0	3
83	42	0.0893139102	0.817357247	32.4258816	21.9329227	7.84509401	35.6051236	5.99629592	0	0	0	0	0	3
84	43	0.0905421364	0.827204925	29.8915999	21.8721999	7.84509401	35.6051236	5.99629592	0	0	0	0	0	3
85	44	0.0916886194	0.837052602	21.2051297	21.7863012	7.84509401	35.6051236	5.99629592	0	0	0	0	0	3
86	44	0.0927136717	0.84690028	21.582333	21.6874432	7.84509401	35.6051236	6.00111863	0	0	0	0	0	3
87	45	0.0939381376	0.856747958	21.8346816	21.5916408	7.84509401	35.6051236	6.09692106	0	0	0	0	0	3
88	45	0.0952389638	0.866595635	23.4364203	21.5616823	7.84509401	35.6051236	5.41451348	0	0	0	0	0	3
89	46	0.0968284336	0.876443313	25.140652	21.766863	7.84509401	35.6051236	5.26606364	0	0	0	0	0	3
90	46	0.0981208039	0.886290991	18.6318262	21.6878981	7.84509401	35.6051236	4.96060227	0	0	0	0	0	3
91	47	0.0998500706	0.896138668	16.5000191	21.5610472	7.84509401	35.6051236	4.12375693	0	0	0	0	0	3
92	47	0.100925156	0.905986346	10.4796062	21.6382881	7.84509401	35.6051236	3.65158099	0	0	0	0	0	3
93	48	0.102077917	0.915834024	9.95169799	21.6033051	7.84509401	35.6051236	2.73227001	0	0	0	0	0	3
94	48	0.104046229	0.925681701	9.73411756	21.5961135	7.84509401	35.6051236	2.30485357	0	0	0	0	0	3
95	48	0.105415566	0.935529379	16.9354115	21.6598342	7.84509401	35.6051236	2.08143586	0	0	0	0	0	3
96	49	0.106091941	0.945377057	19.6323028	21.8316905	7.84509401	35.6051236	2.08143586	0	0	0	0	0	3
97	49	0.108064789	0.955224734	20.9891783	21.8606466	7.84509401	35.6051236	2.08143586	0	0	0	0	0	3
98	50	0.109759151	0.965072412	22.7375667	21.8483794	7.84509401	35.6051236	2.08143586	0	0	0	0	0	3
99	50	0.111335876	0.97492009	25.1608878	21.8782842	7.84509401	35.6051236	2.08143586	0	0	0	0	0	3
100	51	0.113020039	0.984767767	23.779813	21.8538247	7.84509401	35.6051236	2.08143586	0	0	0	0	0	3
101	52	0.114846764	0.994615445	21.626308	21.8289335	7.84509401	35.6051236	2.08143586	0	0	0	0	0	3
102	52	0.116698946	1.00446312	22.9619022	21.8603119	7.84509401	35.6051236	2.08143586	3.039057	0	100	0	0	3
103	52	0.118556583	1.0143108	20.9180723	21.7797782	7.84509401	35.6051236	2.08143586	3.039057	0	100	0	0	3
104	53	0.120247423	1.02415848	21.5414845	21.7626381	7.84509401	35.6051236	2.08143586	3.039057	0	100	0	0	3
105	53	0.121744859	1.03400616	26.1401277	21.9329613	7.84509401	35.6051236	2.08143586	3.039057	0	100	0	0	3
106	54	0.122180672	1.04385383	36.2082989	21.9508227	7.84509401	36.2082989	2.08143586	3.0555653	0	100	0	0	3
107	55	0.12288972	1.05370151	33.2835823	21.9601954	7.84509401	36.2082989	2.08143586	3.06547029	0	100	0	0	3
108	55	0.124046178	1.06354919	31.8271768	22.0152349	7.84509401	36.2082989	2.08143586	3.07207361	0	100	0	0	3
109	56	0.125327319	1.07339687	30.716539	21.9939196	7.84509401	36.2082989	2.08143586	3.07679027	0	100	0	0	3
110	56	0.126612643	1.08324454	31.9523555	21.9522127	7.84509401	36.2082989	2.08143586	3.08032776	0	100	0	0	3
111	57	0.127594057	1.09309222	22.9042282	21.7856902	7.84509401	36.2082989	2.08143586	3.08307915	0	100	0	0	3
112	58	0.128667404	1.1029399	34.8725004	21.9037663	7.84509401	36.2082989	2.08143586	3.08528026	0	100	0	0	3
113	58	0.129472512	1.11278758	31.8405752	21.9719105	7.84509401	36.2082989	2.08143586	3.08708116	0	100	0	0	3
114	59	0.130304216	1.12263525	20.589091	21.9054103	7.84509401	36.2082989	1.9238858	3.08858192	0	100	0	0	3
115	59	0.13140465	1.13248293	18.5493236	21.9143291	7.84509401	36.2082989	1.74595838	3.08985179	0	100	0	0	3
116	60	0.132186313	1.14233061	12.9923593	21.9071623	7.84509401	36.2082989	1.44684013	3.09094025	0	100	0	0	3
117	60	0.133520981	1.15217829	9.99392368	21.9143923	7.84509401	36.2082989	0.983908597	3.09188358	0	100	0	0	3
118	60	0.135173676	1.16202597	2.12001038	21.8032899	2.12001038	36.2082989	0.620357992	3.13188145	0	100	0	0	3
119	61	0.136485982	1.17187364	2.12212183	21.6571739	2.12001038	36.2082989	0.454187673	3.16717368	0	100	0	0	3
120	61	0.137735622	1.18172132	5.02187248	21.5534303	2.12001038	36.2082989	0.461804567	3.19854456	0	100	0	0	3
121	62	0.138783743	1.191569	13.4956307	21.4871421	2.12001038	36.2082989	0.528092795	3.22661324	0	100	0	0	3
122	62	0.140496226	1.20141668	18.3708214	21.3693655	2.12001038	36.2082989	0.645869401	3.25187505	0	100	0	0	3
123	63	0.142014563	1.21126435	18.9156438	21.1846881	2.12001038	36.2082989	0.830546811	3.27473098	0	100	0	0	3
124	63	0.143698662	1.22111203	27.0261609	21.2247743	2.12001038	36.2082989	0.830546811	3.29550909	0	100	0	0	3
125	64	0.145295994	1.23095971	26.2751795	21.294343	2.12001038	36.2082989	0.830546811	3.31448041	0	100	0	0	3
126	64	0.147139407	1.24080739	24.9844406	21.3541318	2.12001038	36.2082989	0.830546811	3.33187079	0	100	0	0	3
127	64	0.149160531	1.25065506	22.7976643	21.3057084	2.12001038	36.2082989	0.830546811	3.34786994	0	100	0	0	3
128	65	0.150850297	1.26050274	21.5085413	21.2571377	2.12001038	36.2082989	0.830546811	3.36263838	0	100	0	0	3
129	65	0.152773835	1.27035042	22.1722667	21.3127559	2.12001038	36.2082989	0.830546811	3.37631287	0	100	0	0	3
130	66	0.15466823	1.2801981	22.5590127	21.28483	2.12001038	36.2082989	0.830546811	3.3890106	0	100	0	0	3
131	66	0.156109139	1.29004578	24.0277196	21.2765398	2.12001038	36.2082989	0.830546811	3.40083263	0	100	0	0	3
132	67	0.156953015	1.29989345	28.6679696	21.2917953	2.12001038	36.2082989	0.830546811	3.41186653	0	100	0	0	3
133	67	0.157549037	1.30974113	29.3173606	21.2270415	2.12001038	36.2082989	0.830546811	3.42218856	0	100	0	0	3
134	68	0.158515961	1.31958881	36.6067347	21.2497709	2.12001038	36.6067347	0.830546811	3.43322856	0	100	0	0	3
135	69	0.159648835	1.32943649	30.5480716	21.2486086	2.12001038	36.6067347	0.830546811	3.44359947	0	100	0	0	3
136	69	0.160870262	1.33928416	31.0632191	21.4226096	2.12001038	36.6067347	0.830546811	3.45336033	0	100	0	0	3
137	70	0.161610448	1.34913184	35.1519053	21.5677327	2.12001038	36.6067347	0.830546811	3.46256343	0	100	0	0	3
138	70	0.162473183	1.35897952	21.6068946	21.5634563	2.12001038	36.6067347	0.830546811	3.47125524	0	100	0	0	3
139	71	0.163967378	1.3688272	20.6915513	21.5090509	2.12001038	36.6067347	0.830546811	3.47947722	0	100	0	0	3
140	71	0.165028567	1.37867487	18.3813873	21.3757467	2.12001038	36.6067347	0.830546811	3.48726647	0	100	0	0	3
141	72	0.167202193	1.38852255	14.7143121	21.2174797	2.12001038	36.6067347	0.830546811	3.49465627	0	100	0	0	3
142	72	0.168474817	1.39837023	11.731088	21.1604323	2.12001038	36.6067347	0.854802562	3.50167658	0	100	0	0	3
143	73	0.16966077	1.40821791	8.23420704	21.1044628	2.12001038	36.6067347	0.91077206	3.50835443	0	100	0	0	3
144	73	0.171500431	1.41806558	11.022146	21.0224784	2.12001038	36.6067347	0.9927565	3.51471429	0	100	0	0	3
145	74	0.172507657	1.42791326	10.8568489	21.1974664	2.12001038	36.6067347	0.9927565	3.52077835	0	100	0	0	3
146	74	0.174063771	1.43776094	16.0079197	21.1648459	2.12001038	36.6067347	0.9927565	3.52656676	0	100	0	0	3
147	75	0.175548717	1.44760862	22.642338	21.2113578	2.12001038	36.6067347	0.9927565	3.53209792	0	100	0	0	3
148	75	0.177644412	1.4574563	23.1191665	21.2751195	2.12001038	36.6067347	0.9927565	3.53738858	0	100	0	0	3
149	75	0.179087885	1.46730397	22.6062006	21.267092	2.12001038	36.6067347	0.9927565	3.54245412	0	100	0	0	3
150	76	0.18066244	1.47715165	23.6565135	21.2328026	2.12001038	36.6067347	0.9927565	3.54730859	0	100	0	0	3
151	76	0.182293023	1.48699933	25.6147297	21.2740238	2.12001038	36.6067347	0.9927565	3.55196491	0	100	0	0	3
152	77	0.184099255	1.49684701	22.4115058	21.294399	2.12001038	36.6067347	0.9927565	3.55643499	0	100	0	0	3
153	77	0.185871799	1.50669468	22.245635	21.2741249	2.12001038	36.6067347	0.9927565	3.56072976	0	100	0	0	3
154	78	0.187815162	1.51654236	23.377673	21.3426994	2.12001038	36.6067347	0.9927565	3.56485936	0	100	0	0	3
155	78	0.189598784	1.52639004	23.2099803	21.3858768	2.12001038	36.6067347	0.9927565	3.56883312	0	100	0	0	3
156	79	0.191019875	1.53623772	25.2117864	21.3615936	2.12001038	36.6067347	0.9927565	3.5726597	0	100	0	0	3
157	79	0.191830963	1.54608539	28.0641164	21.3467474	2.12001038	36.6067347	0.9927565	3.57634714	0	100	0	0	3
158	80	0.192433823	1.55593307	32.510155	21.3218163	2.12001038	36.6067347	0.9927565	3.57990288	0	100	0	0	3
159	80	0.193388129	1.56578075	36.8696438	21.360586	2.12001038	36.8696438	0.971441182	3.58383881	0	100	0	0	3
160	81	0.194430792	1.57562843	36.4268865	21.4144586	2.12001038	36.8696438	0.949432134	3.58763902	0	100	0	0	3
161	82	0.195410841	1.58547611	30.2176213	21.3429875	2.12001038	36.8696438	0.949432134	3.5913104	0	100	0	0	3
162	82	0.196887546	1.59532378	26.7594091	21.4363041	2.12001038	36.8696438	0.949432134	3.59485941	0	100	0	0	3
163	83	0.197761906	1.60517146	24.9822094	21.2724517	2.12001038	36.8696438	0.949432134	3.59829206	0	100	0	0	3
164	83	0.199179828	1.61501914	23.1077466	21.1877235	2.12001038	36.8696438	0.891913936	3.60161397	0	100	0	0	3
165	84	0.200525766	1.62486682	17.704011	21.1280413	2.12001038	36.8696438	0.891913936	3.60483043	0	100	0	0	3
166	84	0.202080636	1.63471449	16.1754498	21.0592354	2.12001038	36.8696438	0.891913936	3.60794638	0	100	0	0	3
167	85	0.203435303	1.64456217	8.80983601	20.9148365	2.12001038	36.8696438	0.999555866	3.61096645	0	100	0	0	3
168	85	0.205196992	1.65440985	9.40390007	20.8352715	2.12001038	36.8696438	0.968018413	3.613895	0	100	0	0	3
169	86	0.206883394	1.66425753	9.1153339	20.9909839	2.12212183	36.8696438	0.821902401	3.61673613	0	100	0	0	3
170	86	0.208163239	1.6741052	15.8109413	21.2439523	5.02187248	36.8696438	0.732461186	3.6194937	0	100	0	0	3
171	86	0.209779498	1.68395288	17.0519764	21.4312887	8.23420704	36.8696438	0.732461186	3.62217134	0	100	0	0	3
172	87	0.211401182	1.69380056	20.5873192	21.5269802	8.23420704	36.8696438	0.732461186	3.62477248	0	100	0	0	3
173	87	0.213058181	1.70364824	23.5654537	21.6480164	8.23420704	36.8696438	0.812744856	3.62730034	0	100	0	0	3
174	88	0.214808897	1.71349592	22.8325545	21.7334963	8.23420704	36.8696438	0.89822475	3.62975799	0	100	0	0	3
175	88	0.216514273	1.72334359	22.3529931	21.6255951	8.23420704	36.8696438	0.89822475	3.6321483	0	100	0	0	3
176	88	0.218252684	1.73319127	22.4282138	21.5429207	8.23420704	36.8696438	0.89822475	3.63447401	0	100	0	0	3
177	89	0.220026652	1.74303895	23.2911742	21.4984301	8.23420704	36.8696438	0.89822475	3.6367377	0	100	0	0	3
178	89	0.221738261	1.75288663	27.8890268	21.6129596	8.23420704	36.8696438	0.89822475	3.63894182	0	100	0	0	3
179	90	0.222560878	1.7627343	19.7331183	21.5938558	8.23420704	36.8696438	0.89822475	3.64108869	0	100	0	0	3
180	90	0.223559522	1.77258198	21.3041443	21.5740507	8.23420704	36.8696438	0.89822475	3.64318052	0	100	0	0	3
181	91	0.22508849	1.78242966	21.3052811	21.5417184	8.23420704	36.8696438	0.89822475	3.64521938	0	100	0	0	3
182	92	0.226179238	1.79227734	25.8255664	21.5572813	8.23420704	36.8696438	0.89822475	3.64720727	0	100	0	0	3
183	92	0.226909727	1.80212501	28.8900599	21.5480753	8.23420704	36.8696438	0.89822475	3.64914608	0	100	0	0	3
184	93	0.227553022	1.81197269	30.0310875	21.5598806	8.23420704	36.8696438	0.89822475	3.65103761	0	100	0	0	3
185	93	0.228670772	1.82182037	33.6858453	21.5456923	8.23420704	36.8696438	0.89822475	3.65288355	0	100	0	0	3
186	94	0.229944154	1.83166805	31.072415	21.5731848	8.23420704	36.8696438	0.89822475	3.65468554	0	100	0	0	3
187	94	0.231152158	1.84151572	32.3759035	21.5939348	8.23420704	36.8696438	0.89822475	3.65644513	0	100	0	0	3
188	95	0.232269871	1.8513634	29.5906589	21.5784042	8.23420704	36.8696438	0.89822475	3.6581638	0	100	0	0	3
189	95	0.233651294	1.86121108	31.2740901	21.7662326	8.23420704	36.8696438	0.930961106	3.65984297	0	100	0	0	3
190	96	0.235271576	1.87105876	20.1648993	21.7523649	8.23420704	36.8696438	0.930961106	3.66148397	0	100	0	0	3
191	96	0.236678747	1.88090644	18.638223	21.7411314	8.23420704	36.8696438	0.930961106	3.66308809	0	100	0	0	3
192	97	0.238231518	1.89075411	13.5030696	21.7760726	8.23420704	36.8696438	0.94080111	3.66465656	0	100	0	0	3
193	97	0.239654832	1.90060179	8.68215287	21.6938406	8.23420704	36.8696438	0.94080111	3.66619057	0	100	0	0	3
194	98	0.24143405	1.91044947	8.57281644	21.5909795	8.57281644	36.8696438	0.94080111	3.66769122	0	100	0	0	3
195	98	0.243189489	1.92029715	9.86327281	21.575019	8.57281644	36.8696438	0.94080111	3.66915961	0	100	0	0	3
196	99	0.24471457	1.93014482	15.1470847	21.5887643	8.57281644	36.8696438	0.94080111	3.67059675	0	100	0	0	3
197	99	0.246515454	1.9399925	18.400222	21.6293738	8.57281644	36.8696438	0.94080111	3.67200363	0	100	0	0	3
198	99	0.247940994	1.94984018	23.3004035	21.6415011	8.57281644	36.8696438	0.94080111	3.67338121	0	100	0	0	3
199	100	0.249627969	1.95968786	27.1604114	21.7278198	8.57281644	36.8696438	0.94080111	3.67473038	0	100	0	0	3
200	100	0.251355147	1.96953553	26.0288607	21.8130693	8.57281644	36.8696438	0.977797786	3.67605202	0	100	0	0	3
201	101	0.25314788	1.97938321	22.5418247	21.7910491	8.57281644	36.8696438	0.977797786	3.67734695	0	100	0	0	3
202	102	0.254918919	1.98923089	23.2487987	21.7407489	8.57281644	36.8696438	0.977797786	3.67861599	0	100	0	0	3
203	102	0.256848509	1.99907857	23.5666436	21.772525	8.57281644	36.8696438	0.977797786	3.6798599	0	100	0	0	3
204	103	0.258280312	2.00892625	22.2760976	21.770901	8.57281644	36.8696438	0.977797786	3.68107942	0	100	0	0	3
205	103	0.259549305	2.01877392	21.1572021	21.7165152	8.57281644	36.8696438	0.977797786	3.68227526	0	100	0	0	3
206	104	0.260978545	2.0286216	23.8798866	21.7225141	8.57281644	36.8696438	0.977797786	3.6834481	0	100	0	0	3
207	104	0.261694461	2.03846928	32.3880131	21.7603923	8.57281644	36.8696438	0.977797786	3.68459861	0	100	0	0	3
208	105	0.262265337	2.04831696	33.735646	21.7848621	8.57281644	36.8696438	0.977797786	3.6857274	0	100	0	0	3
209	105	0.263311539	2.05816463	32.8617361	21.8571385	8.57281644	36.8696438	1.021867	3.6868351	0	100	0	0	3
210	106	0.264409853	2.06801231	33.9819826	21.8429227	8.57281644	36.4268865	1.021867	3.68792228	0	100	0	0	3
211	106	0.265346472	2.07785999	26.6691707	21.6922394	8.57281644	33.9819826	1.021867	3.68898952	0	100	0	0	3
212	107	0.266770642	2.08770767	25.4651672	21.6504513	8.57281644	33.9819826	1.021867	3.69003735	0	100	0	0	3
213	108	0.268152473	2.09755534	26.6842032	21.6421915	8.57281644	33.9819826	1.021867	3.6910663	0	100	0	0	3
214	108	0.2691009	2.10740302	21.2204532	21.595648	8.57281644	33.9819826	1.021867	3.69207687	0	100	0	0	3
215	108	0.270794934	2.1172507	21.2847329	21.558355	8.57281644	33.9819826	1.021867	3.69306956	0	100	0	0	3
216	109	0.272295217	2.12709838	16.3371622	21.5214931	8.57281644	33.9819826	1.021867	3.69404484	0	100	0	0	3
217	109	0.273819096	2.13694606	15.6766011	21.513206	8.57281644	33.9819826	1.021867	3.69500315	0	100	0	0	3
218	110	0.275098931	2.14679373	12.0826519	21.58492	8.57281644	33.9819826	1.021867	3.69594494	0	100	0	0	3
219	110	0.276807962	2.15664141	7.71831953	21.5536499	7.71831953	33.9819826	0.866154594	3.69687063	0	100	0	0	3
220	111	0.278275834	2.16648909	12.1784541	21.6547028	7.71831953	33.9819826	0.613186188	3.69777868	0	100	0	0	3
221	111	0.280319872	2.17633677	17.9253525	21.6527096	7.71831953	33.9819826	0.425849821	3.69600378	0	100	0	0	3
222	111	0.281539272	2.18618444	20.4262304	21.7354915	7.71831953	33.9819826	0.358708413	3.69179851	0	100	0	0	3
223	112	0.283140957	2.19603212	23.152729	21.7930877	7.71831953	33.9819826	0.358708413	3.68766274	0	100	0	0	3
224	112	0.284895051	2.2058798	25.0350282	21.8313669	7.71831953	33.9819826	0.358708413	3.68359477	0	100	0	0	3
225	113	0.286625937	2.21572748	23.961124	21.8582905	7.71831953	33.9819826	0.359860382	3.67959294	0	100	0	0	3
226	113	0.288528367	2.22557515	22.2888558	21.8579498	7.71831953	33.9819826	0.359860382	3.67565566	0	100	0	0	3
227	113	0.290370321	2.23542283	22.2359818	21.8538588	7.71831953	33.9819826	0.359860382	3.67178138	0	100	0	0	3
228	114	0.292284008	2.24527051	23.0370038	21.8499065	7.71831953	33.9819826	0.345084483	3.6679686	0	100	0	0	3
229	114	0.294004821	2.25511819	23.5068196	21.7463264	7.71831953	33.9819826	0.345084483	3.66421585	0	100	0	0	3
230	115	0.29526774	2.26496586	25.3794678	21.8322118	7.71831953	33.9819826	0.345084483	3.66052175	0	100	0	0	3
231	116	0.296302021	2.27481354	26.269283	21.9025494	7.71831953	33.9819826	0.389343397	3.65688492	0	100	0	0	3
232	116	0.296858392	2.28466122	28.4915648	21.9663525	7.71831953	33.9819826	0.45314646	3.65330403	0	100	0	0	3
233	117	0.297503358	2.2945089	33.626926	22.0127778	7.71831953	33.9819826	0.499571841	3.64977782	0	100	0	0	3
234	117	0.298571765	2.30435658	32.2668138	22.0955511	7.71831953	33.9819826	0.582345135	3.64630504	0	100	0	0	3
235	118	0.299851805	2.31420425	32.121578	22.2024523	7.71831953	33.9819826	0.689246328	3.64288448	0	100	0	0	3
236	119	0.30110747	2.32405193	28.7122973	22.1381013	7.71831953	33.9819826	0.689246328	3.63951497	0	100	0	0	3
237	119	0.302385864	2.33389961	22.4908355	21.9872785	7.71831953	33.9819826	0.689246328	3.63619538	0	100	0	0	3
238	120	0.303703849	2.34374729	28.1743118	21.9266998	7.71831953	33.9819826	0.689246328	3.63292461	0	100	0	0	3
239	120	0.305468548	2.35359496	24.1002364	21.8620747	7.71831953	33.9819826	0.689246328	3.62970159	0	100	0	0	3
240	121	0.306949287	2.36344264	20.1884967	21.6508805	7.71831953	33.9819826	0.689246328	3.62652527	0	100	0	0	3
241	121	0.308437941	2.37329032	16.5630698	21.5802704	7.71831953	33.9819826	0.689246328	3.62339466	0	100	0	0	3
242	122	0.30991155	2.383138	9.14342582	21.3865446	7.71831953	33.9819826	0.815907751	3.62030877	0	100	0	0	3
243	122	0.311408198	2.39298567	8.71758038	21.2947154	7.71831953	33.9819826	0.907736899	3.61726666	0	100	0	0	3
244	122	0.313229359	2.40283335	11.4915182	21.2960534	7.71831953	33.9819826	0.907736899	3.61426739	0	100	0	0	3
245	123	0.314972364	2.41268103	18.0160245	21.5261418	7.71831953	33.9819826	0.907736899	3.61131007	0	100	0	0	3
246	123	0.316557617	2.42252871	20.2378834	21.7773576	7.71831953	33.9819826	0.907736899	3.60839382	0	100	0	0	3
247	124	0.317996732	2.43237639	23.4194188	21.9475875	7.71831953	33.9819826	0.907736899	3.60551779	0	100	0	0	3
248	124	0.319851606	2.44222406	24.2265242	22.0923392	7.71831953	33.9819826	0.907736899	3.60268117	0	100	0	0	3
249	125	0.321722755	2.45207174	24.44815	22.1287429	7.71831953	33.9819826	0.907736899	3.59988314	0	100	0	0	3
250	125	0.323630374	2.46191942	22.2844943	22.0180549	7.71831953	33.9819826	0.907736899	3.59712291	0	100	0	0	3
251	125	0.32544673	2.4717671	22.0563655	21.9254966	7.71831953	33.9819826	0.907736899	3.59439974	0	100	0	0	3
252	126	0.326833916	2.48161477	24.6680288	21.9621316	7.71831953	33.9819826	0.907736899	3.59171288	0	100	0	0	3
253	126	0.328343677	2.49146245	24.6913216	21.9872142	7.71831953	33.9819826	0.907736899	3.58906161	0	100	0	0	3
254	127	0.329619933	2.50131013	23.5976851	21.9735787	7.71831953	33.9819826	0.907736899	3.58644522	0	100	0	0	3
255	128	0.330873691	2.51115781	24.921073	22.018518	7.71831953	33.9819826	0.907736899	3.58386303	0	100	0	0	3
256	128	0.331546199	2.52100548	28.5048638	22.0942869	7.71831953	33.9819826	0.907736899	3.58131437	0	100	0	0	3
257	129	0.332131567	2.53085316	32.6025133	22.1448698	7.71831953	33.9819826	0.907736899	3.57879861	0	100	0	0	3
258	129	0.333237925	2.54070084	32.3964266	22.200901	7.71831953	33.9819826	0.907736899	3.57631509	0	100	0	0	3
259	130	0.334464853	2.55054852	31.3411011	22.2650213	7.71831953	33.9819826	0.970305923	3.57386321	0	100	0	0	3
260	131	0.335652491	2.5603962	29.5370397	22.231157	7.71831953	33.9819826	0.970305923	3.57144237	0	100	0	0	3
261	131	0.336894212	2.57024387	26.5839309	22.1276703	7.71831953	33.626926	0.970305923	3.56874713	0	100	0	0	3
262	132	0.338492582	2.58009155	27.935682	22.1964327	7.71831953	33.626926	0.970305923	3.56441272	0	100	0	0	3
263	132	0.339884968	2.58993923	18.7636742	22.0673887	7.71831953	33.626926	0.970305923	3.56013215	0	100	0	0	3
264	133	0.341217979	2.59978691	24.8883795	22.0315408	7.71831953	33.626926	0.970305923	3.55590442	0	100	0	0	3
265	133	0.341634631	2.60963458	34.2303957	22.1122196	7.71831953	34.2303957	0.970305923	3.55189541	0	100	0	0	3
266	134	0.343264047	2.61948226	15.7056292	21.9875153	7.71831953	34.2303957	0.970305923	3.5479353	0	100	0	0	3
267	134	0.344181753	2.62932994	11.4072854	21.9703714	7.71831953	34.2303957	0.970305923	3.54402318	0	100	0	0	3
268	134	0.346017747	2.63917762	8.49111556	21.7604383	7.71831953	34.2303957	0.970305923	3.5401582	0	100	0	0	3
269	135	0.347060308	2.64902529	8.79550646	21.7447248	7.71831953	34.2303957	0.970305923	3.5363395	0	100	0	0	3
270	135	0.348283155	2.65887297	11.6407352	21.9072417	8.49111556	34.2303957	0.970305923	3.53256627	0	100	0	0	3
271	136	0.349820808	2.66872065	14.4318326	21.9461827	8.49111556	34.2303957	0.970305923	3.52883768	0	100	0	0	3
272	136	0.351658141	2.67856833	17.5589431	21.9483962	8.49111556	34.2303957	0.970305923	3.52515297	0	100	0	0	3
273	137	0.353028319	2.688416	23.5464429	22.0049886	8.49111556	34.2303957	0.970305923	3.52151135	0	100	0	0	3
274	137	0.354431129	2.69826368	25.9273813	22.056385	8.49111556	34.2303957	0.970305923	3.51791207	0	100	0	0	3
275	138	0.356026962	2.70811136	23.3500099	22.0119547	8.49111556	34.2303957	0.970305923	3.51435441	0	100	0	0	3
276	138	0.357686031	2.71795904	20.5379371	21.9300622	8.49111556	34.2303957	0.970305923	3.51083764	0	100	0	0	3
277	138	0.359461638	2.72780672	21.5919746	21.9119763	8.49111556	34.2303957	0.970305923	3.50736106	0	100	0	0	3
278	139	0.361404451	2.73765439	23.0600043	21.9349737	8.49111556	34.2303957	0.970305923	3.50392398	0	100	0	0	3
279	139	0.36307825	2.74750207	22.9322408	21.9287625	8.49111556	34.2303957	0.970305923	3.50052575	0	100	0	0	3
280	140	0.364502514	2.75734975	22.5639967	21.9030766	8.49111556	34.2303957	0.970305923	3.49716569	0	100	0	0	3
281	140	0.365487626	2.76719743	26.252053	21.9015645	8.49111556	34.2303957	0.970305923	3.49384318	0	100	0	0	3
282	141	0.366301831	2.7770451	28.5618942	21.9144993	8.49111556	34.2303957	0.970305923	3.49055758	0	100	0	0	3
283	142	0.366857279	2.78689278	33.0429451	21.9505281	8.49111556	34.2303957	0.970305923	3.48730829	0	100	0	0	3
284	142	0.367853504	2.79674046	33.1878045	22.0026101	8.49111556	34.2303957	0.970305923	3.48409471	0	100	0	0	3
285	143	0.369032477	2.80658814	34.6002732	22.0577608	8.49111556	34.6002732	0.970305923	3.48113752	0	100	0	0	3
286	144	0.369885543	2.81643581	30.1927549	21.9729103	8.49111556	34.6002732	0.970305923	3.47821247	0	100	0	0	3
287	144	0.371217421	2.82628349	26.3813356	21.9359552	8.49111556	34.6002732	0.970305923	3.47531905	0	100	0	0	3
288	145	0.372315653	2.83613117	22.2910836	21.9313885	8.49111556	34.6002732	0.970305923	3.47245673	0	100	0	0	3
289	145	0.373964398	2.84597885	29.2736448	21.986575	8.49111556	34.6002732	0.970305923	3.46962503	0	100	0	0	3
290	146	0.37500241	2.85582653	17.0708117	21.8595492	8.49111556	34.6002732	0.970305923	3.46682346	0	100	0	0	3
291	146	0.37640854	2.8656742	15.1815734	21.7599841	8.49111556	34.6002732	0.970305923	3.46405153	0	100	0	0	3
292	147	0.377451372	2.87552188	8.61339709	21.6734318	8.49111556	34.6002732	0.970305923	3.46130878	0	100	0	0	3
293	147	0.379119824	2.88536956	7.57845815	21.6004283	7.57845815	34.6002732	0.970305923	3.45867491	0	100	0	0	3
294	148	0.380755061	2.89521724	11.0161983	21.6288846	7.57845815	34.6002732	0.968967989	3.45606848	0	100	0	0	3
295	148	0.382292706	2.90506491	8.81419427	21.6108916	7.57845815	34.6002732	0.738879572	3.45348906	0	100	0	0	3
296	148	0.38419054	2.91491259	11.4334815	21.4223694	7.57845815	34.6002732	0.842651944	3.45093623	0	100	0	0	3
297	149	0.38569892	2.92476027	19.1354774	21.3996364	7.57845815	34.6002732	0.86538499	3.44840958	0	100	0	0	3
298	149	0.387196702	2.93460795	24.9428308	21.4343219	7.57845815	34.6002732	0.86538499	3.44590872	0	100	0	0	3
299	150	0.38897118	2.94445562	24.9243053	21.448988	7.57845815	34.6002732	0.86538499	3.44343324	0	100	0	0	3
300	150	0.390559946	2.9543033	25.1566633	21.4530373	7.57845815	34.6002732	0.86538499	3.44098277	0	100	0	0	3
301	151	0.392192204	2.96415098	24.449857	21.501249	7.57845815	34.6002732	0.86538499	3.43855693	0	100	0	0	3
302	151	0.39393485	2.97399866	22.9068833	21.5222925	7.57845815	34.6002732	0.86538499	3.43615535	0	100	0	0	3
303	152	0.395758408	2.98384633	23.9754134	21.523884	7.57845815	34.6002732	0.86538499	3.43377766	0	100	0	0	3
304	152	0.397369782	2.99369401	23.0933188	21.4912423	7.57845815	34.6002732	0.86538499	3.43142352	0	100	0	0	3
305	153	0.399083659	3.00354169	24.1972888	21.5193069	7.57845815	34.6002732	0.86538499	3.42909256	0	100	0	0	3
306	153	0.400489612	3.01338937	25.6641269	21.5417505	7.57845815	34.6002732	0.86538499	3.42678446	0	100	0	0	3
307	154	0.40124958	3.02323705	30.5375202	21.5726492	7.57845815	34.6002732	0.86538499	3.42449888	0	100	0	0	3
308	154	0.401841628	3.03308472	31.5606481	21.5648577	7.57845815	34.6002732	0.86538499	3.42223549	0	100	0	0	3
309	155	0.402801054	3.0429324	37.1457197	21.607482	7.57845815	37.1457197	0.86538499	3.42134018	0	100	0	0	3
310	156	0.403894722	3.05278008	37.0148497	21.6781732	7.57845815	37.1457197	0.831520695	3.42045347	0	100	0	0	3
311	156	0.404959066	3.06262776	28.71279	21.6515346	7.57845815	37.1457197	0.796796301	3.41957525	0	100	0	0	3
312	157	0.406183033	3.07247543	26.2132234	21.6437224	7.57845815	37.1457197	0.796796301	3.4187054	0	100	0	0	3
313	157	0.407434144	3.08232311	26.4449028	21.5849759	7.57845815	37.1457197	0.712583289	3.41784379	0	100	0	0	3
314	158	0.408571358	3.09217079	20.4761155	21.6238093	7.57845815	37.1457197	0.712583289	3.4169903	0	100	0	0	3
315	158	0.409848938	3.10201847	24.4292645	21.6126261	7.57845815	37.1457197	0.712583289	3.41614483	0	100	0	0	3
316	159	0.41118006	3.11186614	14.214515	21.3954298	7.57845815	37.1457197	0.662331049	3.41530727	0	100	0	0	3
317	159	0.412468998	3.12171382	12.7293325	21.3679894	7.57845815	37.1457197	0.689771432	3.41447749	0	100	0	0	3
318	160	0.413656217	3.1315615	8.26408862	21.2756362	7.57845815	37.1457197	0.782124582	3.4136554	0	100	0	0	3
319	160	0.415412057	3.14140918	6.87691447	21.24956	6.87691447	37.1457197	0.808200861	3.41319481	0	100	0	0	3
320	161	0.416510811	3.15125686	5.33615034	21.1847537	5.33615034	37.1457197	0.873007165	3.4135122	0	100	0	0	3
321	161	0.417794212	3.16110453	11.1505733	21.1673896	5.33615034	37.1457197	0.890371216	3.41382668	0	100	0	0	3
322	162	0.419526222	3.17095221	16.4032904	21.197595	5.33615034	37.1457197	0.890371216	3.41413831	0	100	0	0	3
323	162	0.421070262	3.18079989	19.3269293	21.2522977	5.33615034	37.1457197	0.890371216	3.41444711	0	100	0	0	3
324	162	0.422328444	3.19064757	24.1074533	21.2587756	5.33615034	37.1457197	0.890371216	3.41475314	0	100	0	0	3
325	163	0.423898432	3.20049524	24.9376876	21.2476435	5.33615034	37.1457197	0.890371216	3.41505642	0	100	0	0	3
326	163	0.425507457	3.21034292	25.4018402	21.2955587	5.33615034	37.1457197	0.890371216	3.41535699	0	100	0	0	3
327	164	0.427209565	3.2201906	24.674293	21.396358	5.33615034	37.1457197	0.890371216	3.41565489	0	100	0	0	3
328	164	0.42900256	3.23003828	22.4423291	21.4183318	5.33615034	37.1457197	0.890371216	3.41595015	0	100	0	0	3
329	164	0.430824322	3.23988595	24.7073768	21.4587006	5.33615034	37.1457197	0.890371216	3.41624281	0	100	0	0	3
330	165	0.432643448	3.24973363	21.5632192	21.4259791	5.33615034	37.1457197	0.890371216	3.41653291	0	100	0	0	3
331	165	0.434386761	3.25958131	23.0528667	21.4433698	5.33615034	37.1457197	0.890371216	3.41682047	0	100	0	0	3
332	166	0.435877201	3.26942899	25.2834998	21.4573831	5.33615034	37.1457197	0.890371216	3.41710553	0	100	0	0	3
333	167	0.436587032	3.27927667	30.5188277	21.4665964	5.33615034	37.1457197	0.890371216	3.41738812	0	100	0	0	3
334	167	0.437268057	3.28912434	35.9695865	21.51555	5.33615034	37.1457197	0.890371216	3.41766828	0	100	0	0	3
335	168	0.438440029	3.29897202	33.3881168	21.5479374	5.33615034	37.1457197	0.890371216	3.41794603	0	100	0	0	3
336	168	0.439576956	3.3088197	29.2440046	21.4538338	5.33615034	37.1457197	0.819185382	3.41822141	0	100	0	0	3
337	169	0.440962749	3.31866738	28.304507	21.4825172	5.33615034	37.1457197	0.819185382	3.41849444	0	100	0	0	3
338	169	0.442352571	3.32851505	28.4360902	21.5266529	5.33615034	37.1457197	0.819185382	3.41876516	0	100	0	0	3
339	170	0.443510764	3.33836273	24.0014393	21.5551206	5.33615034	37.1457197	0.819185382	3.4190336	0	100	0	0	3
340	170	0.445177721	3.34821041	23.5571748	21.4232838	5.33615034	37.1457197	0.692159567	3.41929978	0	100	0	0	3
341	171	0.446925451	3.35805809	17.1656202	21.3826385	5.33615034	37.1457197	0.592594527	3.41956373	0	100	0	0	3
342	171	0.448073144	3.36790576	13.0707685	21.3711967	5.33615034	37.1457197	0.510783639	3.41982548	0	100	0	0	3
343	172	0.44938588	3.37775344	9.49685895	21.3394508	5.33615034	37.1457197	0.510783639	3.42008506	0	100	0	0	3
344	172	0.450799706	3.38760112	8.28922483	21.4023527	5.33615034	37.1457197	0.510783639	3.4203425	0	100	0	0	3
345	173	0.452576476	3.3974488	10.0143675	21.3571017	5.33615034	37.1457197	0.510783639	3.42059781	0	100	0	0	3
346	173	0.454287121	3.40729647	17.0686658	21.5230942	5.33615034	37.1457197	0.510783639	3.42085104	0	100	0	0	3
347	173	0.455655789	3.41714415	19.89238	21.7598037	5.33615034	37.1457197	0.592414136	3.4211022	0	100	0	0	3
348	174	0.457561312	3.42699183	21.4761368	21.8073661	5.33615034	37.1457197	0.639976532	3.42135131	0	100	0	0	3
349	174	0.459505856	3.43683951	23.068405	21.7763314	5.33615034	37.1457197	0.639976532	3.42159841	0	100	0	0	3
350	175	0.461330925	3.44668719	23.4911459	21.7423849	5.33615034	37.1457197	0.639976532	3.42184351	0	100	0	0	3
351	175	0.463244814	3.45653486	22.0960512	21.6770672	5.33615034	37.1457197	0.639976532	3.42208665	0	100	0	0	3
352	176	0.465041832	3.46638254	21.6718041	21.6148107	5.33615034	37.1457197	0.639976532	3.42232784	0	100	0	0	3
353	176	0.466945586	3.47623022	22.2236448	21.5998464	5.33615034	37.1457197	0.639976532	3.42256711	0	100	0	0	3
354	177	0.468681172	3.4860779	22.6873778	21.5663249	5.33615034	37.1457197	0.639976532	3.42280448	0	100	0	0	3
355	177	0.469961372	3.49592557	25.8615316	21.6081777	5.33615034	37.1457197	0.639976532	3.42303997	0	100	0	0	3
356	178	0.471155716	3.50577325	26.0873215	21.6208348	5.33615034	37.1457197	0.639976532	3.42327361	0	100	0	0	3
357	178	0.471708465	3.51562093	32.974041	21.6291303	5.33615034	37.1457197	0.639976532	3.42350542	0	100	0	0	3
358	179	0.472594485	3.52546861	35.3051477	21.7040781	5.33615034	37.1457197	0.639976532	3.42373542	0	100	0	0	3
359	180	0.473632015	3.53531628	34.8121732	21.8122328	5.33615034	37.1457197	0.644843207	3.42396362	0	100	0	0	3
360	180	0.474801465	3.54516396	29.3820398	21.7308606	5.33615034	37.0148497	0.644843207	3.42419006	0	100	0	0	3
361	181	0.476283446	3.55501164	27.7908373	21.6240092	5.33615034	35.9695865	0.644843207	3.42441475	0	100	0	0	3
362	181	0.477738385	3.56485932	22.6952143	21.5417556	5.33615034	35.9695865	0.644843207	3.42463771	0	100	0	0	3
363	182	0.478821669	3.574707	28.1311618	21.5613109	5.33615034	35.9695865	0.644843207	3.42485896	0	100	0	0	3
364	183	0.480686854	3.58455467	23.6825322	21.5319135	5.33615034	35.9695865	0.644843207	3.42507852	0	100	0	0	3
365	183	0.481833293	3.59440235	15.0492383	21.4468581	5.33615034	35.9695865	0.644843207	3.42529642	0	100	0	0	3
366	184	0.483233686	3.60425003	11.9750233	21.2141864	5.33615034	35.9695865	0.644843207	3.42551266	0	100	0	0	3
367	184	0.484619881	3.61409771	5.68734514	21.047985	5.33615034	35.9695865	0.764247837	3.42572727	0	100	0	0	3
368	185	0.485838626	3.62394538	10.6954128	21.0221579	5.33615034	35.9695865	0.790074895	3.42594027	0	100	0	0	3
369	185	0.487562971	3.63379306	10.7662722	20.9878163	5.33615034	35.9695865	0.824416534	3.42615167	0	100	0	0	3
370	186	0.489104533	3.64364074	16.9472951	21.2395078	5.33615034	35.9695865	0.824416534	3.42636149	0	100	0	0	3
371	186	0.491247113	3.65348842	17.7944616	21.3745507	5.68734514	35.9695865	0.824416534	3.42656975	0	100	0	0	3
372	186	0.492217011	3.66333609	25.2893335	21.6018789	5.68734514	35.9695865	0.824416534	3.42677647	0	100	0	0	3
373	187	0.493819942	3.67318377	26.2814413	21.824038	5.68734514	35.9695865	0.836221701	3.42698167	0	100	0	0	3
374	187	0.495498953	3.68303145	25.0109456	21.9477334	5.68734514	35.9695865	0.959917106	3.42718536	0	100	0	0	3
375	188	0.497223245	3.69287913	23.5961604	21.9494031	5.68734514	35.9695865	0.961586799	3.42738755	0	100	0	0	3
376	188	0.499025816	3.70272681	23.505797	21.9242982	5.68734514	35.9695865	0.961586799	3.42758827	0	100	0	0	3
377	188	0.500920362	3.71257448	25.6140901	21.9427968	5.68734514	35.9695865	0.961586799	3.42778753	0	100	0	0	3
378	189	0.502665959	3.72242216	20.5808222	21.8496733	5.68734514	35.9695865	0.961586799	3.42798534	0	100	0	0	3
379	190	0.504154038	3.73226984	21.7962519	21.8344757	5.68734514	35.9695865	0.961586799	3.42818173	0	100	0	0	3
380	190	0.505392084	3.74211752	25.3929571	21.8233693	5.68734514	35.9695865	0.961586799	3.4283767	0	100	0	0	3
381	191	0.506123694	3.75196519	29.5573919	21.906814	5.68734514	35.9695865	0.961586799	3.42857028	0	100	0	0	3
382	191	0.506805341	3.76181287	33.6495681	21.9897551	5.68734514	35.9695865	1.00193881	3.42876247	0	100	0	0	3
383	192	0.507975032	3.77166055	34.3625133	22.1223968	5.68734514	35.9695865	1.13458052	3.4289533	0	100	0	0	3
384	192	0.509152592	3.78150823	32.2895626	22.2052516	5.68734514	35.9695865	1.21743536	3.42914277	0	100	0	0	3
385	193	0.51028177	3.7913559	33.0443346	22.2444961	5.68734514	35.3051477	1.25667979	3.4293309	0	100	0	0	3
386	193	0.511189033	3.80120358	30.6530331	22.1698387	5.68734514	35.3051477	1.25667979	3.42951771	0	100	0	0	3
387	194	0.512534867	3.81105126	26.0413995	22.1310173	5.68734514	35.3051477	1.25667979	3.42970321	0	100	0	0	3
388	195	0.513967913	3.82089894	15.8259013	21.8900659	5.68734514	35.3051477	1.25667979	3.42988741	0	100	0	0	3
389	195	0.515231576	3.83074661	30.9225211	21.921847	5.68734514	35.3051477	1.25667979	3.43007033	0	100	0	0	3
390	196	0.515969996	3.84059429	42.7016242	22.1003698	5.68734514	42.7016242	1.25667979	3.43236391	0	100	0	0	3
391	196	0.517190182	3.85044197	16.2596755	21.9676821	5.68734514	42.7016242	1.25667979	3.43464162	0	100	0	0	3
392	197	0.51784162	3.86028965	6.92601271	21.9478559	5.68734514	42.7016242	1.25667979	3.43690362	0	100	0	0	3
393	197	0.518857458	3.87013733	7.79414963	21.8886663	5.68734514	42.7016242	1.25667979	3.43915008	0	100	0	0	3
394	198	0.519747645	3.879985	5.20276261	21.9087565	5.20276261	42.7016242	1.25667979	3.44143116	0	100	0	0	3
395	198	0.521081449	3.88983268	2.58139675	21.8159408	2.58139675	42.7016242	1.25667979	3.44467611	0	100	0	0	3
396	199	0.522698435	3.89968036	4.38457854	21.7130115	2.58139675	42.7016242	1.25667979	3.44789899	0	100	0	0	3
397	199	0.524455101	3.90952804	13.0230291	21.6086823	2.58139675	42.7016242	1.25667979	3.45110002	0	100	0	0	3
398	199	0.526076569	3.91937571	14.2032329	21.4715261	2.58139675	42.7016242	1.25667979	3.45427942	0	100	0	0	3
399	200	0.527371775	3.92922339	18.8182842	21.4221742	2.58139675	42.7016242	1.25667979	3.4574374	0	100	0	0	3
400	200	0.528876955	3.93907107	20.5812088	21.3577818	2.58139675	42.7016242	1.25667979	3.4605742	0	100	0	0	3
401	201	0.530496453	3.94891875	22.8957679	21.3375004	2.58139675	42.7016242	1.25667979	3.46369001	0	100	0	0	3
402	202	0.53223589	3.95876642	21.8487169	21.3293464	2.58139675	42.7016242	1.25667979	3.46678505	0	100	0	0	3
403	202	0.534075077	3.9686141	21.5072888	21.3251725	2.58139675	42.7016242	1.25667979	3.46985953	0	100	0	0	3
404	203	0.535993262	3.97846178	22.1095962	21.322192	2.58139675	42.7016242	1.25667979	3.47291364	0	100	0	0	3
405	203	0.537484095	3.98830946	20.990579	21.2805691	2.58139675	42.7016242	1.25667979	3.4759476	0	100	0	0	3
406	204	0.539121898	3.99815714	20.4316287	21.175669	2.58139675	42.7016242	1.25667979	3.47896159	0	100	0	0	3
407	204	0.540464485	4.00800481	24.0393264	21.1465025	2.58139675	42.7016242	1.25667979	3.48195582	0	100	0	0	3
408	205	0.541182518	4.01785249	29.4913274	21.1386463	2.58139675	42.7016242	1.25667979	3.48493048	0	100	0	0	3
409	205	0.541825996	4.02770017	33.974141	21.0766448	2.58139675	42.7016242	1.25667979	3.48788576	0	100	0	0	3
410	206	0.542934088	4.03754785	31.4706668	21.0372018	2.58139675	42.7016242	1.25667979	3.49082186	0	100	0	0	3
411	206	0.544276411	4.04739552	29.9125315	21.0682157	2.58139675	42.7016242	1.25667979	3.49373894	0	100	0	0	3
412	207	0.54558047	4.0572432	26.5842603	21.0282494	2.58139675	42.7016242	1.25667979	3.49663721	0	100	0	0	3
413	207	0.547000003	4.06709088	27.0771321	21.1172057	2.58139675	42.7016242	1.25667979	3.49951684	0	100	0	0	3
414	208	0.548224697	4.07693856	24.5565336	21.0684184	2.58139675	42.7016242	1.25667979	3.50237801	0	100	0	0	3
415	208	0.549921141	4.08678623	18.8571327	20.9438107	2.58139675	42.7016242	1.30068537	3.5052209	0	100	0	0	3
416	209	0.550945075	4.09663391	21.8272568	21.0546797	2.58139675	42.7016242	1.30068537	3.50804568	0	100	0	0	3
417	209	0.552789895	4.10648159	12.4741536	21.0099038	2.58139675	42.7016242	1.30068537	3.51085253	0	100	0	0	3
418	210	0.554549626	4.11632927	11.8496764	21.0831275	2.58139675	42.7016242	1.30068537	3.51364161	0	100	0	0	3
419	210	0.556218848	4.12617695	6.47005074	20.9164259	2.58139675	42.7016242	1.32807013	3.51641309	0	100	0	0	3
420	211	0.557864347	4.13602462	11.7684524	20.9512672	2.58139675	42.7016242	1.32807013	3.51916714	0	100	0	0	3
421	211	0.559676794	4.1458723	19.1997456	20.9937461	2.58139675	42.7016242	1.32807013	3.52190393	0	100	0	0	3
422	211	0.561208183	4.15571998	20.2462447	21.075363	2.58139675	42.7016242	1.32807013	3.52462361	0	100	0	0	3
423	212	0.562849455	4.16556766	24.6968448	21.1016499	2.58139675	42.7016242	1.32807013	3.52732635	0	100	0	0	3
424	212	0.564489786	4.17541533	22.6715532	21.0206013	2.58139675	42.7016242	1.32807013	3.5300123	0	100	0	0	3
425	213	0.566213413	4.18526301	23.4624956	20.9853764	2.58139675	42.7016242	1.32807013	3.53268162	0	100	0	0	3
426	213	0.568017907	4.19511069	21.1760543	20.9266477	2.58139675	42.7016242	1.32807013	3.53533446	0	100	0	0	3
427	214	0.569777505	4.20495837	21.177493	20.8671761	2.58139675	42.7016242	1.37731993	3.53797097	0	100	0	0	3
428	214	0.571647073	4.21480604	23.0977368	20.7989832	2.58139675	42.7016242	1.44551285	3.54059131	0	100	0	0	3
429	215	0.573278074	4.22465372	23.9233701	20.8765436	2.58139675	42.7016242	1.44551285	3.54319563	0	100	0	0	3
430	215	0.574551906	4.2345014	26.6688956	20.9619138	2.58139675	42.7016242	1.44551285	3.54578406	0	100	0	0	3
431	216	0.57546006	4.24434908	25.4840756	20.9422327	2.58139675	42.7016242	1.44551285	3.54835676	0	100	0	0	3
432	216	0.576147666	4.25419675	26.8282514	20.9100198	2.58139675	42.7016242	1.44551285	3.55091387	0	100	0	0	3
433	217	0.576873694	4.26404443	32.7417708	20.9086827	2.58139675	42.7016242	1.44551285	3.55345552	0	100	0	0	3
434	217	0.577908272	4.27389211	31.0669034	20.833935	2.58139675	42.7016242	1.44551285	3.55598187	0	100	0	0	3
435	218	0.579202786	4.28373979	28.6453756	20.7857171	2.58139675	42.7016242	1.45877895	3.55849304	0	100	0	0	3
436	219	0.580649519	4.29358747	28.5834243	20.7493232	2.58139675	42.7016242	1.42051554	3.56098917	0	100	0	0	3
437	219	0.58204149	4.30343514	28.5513983	20.7757864	2.58139675	42.7016242	1.38169408	3.56347041	0	100	0	0	3
438	220	0.583477608	4.31328282	26.3272946	20.7882751	2.58139675	42.7016242	1.35104658	3.56593687	0	100	0	0	3
439	220	0.585210664	4.3231305	22.9807598	20.9414276	2.58139675	42.7016242	1.35104658	3.56838869	0	100	0	0	3
440	221	0.586492412	4.33297818	21.266508	20.7702807	2.58139675	42.7016242	1.35104658	3.57082601	0	100	0	0	3
441	221	0.587810567	4.34282585	14.1362239	20.4231336	2.58139675	33.974141	1.54454846	3.57324895	0	100	0	0	3
442	222	0.589207297	4.35267353	4.7961667	20.1905992	2.58139675	33.974141	1.75725675	3.57565764	0	100	0	0	3
443	222	0.590877257	4.36252121	7.62292762	20.0215521	2.58139675	33.974141	1.8872045	3.57805219	0	100	0	0	3
444	223	0.592390055	4.37236889	12.5391837	20.0365353	2.58139675	33.974141	1.8872045	3.58043275	0	100	0	0	3
445	223	0.594178257	4.38221656	17.489748	20.1527598	2.58139675	33.974141	1.79438872	3.58279942	0	100	0	0	3
446	224	0.595882934	4.39206424	18.3978142	20.4260851	4.38457854	33.974141	1.69145941	3.58515234	0	100	0	0	3
447	224	0.597023131	4.40191192	25.4310842	20.8518599	4.7961667	33.974141	1.58713028	3.58749161	0	100	0	0	3
448	224	0.598679912	4.4117596	25.2088906	21.1343972	4.7961667	33.974141	1.44997404	3.58981736	0	100	0	0	3
449	225	0.600371557	4.42160728	24.8848336	21.3710628	4.7961667	33.974141	1.40062211	3.59212971	0	100	0	0	3
450	225	0.602099188	4.43145495	23.1690108	21.4568756	4.7961667	33.974141	1.43532353	3.59442877	0	100	0	0	3
451	226	0.603877368	4.44130263	23.5527599	21.5241405	4.7961667	33.974141	1.50258843	3.59671465	0	100	0	0	3
452	226	0.605790414	4.45115031	24.9418448	21.5814742	4.7961667	33.974141	1.5599221	3.59898747	0	100	0	0	3
453	227	0.607582311	4.46099799	23.4837665	21.6205452	4.7961667	33.974141	1.5989931	3.60124735	0	100	0	0	3
454	227	0.608811405	4.47084566	19.9386291	21.5956719	4.7961667	33.974141	1.5989931	3.60349438	0	100	0	0	3
455	228	0.610067599	4.48069334	23.2932339	21.6111519	4.7961667	33.974141	1.5989931	3.60572867	0	100	0	0	3
456	228	0.610734467	4.49054102	32.0048093	21.7184055	4.7961667	33.974141	1.69685342	3.60795035	0	100	0	0	3
457	229	0.611314949	4.5003887	31.5322495	21.826508	4.7961667	33.974141	1.80495594	3.61015951	0	100	0	0	3
458	229	0.612372872	4.51023637	35.6831759	21.9890535	4.7961667	35.6831759	1.96750145	3.61235626	0	100	0	0	3
459	230	0.613472802	4.52008405	33.5190298	22.08997	4.7961667	35.6831759	2.06841794	3.6145407	0	100	0	0	3
460	231	0.614597319	4.52993173	28.7361716	22.0875867	4.7961667	35.6831759	2.06841794	3.61671294	0	100	0	0	3
461	231	0.616249696	4.53977941	26.9818394	22.0560768	4.7961667	35.6831759	2.06841794	3.61887308	0	100	0	0	3
462	232	0.617657517	4.54962709	27.2629755	22.0122574	4.7961667	35.6831759	2.06841794	3.62102121	0	100	0	0	3
463	233	0.618514397	4.55947476	21.8592113	21.9287118	4.7961667	35.6831759	2.06841794	3.62315745	0	100	0	0	3
464	233	0.620444612	4.56932244	21.9772889	21.8304801	4.7961667	35.6831759	2.06841794	3.62528188	0	100	0	0	3
465	233	0.621777791	4.57917012	21.1452443	21.7726699	4.7961667	35.6831759	2.06841794	3.62739461	0	100	0	0	3
466	234	0.623020694	4.5890178	13.6704	21.7025697	4.7961667	35.6831759	2.06841794	3.62949573	0	100	0	0	3
467	234	0.624340213	4.59886547	11.2596748	21.5130848	4.7961667	35.6831759	2.06841794	3.63158533	0	100	0	0	3
468	235	0.625912384	4.60871315	9.15186765	21.4753571	4.7961667	35.6831759	2.06841794	3.63366352	0	100	0	0	3
469	235	0.627349929	4.61856083	10.35311	21.4884049	4.7961667	35.6831759	2.06841794	3.63573038	0	100	0	0	3
470	236	0.62919094	4.62840851	15.0961195	21.6706759	4.7961667	35.6831759	2.06841794	3.63778601	0	100	0	0	3
471	236	0.631079455	4.63825618	17.5132672	21.7859905	4.7961667	35.6831759	2.06841794	3.6398305	0	100	0	0	3
472	236	0.632513268	4.64810386	21.741578	21.8494718	4.7961667	35.6831759	2.06841794	3.64186394	0	100	0	0	3
473	237	0.63403989	4.65795154	26.1011258	21.9723006	4.7961667	35.6831759	2.06841794	3.64388641	0	100	0	0	3
474	237	0.635746353	4.66779922	23.9486419	21.9572223	4.7961667	35.6831759	2.06841794	3.64589801	0	100	0	0	3
475	238	0.637591921	4.67764689	20.9375055	21.9154493	4.7961667	35.6831759	2.06841794	3.64789883	0	100	0	0	3
476	238	0.639360125	4.68749457	21.725948	21.8744139	4.7961667	35.6831759	2.06841794	3.64988894	0	100	0	0	3
477	239	0.641235363	4.69734225	23.1369133	21.9239604	4.7961667	35.6831759	2.06841794	3.65186844	0	100	0	0	3
478	239	0.642982997	4.70718993	23.4805711	21.9790638	4.7961667	35.6831759	2.06841794	3.65383742	0	100	0	0	3
479	240	0.644240197	4.71703761	25.5434461	22.0119829	4.7961667	35.6831759	2.06841794	3.65579594	0	100	0	0	3
480	240	0.645243439	4.72688528	25.0767823	22.0113891	4.7961667	35.6831759	2.06841794	3.65774411	0	100	0	0	3
481	241	0.645852646	4.73673296	27.7273084	21.9770177	4.7961667	35.6831759	2.06841794	3.65968199	0	100	0	0	3
482	241	0.646415144	4.74658064	28.6818993	21.985284	4.7961667	35.6831759	2.06841794	3.66160968	0	100	0	0	3
483	242	0.647412479	4.75642832	35.009824	22.1208316	4.7961667	35.6831759	2.09927951	3.66352724	0	100	0	0	3
484	243	0.648671763	4.76627599	33.8222505	22.2186659	4.7961667	35.6831759	2.19711384	3.66543477	0	100	0	0	3
485	243	0.649777249	4.77612367	29.8157376	22.2081503	4.7961667	35.6831759	2.19711384	3.66733233	0	100	0	0	3
486	244	0.651297524	4.78597135	26.6501848	22.1862352	4.7961667	35.6831759	2.19711384	3.66922001	0	100	0	0	3
487	244	0.652957792	4.79581903	23.6283135	22.0913528	4.7961667	35.6831759	2.19711384	3.67109789	0	100	0	0	3
488	245	0.654493461	4.8056667	21.1842973	21.9480146	4.7961667	35.6831759	2.19711384	3.67296603	0	100	0	0	3
489	246	0.65577482	4.81551438	19.6006981	21.8194215	4.7961667	35.6831759	2.19711384	3.67482452	0	100	0	0	3
490	246	0.657266503	4.82536206	15.4259572	21.6591336	4.7961667	35.6831759	2.19711384	3.67667344	0	100	0	0	3
491	246	0.658641763	4.83520974	13.3902202	21.5084925	4.7961667	35.6831759	2.19711384	3.67851284	0	100	0	0	3
492	247	0.660358852	4.84505742	8.19411063	21.3273139	4.7961667	35.6831759	2.19711384	3.67837268	0	100	0	0	3
493	247	0.661492032	4.85490509	10.418981	21.4757332	7.62292762	35.6831759	2.19711384	3.67823324	0	100	0	0	3
494	248	0.66337696	4.86475277	12.2191692	21.5541566	8.19411063	35.6831759	2.18213063	3.67809451	0	100	0	0	3
495	248	0.665134488	4.87460045	18.4885275	21.6675659	8.19411063	35.6831759	2.06590606	3.67795648	0	100	0	0	3
496	249	0.666373576	4.88444813	24.1846164	21.8142463	8.19411063	35.6831759	1.79258082	3.67781915	0	100	0	0	3
497	249	0.667865301	4.8942958	24.4259295	21.9492769	8.19411063	35.6831759	1.36680599	3.67718276	0	100	0	0	3
498	249	0.66941399	4.90414348	22.2137638	21.9000948	8.19411063	35.6831759	1.08426867	3.6764358	0	100	0	0	3
499	250	0.671067967	4.91399116	24.541315	21.8847134	8.19411063	35.6831759	0.891351942	3.67569261	0	100	0	0	3
500	250	0.672864968	4.92383884	21.9860657	21.8172174	8.19411063	35.6831759	0.891351942	3.67495314	0	100	0	0	3
501	251	0.67463108	4.93368651	20.6153206	21.7557536	8.19411063	35.6831759	0.891351942	3.67421739	0	100	0	0	3
502	252	0.676547115	4.94353419	22.7170616	21.7371283	8.19411063	35.6831759	0.891351942	3.67348531	0	100	0	0	3
503	252	0.678307681	4.95338187	23.1784222	21.6875776	8.19411063	35.6831759	0.891351942	3.67275688	0	100	0	0	3
504	253	0.67974502	4.96322955	26.7707919	21.7442235	8.19411063	35.6831759	0.891351942	3.67203208	0	100	0	0	3
505	253	0.680472248	4.97307722	31.9858207	21.8791259	8.19411063	35.6831759	0.891351942	3.67131087	0	100	0	0	3
506	254	0.681098676	4.9829249	34.194332	21.9627258	8.19411063	35.6831759	0.891351942	3.67059324	0	100	0	0	3
507	254	0.682182304	4.99277258	34.524902	22.0595236	8.19411063	35.6831759	0.891351942	3.66987915	0	100	0	0	3
508	255	0.68350702	5.00262026	33.2615728	22.1889114	8.19411063	35.6831759	0.891351942	3.66916857	0	100	0	0	3
509	256	0.684401583	5.01246794	32.0160433	22.1127626	8.19411063	35.009824	0.891351942	3.66846149	0	100	0	0	3
510	256	0.685976178	5.02231561	27.2286144	22.0508249	8.19411063	35.009824	0.891351942	3.66775787	0	100	0	0	3
511	257	0.687465259	5.03216329	24.4097807	21.995861	8.19411063	35.009824	0.891351942	3.6670577	0	100	0	0	3
512	257	0.688773843	5.04201097	24.5299329	21.9279846	8.19411063	35.009824	0.891351942	3.66636094	0	100	0	0	3
513	258	0.690151748	5.05185865	25.9441343	21.9007157	8.19411063	35.009824	0.891351942	3.66566757	0	100	0	0	3
514	258	0.691694819	5.06170632	16.9307659	21.7964061	8.19411063	35.009824	0.891351942	3.66497757	0	100	0	0	3
515	259	0.692359827	5.071554	14.3078592	21.7223037	8.19411063	35.009824	0.891351942	3.66429091	0	100	0	0	3
516	259	0.693429442	5.08140168	10.1775256	21.5607004	8.19411063	35.009824	0.891351942	3.66360756	0	100	0	0	3
517	260	0.695205401	5.09124936	8.07345305	21.3647321	8.07345305	35.009824	0.891351942	3.66292751	0	100	0	0	3
518	260	0.696252947	5.10109703	10.9141281	21.3979158	8.07345305	35.009824	0.891351942	3.66225073	0	100	0	0	3
519	261	0.698219417	5.11094471	14.142574	21.4668643	8.07345305	35.009824	0.891351942	3.66157719	0	100	0	0	3
520	261	0.699542154	5.12079239	18.6293709	21.6361798	8.07345305	35.009824	0.891351942	3.66090688	0	100	0	0	3
521	262	0.701505672	5.13064007	22.358144	21.8222818	8.07345305	35.009824	0.891351942	3.66023976	0	100	0	0	3
522	262	0.703292742	5.14048775	22.742143	21.9577347	8.07345305	35.009824	0.891351942	3.65957583	0	100	0	0	3
523	262	0.704830006	5.15033542	24.2088216	22.0098726	8.07345305	35.009824	0.891351942	3.65891504	0	100	0	0	3
524	263	0.706446527	5.1601831	23.8475885	21.9646406	8.07345305	35.009824	0.891351942	3.65825739	0	100	0	0	3
525	263	0.708189518	5.17003078	21.9634052	21.917876	8.07345305	35.009824	0.891351942	3.65760285	0	100	0	0	3
526	264	0.71001564	5.17987846	24.3073894	22.0031089	8.07345305	35.009824	0.891351942	3.6569514	0	100	0	0	3
527	264	0.711836417	5.18972613	21.2673616	21.9913871	8.07345305	35.009824	0.891351942	3.65630301	0	100	0	0	3
528	265	0.713610409	5.19957381	22.7166776	21.9794841	8.07345305	35.009824	0.891351942	3.65565766	0	100	0	0	3
529	265	0.715049535	5.20942149	26.391823	22.0311941	8.07345305	35.009824	0.891351942	3.65501534	0	100	0	0	3
530	266	0.715629636	5.21926917	33.0448185	22.0588371	8.07345305	35.009824	0.891351942	3.65437602	0	100	0	0	3
531	266	0.716392555	5.22911684	32.5127707	22.1283781	8.07345305	35.009824	0.891351942	3.65373968	0	100	0	0	3
532	267	0.717354846	5.23896452	33.3734949	22.2320135	8.07345305	35.009824	0.904699549	3.6531063	0	100	0	0	3
533	267	0.718591712	5.2488122	32.6687921	22.3605989	8.07345305	35.009824	1.03328493	3.65247586	0	100	0	0	3
534	268	0.719819706	5.25865988	30.3369043	22.3216435	8.07345305	34.524902	1.03328493	3.65184834	0	100	0	0	3
535	269	0.721397307	5.26850756	24.3566174	22.1666476	8.07345305	34.524902	1.03328493	3.65122371	0	100	0	0	3
536	269	0.722870208	5.27835523	26.7610811	22.1435426	8.07345305	34.524902	1.03328493	3.65060197	0	100	0	0	3
537	270	0.724434869	5.28820291	21.6360617	22.0390081	8.07345305	34.524902	1.03328493	3.64998308	0	100	0	0	3
538	270	0.725988779	5.29805059	19.4363083	21.9474986	8.07345305	34.524902	1.03328493	3.64936703	0	100	0	0	3
539	271	0.727158939	5.30789827	13.7343579	21.8313682	8.07345305	34.524902	1.03328493	3.64875381	0	100	0	0	3
540	271	0.728782565	5.31774594	11.2037487	21.6341701	8.07345305	34.524902	1.03328493	3.64814338	0	100	0	0	3
541	272	0.730177275	5.32759362	11.3442258	21.5643477	8.07345305	34.524902	1.03328493	3.64753573	0	100	0	0	3
542	272	0.731480695	5.3374413	10.6030721	21.5225349	8.07345305	34.524902	1.03328493	3.64693085	0	100	0	0	3
543	273	0.73334276	5.34728898	14.0218772	21.6447452	8.07345305	34.524902	0.9958668	3.6463287	0	100	0	0	3
544	273	0.734896533	5.35713665	18.1571769	21.7442204	8.07345305	34.524902	0.9958668	3.64502914	0	100	0	0	3
545	273	0.736489704	5.36698433	25.1215383	22.0633807	8.07345305	34.524902	0.9958668	3.64362412	0	100	0	0	3
546	274	0.738405822	5.37683201	26.4000703	22.2625378	8.07345305	34.524902	0.9958668	3.64222542	0	100	0	0	3
547	274	0.740112718	5.38667969	25.342523	22.3015346	8.07345305	34.524902	0.9958668	3.64083301	0	100	0	0	3
548	275	0.741846565	5.39652736	22.6996931	22.2680306	8.07345305	34.524902	0.9958668	3.63944684	0	100	0	0	3
549	275	0.743579998	5.40637504	22.3993711	22.2722335	8.07345305	34.524902	0.9958668	3.63806687	0	100	0	0	3
550	276	0.745527791	5.41622272	25.5589576	22.3078077	8.07345305	34.524902	0.9958668	3.63669307	0	100	0	0	3
551	276	0.746862951	5.4260704	20.0798012	22.2754207	8.07345305	34.524902	0.9958668	3.63532538	0	100	0	0	3
552	277	0.748044674	5.43591808	20.3722084	22.2847222	8.07345305	34.524902	0.9958668	3.63396377	0	100	0	0	3
553	277	0.749616498	5.44576575	22.9081628	22.2867964	8.07345305	34.524902	0.9958668	3.6326082	0	100	0	0	3
554	278	0.750286515	5.45561343	30.9241863	22.3453891	8.07345305	34.524902	0.9958668	3.63125863	0	100	0	0	3
555	278	0.750829832	5.46546111	33.4008571	22.3404065	8.07345305	34.524902	0.9958668	3.62991502	0	100	0	0	3
556	279	0.751814373	5.47530879	34.5040184	22.409947	8.07345305	34.524902	1.04521487	3.62857733	0	100	0	0	3
557	279	0.752943175	5.48515646	28.7728477	22.4071686	8.07345305	34.524902	1.04521487	3.62724551	0	100	0	0	3
558	280	0.753986161	5.49500414	28.0935544	22.3068912	8.07345305	34.5040184	1.04521487	3.62591954	0	100	0	0	3
559	280	0.75533648	5.50485182	27.7371907	22.2069434	8.07345305	34.5040184	1.04521487	3.62459937	0	100	0	0	3
560	281	0.756445002	5.5146995	23.412116	22.1036876	8.07345305	34.5040184	1.04521487	3.62312401	0	100	0	0	3
561	282	0.757049445	5.52454717	30.6611948	22.0629246	8.07345305	34.5040184	1.04521487	3.62165509	0	100	0	0	3
562	282	0.75816797	5.53439485	28.9942674	22.1231517	8.07345305	34.5040184	1.04521487	3.62019255	0	100	0	0	3
563	283	0.759622695	5.54424253	19.7717289	22.030417	8.07345305	34.5040184	1.04521487	3.61873635	0	100	0	0	3
564	283	0.760560349	5.55409021	16.7677706	21.8837408	8.07345305	34.5040184	1.04521487	3.61728646	0	100	0	0	3
565	284	0.761904486	5.56393789	15.4778369	21.8699589	8.07345305	34.5040184	1.04521487	3.61584283	0	100	0	0	3
566	284	0.762782722	5.57378556	3.74000474	21.7152717	3.74000474	34.5040184	1.04521487	3.61542785	0	100	0	0	3
567	285	0.764500327	5.58363324	9.84307105	21.6019933	3.74000474	34.5040184	1.04521487	3.61501466	0	100	0	0	3
568	285	0.765765716	5.59348092	6.5328298	21.6722562	3.74000474	34.5040184	1.0120312	3.61460325	0	100	0	0	3
569	286	0.767084696	5.6033286	11.4452788	21.6409208	3.74000474	34.5040184	0.94308262	3.61419359	0	100	0	0	3
570	286	0.768886643	5.61317627	16.7602773	21.7251268	3.74000474	34.5040184	0.887412084	3.61378569	0	100	0	0	3
571	286	0.770787991	5.62302395	20.8976942	21.7605203	3.74000474	34.5040184	0.887412084	3.61337953	0	100	0	0	3
572	287	0.772041509	5.63287163	24.7003275	21.7961285	3.74000474	34.5040184	0.887412084	3.61297509	0	100	0	0	3
573	287	0.773534585	5.64271931	25.3608925	21.8478338	3.74000474	34.5040184	0.887412084	3.61257237	0	100	0	0	3
574	288	0.775299474	5.65256698	25.2064478	21.8804453	3.74000474	34.5040184	0.887412084	3.61217136	0	100	0	0	3
575	288	0.777082809	5.66241466	22.7798099	21.858133	3.74000474	34.5040184	0.887412084	3.61177204	0	100	0	0	3
576	289	0.778859931	5.67226234	23.2928356	21.8916145	3.74000474	34.5040184	0.887412084	3.61137441	0	100	0	0	3
577	289	0.780744304	5.68211002	21.88765	21.8291367	3.74000474	34.5040184	0.887412084	3.61097846	0	100	0	0	3
578	290	0.782507896	5.6919577	22.2979978	21.8553106	3.74000474	34.5040184	0.887412084	3.61058416	0	100	0	0	3
579	290	0.783793878	5.70180537	24.8119576	21.8877133	3.74000474	34.5040184	0.887412084	3.61019152	0	100	0	0	3
580	291	0.78502574	5.71165305	26.3489044	21.873617	3.74000474	34.5040184	0.887412084	3.60980052	0	100	0	0	3
581	291	0.785542298	5.72150073	33.2018446	21.8646237	3.74000474	34.5040184	0.887412084	3.60941116	0	100	0	0	3
582	292	0.786193574	5.73134841	33.3888896	21.8557672	3.74000474	34.5040184	0.887412084	3.60902342	0	100	0	0	3
583	292	0.78735997	5.74119608	32.9629524	21.8825078	3.74000474	34.5040184	0.887412084	3.60863729	0	100	0	0	3
584	293	0.788657708	5.75104376	30.4067207	21.8499813	3.74000474	34.5040184	0.887412084	3.60825276	0	100	0	0	3
585	294	0.790154617	5.76089144	30.0709346	21.8767692	3.74000474	34.5040184	0.887412084	3.60775991	0	100	0	0	3
586	294	0.790696594	5.77073912	26.9611425	21.8600793	3.74000474	34.5040184	0.887412084	3.6072691	0	100	0	0	3
587	295	0.791908042	5.78058679	27.2110035	21.8494138	3.74000474	34.5040184	0.887412084	3.60678031	0	100	0	0	3
588	295	0.79377858	5.79043447	12.348674	21.5979465	3.74000474	34.5040184	0.887412084	3.60629354	0	100	0	0	3
589	296	0.794835456	5.80028215	26.943892	21.7288024	3.74000474	34.5040184	0.887412084	3.60580876	0	100	0	0	3
590	296	0.795482967	5.81012983	27.4638756	21.9200719	3.74000474	34.5040184	0.887412084	3.60532597	0	100	0	0	3
591	297	0.796831669	5.8199775	15.9130233	22.0567024	3.74000474	34.5040184	0.887412084	3.60484516	0	100	0	0	3
592	297	0.797856065	5.82982518	10.3272557	22.0999243	3.74000474	34.5040184	0.887412084	3.6043663	0	100	0	0	3
593	297	0.799147146	5.83967286	8.8230019	22.0680569	3.74000474	34.5040184	0.812000432	3.6038894	0	100	0	0	3
594	298	0.800482623	5.84952054	7.48575284	22.0011544	3.74000474	34.5040184	0.812000432	3.60341444	0	100	0	0	3
595	298	0.801808185	5.85936822	9.13680774	21.8355656	3.74000474	34.5040184	0.812000432	3.6029414	0	100	0	0	3
596	299	0.803174257	5.86921589	14.373907	21.6042034	3.74000474	34.5040184	0.812000432	3.60247028	0	100	0	0	3
597	299	0.804897951	5.87906357	14.8228109	21.290204	3.74000474	34.5040184	1.11974298	3.60200106	0	100	0	0	3
598	300	0.806245149	5.88891125	23.3984185	21.2285595	3.74000474	34.5040184	1.18138749	3.60153374	0	100	0	0	3
599	300	0.807766118	5.89875893	19.7544026	21.1558516	3.74000474	34.5040184	1.25409531	3.60106829	0	100	0	0	3
600	300	0.809382055	5.9086066	22.5741609	21.1579236	3.74000474	34.5040184	1.25409531	3.60060471	0	100	0	0	3
601	301	0.81100163	5.91845428	23.6275155	21.0880848	3.74000474	34.5040184	1.32186213	3.600143	0	100	0	0	3
602	302	0.812704321	5.92830196	21.5107726	21.1194622	3.74000474	34.5040184	1.32186213	3.59968313	0	100	0	0	3
603	302	0.814461208	5.93814964	21.8006613	21.1507772	3.74000474	34.5040184	1.32186213	3.59922509	0	100	0	0	3
604	303	0.816309263	5.94799731	21.2329227	21.1116352	3.74000474	34.5040184	1.32186213	3.59876888	0	100	0	0	3
605	303	0.81802227	5.95784499	23.7228932	21.0806106	3.74000474	34.5040184	1.32933638	3.59831448	0	100	0	0	3
606	304	0.819369217	5.96769267	27.4647818	21.1084098	3.74000474	34.5040184	1.32933638	3.59786189	0	100	0	0	3
607	304	0.820057953	5.97754035	32.7259869	21.0324014	3.74000474	33.3888896	1.37476721	3.59741109	0	100	0	0	3
608	305	0.820693211	5.98738803	31.266438	20.9993951	3.74000474	33.3888896	1.30749603	3.59696207	0	100	0	0	3
609	305	0.82166706	5.9972357	36.8047213	21.1174918	3.74000474	36.8047213	1.20754824	3.5970071	0	100	0	0	3
610	306	0.822814785	6.00708338	32.9909299	21.1869768	3.74000474	36.8047213	1.12375661	3.59705195	0	100	0	0	3
611	307	0.823876836	6.01693106	27.0995491	21.2435204	3.74000474	36.8047213	1.12375661	3.59709663	0	100	0	0	3
612	307	0.825041913	6.02677874	26.738173	21.2539517	3.74000474	36.8047213	1.12375661	3.59714114	0	100	0	0	3
613	308	0.825953834	6.03662641	23.1023273	21.1510959	3.74000474	36.8047213	1.10052919	3.59718546	0	100	0	0	3
614	308	0.827655948	6.04647409	19.8028716	21.1468593	3.74000474	36.8047213	1.10052919	3.59722962	0	100	0	0	3
615	309	0.829553719	6.05632177	22.321528	21.2386844	3.74000474	36.8047213	1.10052919	3.5972736	0	100	0	0	3
616	309	0.830904598	6.06616945	17.9031643	21.2856044	3.74000474	36.8047213	1.10052919	3.59731741	0	100	0	0	3
617	310	0.832463857	6.07601712	13.3997677	21.3302809	6.5328298	36.8047213	1.10052919	3.59736106	0	100	0	0	3
618	310	0.833706027	6.0858648	7.07027105	21.3594278	6.5328298	36.8047213	1.10052919	3.59740453	0	100	0	0	3
619	311	0.835424834	6.09571248	6.43921841	21.2606102	6.43921841	36.8047213	1.10052919	3.59744783	0	100	0	0	3
620	311	0.836932823	6.10556016	13.2178914	21.2723198	6.43921841	36.8047213	1.10052919	3.59749097	0	100	0	0	3
621	312	0.83858084	6.11540784	18.3015355	21.3187306	6.43921841	36.8047213	1.10052919	3.59753394	0	100	0	0	3
622	312	0.839438443	6.12525551	20.5376551	21.3206342	6.43921841	36.8047213	1.10052919	3.59757675	0	100	0	0	3
623	313	0.841425532	6.13510319	24.1082461	21.3394097	6.43921841	36.8047213	1.10052919	3.59761939	0	100	0	0	3
624	313	0.843059277	6.14495087	22.417556	21.2783816	6.43921841	36.8047213	1.10052919	3.59766187	0	100	0	0	3
625	313	0.844811515	6.15479855	24.0098806	21.247504	6.43921841	36.8047213	1.10052919	3.59770418	0	100	0	0	3
626	314	0.846614354	6.16464622	21.9780968	21.2271467	6.43921841	36.8047213	1.10052919	3.59774634	0	100	0	0	3
627	314	0.848356637	6.1744939	22.6449967	21.2098699	6.43921841	36.8047213	1.10052919	3.59778833	0	100	0	0	3
628	315	0.850221194	6.18434158	23.2361677	21.2458669	6.43921841	36.8047213	1.10052919	3.59783016	0	100	0	0	3
629	315	0.851937466	6.19418926	24.0165743	21.2876323	6.43921841	36.8047213	1.10052919	3.59787184	0	100	0	0	3
630	316	0.853167283	6.20403693	24.1278747	21.2726519	6.43921841	36.8047213	1.10052919	3.59791335	0	100	0	0	3
631	316	0.854363972	6.21388461	24.9747666	21.246361	6.43921841	36.8047213	1.10052919	3.59795472	0	100	0	0	3
632	317	0.85500636	6.22373229	31.1070428	21.2486455	6.43921841	36.8047213	1.10052919	3.59799592	0	100	0	0	3
633	318	0.855535432	6.23357997	30.5319581	21.205452	6.43921841	36.8047213	1.10052919	3.59803697	0	100	0	0	3
634	318	0.85645789	6.24342764	31.1817524	21.1401652	6.43921841	36.8047213	1.10052919	3.59807786	0	100	0	0	3
635	319	0.857771209	6.25327532	33.8370215	21.207438	6.43921841	36.8047213	1.10052919	3.5981186	0	100	0	0	3
636	319	0.858904214	6.263123	26.8128639	21.1068284	6.43921841	36.8047213	1.10052919	3.59815919	0	100	0	0	3
637	320	0.860263156	6.27297068	25.2362539	21.1418847	6.43921841	36.8047213	1.10052919	3.59819963	0	100	0	0	3
638	320	0.861310193	6.28281836	27.1469663	21.1265411	6.43921841	36.8047213	1.10052919	3.59823992	0	100	0	0	3
639	321	0.862884441	6.29266603	20.5930243	21.3519843	6.43921841	36.8047213	1.10052919	3.59828005	0	100	0	0	3
640	322	0.864666391	6.30251371	22.7156827	21.302151	6.43921841	36.8047213	1.10052919	3.59832004	0	100	0	0	3
641	322	0.865927776	6.31236139	19.5650195	21.2144089	6.43921841	36.8047213	1.10052919	3.59835988	0	100	0	0	3
642	323	0.86783529	6.32220907	10.6568338	21.0314784	6.43921841	36.8047213	1.10052919	3.59839957	0	100	0	0	3
643	323	0.868959862	6.33205674	8.00988415	20.979746	6.43921841	36.8047213	1.08831096	3.59843911	0	100	0	0	3
644	324	0.870924054	6.34190442	11.2678396	20.9326458	6.43921841	36.8047213	1.06850859	3.59847851	0	100	0	0	3
645	324	0.872709368	6.3517521	15.4110051	21.0447948	6.43921841	36.8047213	0.902919798	3.59851776	0	100	0	0	3
646	324	0.874427	6.36159978	22.016664	21.2851469	6.43921841	36.8047213	0.671557618	3.59855687	0	100	0	0	3
647	325	0.875827039	6.37144745	22.1403057	21.4315764	6.43921841	36.8047213	0.498930566	3.59859584	0	100	0	0	3
648	325	0.877250893	6.38129513	26.4129014	21.6870486	6.43921841	36.8047213	0.754402821	3.59863466	0	100	0	0	3
649	326	0.878759075	6.39114281	25.2525617	21.7294113	6.43921841	36.8047213	0.796765558	3.59867334	0	100	0	0	3
650	326	0.880391958	6.40099049	25.1336192	21.8473115	6.43921841	36.8047213	0.914665739	3.59871188	0	100	0	0	3
651	326	0.882187072	6.41083817	22.7302915	21.85295	6.43921841	36.8047213	0.920304182	3.59875028	0	100	0	0	3
652	327	0.883893267	6.42068584	22.0868737	21.8189965	6.43921841	36.8047213	0.920304182	3.59878854	0	100	0	0	3
653	327	0.885701036	6.43053352	23.2870446	21.8625423	6.43921841	36.8047213	0.929896549	3.59882666	0	100	0	0	3
654	328	0.887293296	6.4403812	24.6353708	21.9246548	6.43921841	36.8047213	0.992009033	3.59886464	0	100	0	0	3
655	328	0.888509618	6.45022888	26.3388555	22.0167243	6.43921841	36.8047213	1.08407847	3.59890249	0	100	0	0	3
656	329	0.889551958	6.46007655	27.8324691	22.0606124	6.43921841	36.8047213	1.12796665	3.59894019	0	100	0	0	3
657	330	0.890280834	6.46992423	28.6176688	22.0253593	6.43921841	36.8047213	1.12796665	3.59897777	0	100	0	0	3
658	330	0.890959907	6.47977191	31.4984795	22.0121446	6.43921841	36.8047213	1.12796665	3.5990152	0	100	0	0	3
659	331	0.892010081	6.48961959	30.8483626	22.0598289	6.43921841	36.8047213	1.12796665	3.59905251	0	100	0	0	3
660	331	0.89333507	6.49946726	29.4601781	21.9962871	6.43921841	33.8370215	1.12796665	3.59908968	0	100	0	0	3
661	332	0.894916463	6.50931494	27.8210384	21.949026	6.43921841	33.8370215	1.12796665	3.59912671	0	100	0	0	3
662	332	0.896408399	6.51916262	29.2977025	22.0247673	6.43921841	33.8370215	1.12796665	3.59916362	0	100	0	0	3
663	333	0.897797205	6.5290103	20.6136759	21.9223526	6.43921841	33.8370215	1.12796665	3.59920039	0	100	0	0	3
664	333	0.899082059	6.53885798	21.870028	21.9067188	6.43921841	33.8370215	1.12796665	3.59923703	0	100	0	0	3
665	334	0.900813083	6.54870565	21.2337631	21.9397447	6.43921841	33.8370215	1.12796665	3.59927354	0	100	0	0	3
666	334	0.902103088	6.55855333	15.1843872	21.8096405	6.43921841	33.8370215	1.12796665	3.59930992	0	100	0	0	3
667	335	0.903518968	6.56840101	12.6815078	21.7043285	6.43921841	33.8370215	1.12796665	3.59934618	0	100	0	0	3
668	335	0.905035358	6.57824869	6.56543357	21.56643	6.43921841	33.8370215	1.12796665	3.59886022	0	100	0	0	3
669	336	0.90644508	6.58809636	13.0032051	21.6480219	6.43921841	33.8370215	1.12796665	3.59837597	0	100	0	0	3
670	336	0.908333479	6.59794404	18.1523027	21.9160242	6.56543357	33.8370215	1.12796665	3.59789343	0	100	0	0	3
671	337	0.90969063	6.60779172	19.4232641	22.0498056	6.56543357	33.8370215	1.12796665	3.59741259	0	100	0	0	3
672	337	0.911477577	6.6176394	23.6226756	22.1731012	6.56543357	33.8370215	1.24045541	3.59693344	0	100	0	0	3
673	337	0.913098104	6.62748707	22.4243599	22.1976701	6.56543357	33.8370215	1.26502428	3.59645596	0	100	0	0	3
674	338	0.914747042	6.63733475	22.8757286	22.1611404	6.56543357	33.8370215	1.26502428	3.59598015	0	100	0	0	3
675	338	0.916557487	6.64718243	21.5293482	22.1398781	6.56543357	33.8370215	1.26502428	3.595506	0	100	0	0	3
676	339	0.918372951	6.65703011	22.2107129	22.0970827	6.56543357	33.8370215	1.26502428	3.59503351	0	100	0	0	3
677	339	0.920323607	6.66687778	22.2967838	22.1052779	6.56543357	33.8370215	1.26502428	3.59456266	0	100	0	0	3
678	340	0.922082209	6.67672546	22.6613263	22.1057869	6.56543357	33.8370215	1.26502428	3.59409344	0	100	0	0	3
679	340	0.923341272	6.68657314	23.1390602	22.0947543	6.56543357	33.8370215	1.26502428	3.59362585	0	100	0	0	3
680	341	0.924817408	6.69642082	25.7508879	22.1235494	6.56543357	33.8370215	1.26502428	3.59315988	0	100	0	0	3
681	341	0.925093461	6.7062685	40.7670448	22.1608328	6.56543357	40.7670448	1.26502428	3.5934447	0	100	0	0	3
682	342	0.92567673	6.71611617	37.4142895	22.2383709	6.56543357	40.7670448	1.30572515	3.59372854	0	100	0	0	3
683	342	0.926875276	6.72596385	37.3883067	22.4117528	6.56543357	40.7670448	1.47910701	3.59401141	0	100	0	0	3
684	343	0.92787582	6.73581153	31.4489639	22.4773587	6.56543357	40.7670448	1.54471286	3.5942933	0	100	0	0	3
685	344	0.9292173	6.74565921	30.6147284	22.517033	6.56543357	40.7670448	1.58438721	3.59457423	0	100	0	0	3
686	344	0.930440917	6.75550688	30.1819145	22.441515	6.56543357	40.7670448	1.58438721	3.59485419	0	100	0	0	3
687	345	0.931741527	6.76535456	25.6468317	22.4307527	6.56543357	40.7670448	1.58438721	3.5951332	0	100	0	0	3
688	345	0.933215552	6.77520224	27.4108679	22.4791171	6.56543357	40.7670448	1.58438721	3.59541125	0	100	0	0	3
689	346	0.93468074	6.78504992	9.41523261	22.1516226	6.56543357	40.7670448	1.58438721	3.59568836	0	100	0	0	3
690	346	0.935765132	6.79489759	28.3579977	22.2776335	6.56543357	40.7670448	1.58438721	3.59596452	0	100	0	0	3
691	347	0.937340942	6.80474527	16.3552819	22.1384777	6.56543357	40.7670448	1.58438721	3.59623975	0	100	0	0	3
692	347	0.938476916	6.81459295	11.4486402	22.0158402	6.56543357	40.7670448	1.58438721	3.59651404	0	100	0	0	3
693	348	0.94011105	6.82444063	9.22108224	22.0263432	6.56543357	40.7670448	1.58438721	3.59678741	0	100	0	0	3
694	348	0.941949061	6.83428831	8.62745695	21.9048899	6.56543357	40.7670448	1.58438721	3.59705985	0	100	0	0	3
695	349	0.943401312	6.84413598	16.4762376	22.0843868	6.56543357	40.7670448	1.47223824	3.59733138	0	100	0	0	3
696	349	0.945179417	6.85398366	16.0237098	22.1000838	6.56543357	40.7670448	1.23188612	3.59760198	0	100	0	0	3
697	349	0.946383488	6.86383134	20.952786	22.0828769	6.56543357	40.7670448	1.08545665	3.59787168	0	100	0	0	3
698	350	0.947977592	6.87367902	24.5524805	22.1363263	6.56543357	40.7670448	0.950602985	3.59814048	0	100	0	0	3
699	350	0.949713985	6.88352669	22.7738427	22.0675707	6.56543357	40.7670448	0.950602985	3.59840837	0	100	0	0	3
700	351	0.951516218	6.89337437	21.0309301	21.9758709	6.56543357	40.7670448	0.950602985	3.59867537	0	100	0	0	3
701	352	0.953322041	6.90322205	21.9890768	21.9054969	6.56543357	40.7670448	0.950602985	3.59894148	0	100	0	0	3
702	352	0.955216335	6.91306973	23.0559155	21.9150633	6.56543357	40.7670448	0.950602985	3.5992067	0	100	0	0	3
703	353	0.956779573	6.9229174	23.575775	21.9466597	6.56543357	40.7670448	0.950602985	3.59947103	0	100	0	0	3
704	353	0.958098439	6.93276508	22.0478406	21.9150334	6.56543357	40.7670448	0.950602985	3.59973449	0	100	0	0	3
705	354	0.95928848	6.94261276	24.97705	21.9054833	6.56543357	40.7670448	0.950602985	3.59999708	0	100	0	0	3
706	354	0.959961649	6.95246044	29.2604606	21.8993076	6.56543357	40.7670448	0.950602985	3.60025879	0	100	0	0	3
707	355	0.960514032	6.96230811	30.0159995	21.8753392	6.56543357	40.7670448	0.950602985	3.60051964	0	100	0	0	3
708	355	0.961398065	6.97215579	35.6145168	21.9770243	6.56543357	40.7670448	0.950602985	3.60077963	0	100	0	0	3
709	356	0.96261571	6.98200347	30.8258821	22.037159	6.56543357	40.7670448	0.950602985	3.60103876	0	100	0	0	3
710	357	0.963792872	6.99185115	29.3233171	22.0277375	6.56543357	40.7670448	0.950602985	3.60129704	0	100	0	0	3
711	357	0.965345817	7.00169883	27.4628613	22.0081924	6.56543357	40.7670448	0.950602985	3.60155448	0	100	0	0	3
712	358	0.966940199	7.0115465	24.5614588	21.9370838	6.56543357	40.7670448	0.950602985	3.60181106	0	100	0	0	3
713	358	0.968665273	7.02139418	13.9832714	21.5952134	6.56543357	40.7670448	0.950602985	3.60206681	0	100	0	0	3
714	359	0.969935921	7.03124186	17.4234307	21.5406282	6.56543357	40.7670448	0.976404818	3.60232172	0	100	0	0	3
715	359	0.971062233	7.04108954	16.4950998	21.4557983	6.56543357	40.7670448	1.06123466	3.6025758	0	100	0	0	3
716	360	0.972985331	7.05093721	14.7030572	21.2811905	6.56543357	40.7670448	1.23584246	3.60282906	0	100	0	0	3
717	360	0.974642691	7.06078489	11.0003629	21.15472	6.56543357	40.7670448	1.362313	3.60308149	0	100	0	0	3
718	361	0.976156857	7.07063257	15.6869401	21.2059044	6.56543357	40.7670448	1.362313	3.6033331	0	100	0	0	3
719	361	0.978096767	7.08048025	17.6417527	21.4151328	8.62745695	40.7670448	1.362313	3.60358389	0	100	0	0	3
720	362	0.979358067	7.09032792	20.0609807	21.5543466	8.62745695	40.7670448	1.362313	3.60383387	0	100	0	0	3
721	362	0.980983155	7.1001756	24.2123695	21.7022335	8.62745695	40.7670448	1.362313	3.60406073	0	100	0	0	3
722	362	0.982560898	7.11002328	24.4520738	21.8042154	8.62745695	40.7670448	1.362313	3.60428685	0	100	0	0	3
723	363	0.984219383	7.11987096	25.5153824	21.844157	8.62745695	40.7670448	1.362313	3.60451224	0	100	0	0	3
724	363	0.985915663	7.12971864	23.5675228	21.8713905	8.62745695	40.7670448	1.362313	3.60473691	0	100	0	0	3
725	364	0.987688278	7.13956631	22.9249396	21.8742893	8.62745695	40.7670448	1.362313	3.60496085	0	100	0	0	3
726	364	0.989578857	7.14941399	23.5927345	21.9273334	8.62745695	40.7670448	1.362313	3.60518408	0	100	0	0	3
727	365	0.991319656	7.15926167	22.5584774	21.9353424	8.62745695	40.7670448	1.362313	3.6054066	0	100	0	0	3
728	365	0.992891283	7.16910935	24.7557486	21.9867093	8.62745695	40.7670448	1.362313	3.6056284	0	100	0	0	3
729	366	0.994016151	7.17895702	25.7371648	22.0288645	8.62745695	40.7670448	1.362313	3.6058495	0	100	0	0	3
730	366	0.994678077	7.1888047	29.8988338	22.0822945	8.62745695	40.7670448	1.362313	3.60606989	0	100	0	0	3
731	367	0.995247639	7.19865238	34.5014445	22.1058374	8.62745695	40.7670448	1.362313	3.60628958	0	100	0	0	3
732	367	0.996489476	7.20850006	35.46989	22.2661332	8.62745695	37.4142895	1.362313	3.60650857	0	100	0	0	3
733	368	0.997606836	7.21834773	32.0721682	22.2956261	8.62745695	37.3883067	1.362313	3.60672687	0	100	0	0	3
734	369	0.998829402	7.22819541	29.4318664	22.1654772	8.62745695	35.6145168	1.362313	3.60694448	0	100	0	0	3
735	369	1	7.23804309	26.8223248	22.112274	8.62745695	35.6145168	1.362313	3.6071614	0	100	0	0	3
