Iteration	CPUTime	PhysTime	Travels	Value	AvValue	MinValue	MaxValue	Delta	Criteria	PrevAvRefValue	Progress	CriteriaType	CriteriaVarType	CriteriaPercentage
1	3	0.000131502354	0.00984767767	-0.00324725927	-0.00324725927	-0.00324725927	-0.00324725927	0	0	0	0	0	0	3
2	3	0.000257595372	0.0196953553	-0.00297871181	-0.0031158052	-0.00324725927	-0.00297871181	0.000131454065	0	0	0	0	0	3
3	3	0.000378931684	0.029543033	-0.00328979996	-0.00317151942	-0.00328979996	-0.00297871181	0.000131454065	0	0	0	0	0	3
4	4	0.000500464265	0.0393907107	-0.00314469609	-0.00316500565	-0.00328979996	-0.00297871181	0.000131454065	0	0	0	0	0	3
5	4	0.000621916059	0.0492383884	-0.00306464457	-0.00314540649	-0.00328979996	-0.00297871181	0.000131454065	0	0	0	0	0	3
6	5	0.000830715952	0.059086066	-0.00303894304	-0.00311864697	-0.00328979996	-0.00297871181	0.000131454065	0	0	0	0	0	3
7	5	0.00108376652	0.0689337437	-0.00349471334	-0.00320645538	-0.00349471334	-0.00297871181	0.000131454065	0	0	0	0	0	3
8	6	0.00135525329	0.0787814214	-0.0041138821	-0.00338823272	-0.0041138821	-0.00297871181	0.000272427523	0	0	0	0	0	3
9	6	0.00160593812	0.0886290991	-0.00443089803	-0.00355099141	-0.00443089803	-0.00297871181	0.000435186207	0	0	0	0	0	3
10	7	0.00186758176	0.0984767767	-0.00443289869	-0.00367454446	-0.00443289869	-0.00297871181	0.000558739262	0	0	0	0	0	3
11	7	0.00230713793	0.108324454	-0.00527417549	-0.00397930634	-0.00527417549	-0.00297871181	0.000863501143	0	0	0	0	0	3
12	8	0.00275106709	0.118172132	-0.00593672301	-0.00429516717	-0.00593672301	-0.00297871181	0.00117936197	0	0	0	0	0	3
13	8	0.00320392172	0.12801981	-0.00669705699	-0.00463465953	-0.00669705699	-0.00297871181	0.00151885433	0	0	0	0	0	3
14	9	0.00363104146	0.137867487	-0.00728427751	-0.00494633433	-0.00728427751	-0.00297871181	0.00183052913	0	0	0	0	0	3
15	9	0.00406396259	0.147715165	-0.00764057351	-0.00523334314	-0.00764057351	-0.00297871181	0.00211753794	0	0	0	0	0	3
16	9	0.00474444515	0.157562843	-0.0083405866	-0.00567900642	-0.0083405866	-0.00297871181	0.00256320122	0	0	0	0	0	3
17	10	0.0054858863	0.16741052	-0.00944975442	-0.00618863924	-0.00944975442	-0.00297871181	0.00307283404	0	0	0	0	0	3
18	10	0.00624534277	0.177258198	-0.0103147614	-0.00669039076	-0.0103147614	-0.00297871181	0.00357458556	0	0	0	0	0	3
19	11	0.00700359657	0.187105876	-0.0110691863	-0.00716446695	-0.0110691863	-0.00297871181	0.00404866175	0	0	0	0	0	3
20	11	0.00775417977	0.196953553	-0.0116887185	-0.00760240201	-0.0116887185	-0.00297871181	0.00448659681	0	0	0	0	0	3
21	11	0.00888634463	0.206801231	-0.011837985	-0.00814203652	-0.011837985	-0.00297871181	0.00502623132	0	0	0	0	0	3
22	12	0.0100191277	0.216648909	-0.0118680709	-0.00856330958	-0.0118680709	-0.00297871181	0.00544750438	0	0	0	0	0	3
23	12	0.0109209033	0.226496586	-0.0124367784	-0.00888315491	-0.0124367784	-0.00297871181	0.00576734971	0	0	0	0	0	3
24	13	0.0118881298	0.236344264	-0.012948129	-0.00921388401	-0.012948129	-0.00297871181	0.00609807881	0	0	0	0	0	3
25	14	0.012546583	0.246191942	-0.0126137028	-0.00939230883	-0.012948129	-0.00297871181	0.00627650362	0	0	0	0	0	3
26	14	0.0134862903	0.25603962	-0.0126637483	-0.0096202585	-0.012948129	-0.00297871181	0.0065044533	0	0	0	0	0	3
27	15	0.0144304382	0.265887297	-0.0119687319	-0.00977391331	-0.012948129	-0.00297871181	0.00665810811	0	0	0	0	0	3
28	15	0.0154685221	0.275734975	-0.0103218993	-0.00981068834	-0.012948129	-0.00297871181	0.00669488314	0	0	0	0	0	3
29	16	0.0164732051	0.285582653	-0.00858839989	-0.00973614229	-0.012948129	-0.00297871181	0.00669488314	0	0	0	0	0	3
30	16	0.0169565982	0.29543033	-0.00873150585	-0.00970750245	-0.012948129	-0.00297871181	0.00669488314	0	0	0	0	0	3
31	17	0.017834805	0.305278008	-0.00787016748	-0.00961702991	-0.012948129	-0.00297871181	0.00669488314	0	0	0	0	0	3
32	18	0.0187314091	0.315125686	-0.00669439433	-0.00947713403	-0.012948129	-0.00297871181	0.00669488314	0	0	0	0	0	3
33	18	0.0198895562	0.324973363	-0.00429754072	-0.00917553197	-0.012948129	-0.00297871181	0.00669488314	0	0	0	0	0	3
34	19	0.0204331663	0.334821041	-0.00426765541	-0.00904496135	-0.012948129	-0.00297871181	0.00669488314	0	0	0	0	0	3
35	19	0.0215084875	0.344668719	-0.00196607461	-0.00869105097	-0.012948129	-0.00196607461	0.00669488314	0	0	0	0	0	3
36	20	0.0229972817	0.354516396	0.00124241289	-0.00804798006	-0.012948129	0.00124241289	0.00669488314	0	0	0	0	0	3
37	20	0.0237111729	0.364364074	0.00155316844	-0.00775891063	-0.012948129	0.00155316844	0.00669488314	0	0	0	0	0	3
38	21	0.0251657632	0.374211752	-0.00018382984	-0.00732106817	-0.012948129	0.00155316844	0.00669488314	0	0	0	0	0	3
39	21	0.0262251554	0.384059429	0.000978235069	-0.00698580927	-0.012948129	0.00155316844	0.00669488314	0	0	0	0	0	3
40	22	0.0279140349	0.393907107	0.00298476302	-0.00638256094	-0.012948129	0.00298476302	0.00669488314	0	0	0	0	0	3
41	22	0.0293534275	0.403754785	0.00179649222	-0.00598148788	-0.012948129	0.00298476302	0.00669488314	0	0	0	0	0	3
42	23	0.0301658361	0.413602462	0.00185186314	-0.00577052467	-0.012948129	0.00298476302	0.00669488314	0	0	0	0	0	3
43	23	0.031982843	0.42345014	0.00067596824	-0.005404287	-0.012948129	0.00298476302	0.00669488314	0	0	0	0	0	3
44	24	0.0331653729	0.433297818	-6.59255979e-05	-0.00521394474	-0.012948129	0.00298476302	0.00669488314	0	0	0	0	0	3
45	24	0.0352628108	0.443145495	-0.00196972673	-0.00502097811	-0.012948129	0.00298476302	0.00669488314	0	0	0	0	0	3
46	25	0.0366184383	0.452993173	-0.00360670453	-0.0049686212	-0.012948129	0.00298476302	0.00669488314	0	0	0	0	0	3
47	25	0.0383364505	0.462840851	-0.00611950858	-0.00502019714	-0.012948129	0.00298476302	0.00669488314	0	0	0	0	0	3
48	25	0.040020347	0.472688528	-0.00821774263	-0.0051547371	-0.012948129	0.00298476302	0.00669488314	0	0	0	0	0	3
49	26	0.041726882	0.482536206	-0.00987672888	-0.00534785587	-0.012948129	0.00298476302	0.00669488314	0	0	0	0	0	3
50	26	0.0434815511	0.492383884	-0.0108385523	-0.00556942927	-0.012948129	0.00298476302	0.00669488314	0	0	0	0	0	3
51	27	0.0453433147	0.502231561	-0.011088016	-0.00579601845	-0.012948129	0.00298476302	0.00669488314	0	0	0	0	0	3
52	27	0.047347333	0.512079239	-0.0116285377	-0.00605067124	-0.012948129	0.00298476302	0.00669488314	0	0	0	0	0	3
53	28	0.0491703998	0.521926917	-0.0108293566	-0.00623670055	-0.012948129	0.00298476302	0.00669204137	0	0	0	0	0	3
54	28	0.0504527906	0.531774594	-0.00877139098	-0.00630875471	-0.012948129	0.00298476302	0.00669204137	0	0	0	0	0	3
55	29	0.051819227	0.541622272	-0.00724805495	-0.00634125803	-0.012948129	0.00298476302	0.00669204137	0	0	0	0	0	3
56	29	0.0524970354	0.55146995	-0.00618336405	-0.00634686628	-0.012948129	0.00298476302	0.00669204137	0	0	0	0	0	3
57	30	0.0530630387	0.561317627	-0.00631220278	-0.00635971416	-0.012948129	0.00298476302	0.00660423296	0	0	0	0	0	3
58	30	0.0539952069	0.571165305	-0.00776690355	-0.0063982073	-0.012948129	0.00298476302	0.00642245562	0	0	0	0	0	3
59	31	0.0552274663	0.581012983	-0.00610031974	-0.00640290525	-0.012948129	0.00298476302	0.00625969693	0	0	0	0	0	3
60	31	0.0563844045	0.59086066	-0.00460720291	-0.00637400403	-0.012948129	0.00298476302	0.00613614388	0	0	0	0	0	3
61	32	0.0575384304	0.600708338	-0.00305347054	-0.00631429408	-0.012948129	0.00298476302	0.005831382	0	0	0	0	0	3
62	32	0.0589036472	0.610556016	-0.00334281286	-0.0062506943	-0.012948129	0.00298476302	0.00551552117	0	0	0	0	0	3
63	33	0.0600592237	0.620403693	-0.00273522218	-0.00618223954	-0.012948129	0.00298476302	0.00517602881	0	0	0	0	0	3
64	33	0.061801288	0.630251371	-0.0019748615	-0.0060531781	-0.012948129	0.00298476302	0.00486435401	0	0	0	0	0	3
65	34	0.0631388376	0.640099049	-0.000590793357	-0.00592156447	-0.012948129	0.00298476302	0.00484206714	0	0	0	0	0	3
66	34	0.064969106	0.649946726	0.000501603093	-0.0057163221	-0.012948129	0.00298476302	0.00484206714	0	0	0	0	0	3
67	35	0.0667540196	0.659794404	-0.00192119793	-0.00557828317	-0.012948129	0.00298476302	0.00484206714	0	0	0	0	0	3
68	35	0.0681193955	0.669642082	-0.00304876819	-0.00547731156	-0.012948129	0.00298476302	0.00484206714	0	0	0	0	0	3
69	36	0.0700059636	0.679489759	-0.00461772531	-0.00539425872	-0.012948129	0.00298476302	0.00484206714	0	0	0	0	0	3
70	36	0.0718390145	0.689337437	-0.00685101841	-0.00536907617	-0.012948129	0.00298476302	0.00484206714	0	0	0	0	0	3
71	36	0.0731457443	0.699185115	-0.00816311194	-0.00535237115	-0.012948129	0.00298476302	0.00484206714	0	0	0	0	0	3
72	37	0.0751758168	0.709032792	-0.00995873591	-0.00538266963	-0.012948129	0.00298476302	0.00484206714	0	0	0	0	0	3
73	37	0.0770295563	0.71888047	-0.0112031889	-0.00543405229	-0.012948129	0.00298476302	0.00484206714	0	0	0	0	0	3
74	38	0.0788807909	0.728728148	-0.0118031499	-0.00551462638	-0.012948129	0.00298476302	0.00484206714	0	0	0	0	0	3
75	38	0.0806487789	0.738575825	-0.0122411361	-0.0055830159	-0.0126637483	0.00298476302	0.00484206714	0	0	0	0	0	3
76	39	0.0825332256	0.748423503	-0.0121589527	-0.00569393169	-0.0126637483	0.00298476302	0.00484206714	0	0	0	0	0	3
77	39	0.0838568414	0.758271181	-0.0120367826	-0.00572016298	-0.0122411361	0.00298476302	0.00484206714	0	0	0	0	0	3
78	40	0.0852192201	0.768118859	-0.0100561537	-0.00572027158	-0.0122411361	0.00298476302	0.00484206714	0	0	0	0	0	3
79	40	0.0863258078	0.777966536	-0.00725664653	-0.00567684991	-0.0122411361	0.00298476302	0.00476752109	0	0	0	0	0	3
80	41	0.0869122177	0.787814214	-0.00729726452	-0.00564881207	-0.0122411361	0.00298476302	0.00473888125	0	0	0	0	0	3
81	41	0.0874589805	0.797661892	-0.00690542208	-0.00563742118	-0.0122411361	0.00298476302	0.00464840871	0	0	0	0	0	3
82	42	0.0881264588	0.807509569	-0.00744284242	-0.00562666978	-0.0122411361	0.00298476302	0.00450851283	0	0	0	0	0	3
83	42	0.0893139102	0.817357247	-0.0073774161	-0.0056425604	-0.0122411361	0.00298476302	0.00420691077	0	0	0	0	0	3
84	43	0.0905421364	0.827204925	-0.00557959065	-0.00566351349	-0.0122411361	0.00298476302	0.00407634015	0	0	0	0	0	3
85	44	0.0916886194	0.837052602	-0.00361852606	-0.00564125918	-0.0122411361	0.00298476302	0.00372242977	0	0	0	0	0	3
86	44	0.0927136717	0.84690028	-0.0031864293	-0.00566142168	-0.0122411361	0.00298476302	0.00307935886	0	0	0	0	0	3
87	45	0.0939381376	0.856747958	-0.00410441346	-0.00577943386	-0.0122411361	0.00298476302	0.00279028943	0	0	0	0	0	3
88	45	0.0952389638	0.866595635	-0.00338079212	-0.0058089953	-0.0122411361	0.00298476302	0.00235244697	0	0	0	0	0	3
89	46	0.0968284336	0.876443313	-0.00111240953	-0.00581900372	-0.0122411361	0.00298476302	0.00201718807	0	0	0	0	0	3
90	46	0.0981208039	0.886290991	0.000104974771	-0.00581267466	-0.0122411361	0.00298476302	0.00143428405	0	0	0	0	0	3
91	47	0.0998500706	0.896138668	-0.00023528813	-0.00588514213	-0.0122411361	0.00185186314	0.00143428405	0	0	0	0	0	3
92	47	0.100925156	0.905986346	-0.00120806333	-0.00596937415	-0.0122411361	0.00185186314	0.00143428405	0	0	0	0	0	3
93	48	0.102077917	0.915834024	-0.00286239604	-0.00600792726	-0.0122411361	0.00067596824	0.00143428405	0	0	0	0	0	3
94	48	0.104046229	0.925681701	-0.00423957406	-0.00612815493	-0.0122411361	0.000501603093	0.00143428405	0	0	0	0	0	3
95	48	0.105415566	0.935529379	-0.00578379584	-0.00622084983	-0.0122411361	0.000501603093	0.00143428405	0	0	0	0	0	3
96	49	0.106091941	0.945377057	-0.00614794896	-0.00634604067	-0.0122411361	0.000501603093	0.00143428405	0	0	0	0	0	3
97	49	0.108064789	0.955224734	-0.00805242006	-0.00644513527	-0.0122411361	0.000501603093	0.00142493812	0	0	0	0	0	3
98	50	0.109759151	0.965072412	-0.00945065077	-0.00652426785	-0.0122411361	0.000501603093	0.00136953076	0	0	0	0	0	3
99	50	0.111335876	0.97492009	-0.0108178273	-0.00657920852	-0.0122411361	0.000501603093	0.00123135265	0	0	0	0	0	3
100	51	0.113020039	0.984767767	-0.0117991232	-0.00662358659	-0.0122411361	0.000501603093	0.00127121544	0	0	0	0	0	3
101	52	0.114846764	0.994615445	-0.0117090184	-0.00665012357	-0.0122411361	0.000501603093	0.00129775242	0	0	0	0	0	3
102	52	0.116698946	1.00446312	-0.0126207755	-0.00668931362	-0.0126207755	0.000501603093	0.00133694247	0.00174426929	0	100	0	0	3
103	52	0.118556583	1.0143108	-0.0122571197	-0.00669555807	-0.0126207755	0.000501603093	0.00134318692	0.00174426929	0	100	0	0	3
104	53	0.120247423	1.02415848	-0.0101392683	-0.00667145147	-0.0126207755	0.000501603093	0.00134318692	0.00174426929	0	100	0	0	3
105	53	0.121744859	1.03400616	-0.00728830957	-0.00664663472	-0.0126207755	0.000501603093	0.00134318692	0.00174426929	0	100	0	0	3
106	54	0.122180672	1.04385383	-0.00754134758	-0.00664049676	-0.0126207755	0.000501603093	0.00134318692	0.00174426929	0	100	0	0	3
107	55	0.12288972	1.05370151	-0.00707689185	-0.00664929417	-0.0126207755	0.000501603093	0.00134318692	0.00174426929	0	100	0	0	3
108	55	0.124046178	1.06354919	-0.00671697974	-0.00665308479	-0.0126207755	0.000501603093	0.00134318692	0.00174426929	0	100	0	0	3
109	56	0.125327319	1.07339687	-0.00642647872	-0.00663445951	-0.0126207755	0.000501603093	0.00134318692	0.00174426929	0	100	0	0	3
110	56	0.126612643	1.08324454	-0.00508300495	-0.00661574523	-0.0126207755	0.000501603093	0.00134318692	0.00174426929	0	100	0	0	3
111	57	0.127594057	1.09309222	-0.00456970271	-0.00662017924	-0.0126207755	0.000501603093	0.00134318692	0.00174426929	0	100	0	0	3
112	58	0.128667404	1.1029399	0.000490604396	-0.00657074419	-0.0126207755	0.000501603093	0.00134318692	0.00174426929	0	100	0	0	3
113	58	0.129472512	1.11278758	0.00436511494	-0.00650842608	-0.0126207755	0.00436511494	0.00134318692	0.00175800705	0	100	0	0	3
114	59	0.130304216	1.12263525	0.00435104402	-0.0064419211	-0.0126207755	0.00436511494	0.00134318692	0.00176945519	0	100	0	0	3
115	59	0.13140465	1.13248293	0.00471113212	-0.00637739405	-0.0126207755	0.00471113212	0.00134318692	0.00178205596	0	100	0	0	3
116	60	0.132186313	1.14233061	0.00370313666	-0.00637537069	-0.0126207755	0.00471113212	0.00134318692	0.00179285663	0	100	0	0	3
117	60	0.133520981	1.15217829	0.00302753677	-0.00637590967	-0.0126207755	0.00471113212	0.00134318692	0.0018022172	0	100	0	0	3
118	60	0.135173676	1.16202597	0.000406005363	-0.00632830406	-0.0126207755	0.00471113212	0.00134318692	0.00181040771	0	100	0	0	3
119	61	0.136485982	1.17187364	-0.000615866785	-0.00628414987	-0.0126207755	0.00471113212	0.00134318692	0.00181763462	0	100	0	0	3
120	61	0.137735622	1.18172132	-0.00133900551	-0.00623932717	-0.0126207755	0.00471113212	0.00134318692	0.00182405855	0	100	0	0	3
121	62	0.138783743	1.191569	-0.00183444229	-0.00615361303	-0.0126207755	0.00471113212	0.00134318692	0.00182980627	0	100	0	0	3
122	62	0.140496226	1.20141668	-0.0033133423	-0.00604240685	-0.0126207755	0.00471113212	0.00131288844	0.00183497922	0	100	0	0	3
123	63	0.142014563	1.21126435	-0.00499941529	-0.00589976437	-0.0126207755	0.00471113212	0.00126150579	0.00183965951	0	100	0	0	3
124	63	0.143698662	1.22111203	-0.00719205899	-0.00578494632	-0.0126207755	0.00471113212	0.0011809317	0.00184391432	0	100	0	0	3
125	64	0.145295994	1.23095971	-0.00876151063	-0.00568878544	-0.0126207755	0.00471113212	0.00111254218	0.00184779914	0	100	0	0	3
126	64	0.147139407	1.24080739	-0.0103676711	-0.00564427752	-0.0126207755	0.00471113212	0.0010688883	0.00185006303	0	100	0	0	3
127	64	0.149160531	1.25065506	-0.0109987716	-0.00562244774	-0.0126207755	0.00471113212	0.00107311033	0.0018521458	0	100	0	0	3
128	65	0.150850297	1.26050274	-0.0112815605	-0.00563845618	-0.0126207755	0.00471113212	0.00107311033	0.00185388742	0	100	0	0	3
129	65	0.152773835	1.27035042	-0.0117178971	-0.00572246903	-0.0126207755	0.00471113212	0.00107311033	0.00185550003	0	100	0	0	3
130	66	0.15466823	1.2801981	-0.0102678688	-0.00582362262	-0.0126207755	0.00471113212	0.00107311033	0.00185699746	0	100	0	0	3
131	66	0.156109139	1.29004578	-0.00749530753	-0.00584594425	-0.0126207755	0.00471113212	0.00107311033	0.00185839161	0	100	0	0	3
132	67	0.156953015	1.29989345	-0.00620657466	-0.00584198771	-0.0126207755	0.00471113212	0.00107311033	0.00185969282	0	100	0	0	3
133	67	0.157549037	1.30974113	-0.00645126859	-0.00583182688	-0.0126207755	0.00471113212	0.00107311033	0.00186091008	0	100	0	0	3
134	68	0.158515961	1.31958881	-0.00669570152	-0.00581737629	-0.0126207755	0.00471113212	0.00107311033	0.00186205126	0	100	0	0	3
135	69	0.159648835	1.32943649	-0.00488471199	-0.00580631316	-0.0126207755	0.00471113212	0.00107311033	0.00186312328	0	100	0	0	3
136	69	0.160870262	1.33928416	-0.00607290627	-0.00584727611	-0.0126207755	0.00471113212	0.00107311033	0.00186413224	0	100	0	0	3
137	70	0.161610448	1.34913184	-0.00253060163	-0.00585123204	-0.0126207755	0.00471113212	0.00107311033	0.00186508355	0	100	0	0	3
138	70	0.162473183	1.35897952	-0.00215905865	-0.00583596324	-0.0126207755	0.00471113212	0.00107311033	0.001865982	0	100	0	0	3
139	71	0.163967378	1.3688272	-0.00305482293	-0.0058219688	-0.0126207755	0.00471113212	0.00107311033	0.00186683189	0	100	0	0	3
140	71	0.165028567	1.37867487	-0.00321838491	-0.00589121804	-0.0126207755	0.00471113212	0.00107311033	0.00186763705	0	100	0	0	3
141	72	0.167202193	1.38852255	-0.00191207021	-0.00587819169	-0.0126207755	0.00471113212	0.00107311033	0.00186840092	0	100	0	0	3
142	72	0.168474817	1.39837023	-0.000541643365	-0.00592142198	-0.0126207755	0.00471113212	0.00107311033	0.00186912659	0	100	0	0	3
143	73	0.16966077	1.40821791	-0.000378455992	-0.00589950561	-0.0126207755	0.00471113212	0.00107311033	0.00186981687	0	100	0	0	3
144	73	0.171500431	1.41806558	-0.00148330944	-0.0058329099	-0.0126207755	0.00471113212	0.00107311033	0.00187047428	0	100	0	0	3
145	74	0.172507657	1.42791326	-0.00232315234	-0.00582708272	-0.0126207755	0.00471113212	0.00107311033	0.0018711011	0	100	0	0	3
146	74	0.174063771	1.43776094	-0.00348431036	-0.00577484033	-0.0126207755	0.00471113212	0.00107311033	0.00187169944	0	100	0	0	3
147	75	0.175548717	1.44760862	-0.00516683687	-0.00575820821	-0.0126207755	0.00471113212	0.00107311033	0.00187227118	0	100	0	0	3
148	75	0.177644412	1.4574563	-0.00801820802	-0.00576122835	-0.0126207755	0.00471113212	0.00107311033	0.00187281807	0	100	0	0	3
149	75	0.179087885	1.46730397	-0.00945804727	-0.00574803091	-0.0126207755	0.00471113212	0.00107311033	0.00187334168	0	100	0	0	3
150	76	0.18066244	1.47715165	-0.0105106738	-0.00574089615	-0.0126207755	0.00471113212	0.00107311033	0.00187384348	0	100	0	0	3
151	76	0.182293023	1.48699933	-0.0117121902	-0.00573416408	-0.0126207755	0.00471113212	0.00107311033	0.00187432479	0	100	0	0	3
152	77	0.184099255	1.49684701	-0.0119923738	-0.00573978649	-0.0126207755	0.00471113212	0.00107311033	0.00187478686	0	100	0	0	3
153	77	0.185871799	1.50669468	-0.0123829669	-0.00572577051	-0.0123829669	0.00471113212	0.00107311033	0.0018752308	0	100	0	0	3
154	78	0.187815162	1.51654236	-0.0126782284	-0.00574567105	-0.0126782284	0.00471113212	0.00104900373	0.00187577862	0	100	0	0	3
155	78	0.189598784	1.52639004	-0.0110292233	-0.00577443742	-0.0126782284	0.00471113212	0.00103063706	0.00187630577	0	100	0	0	3
156	79	0.191019875	1.53623772	-0.00811206314	-0.00578966734	-0.0126782284	0.00471113212	0.00103063706	0.0018768134	0	100	0	0	3
157	79	0.191830963	1.54608539	-0.00694724878	-0.00579218701	-0.0126782284	0.00471113212	0.00103063706	0.00187730257	0	100	0	0	3
158	80	0.192433823	1.55593307	-0.00697897282	-0.00578937655	-0.0126782284	0.00471113212	0.00103063706	0.00187777427	0	100	0	0	3
159	80	0.193388129	1.56578075	-0.00816271639	-0.00580656899	-0.0126782284	0.00471113212	0.00101201177	0.00187822941	0	100	0	0	3
160	81	0.194430792	1.57562843	-0.00690905458	-0.00581171098	-0.0126782284	0.00471113212	0.000997731499	0.00187866887	0	100	0	0	3
161	82	0.195410841	1.58547611	-0.00626831013	-0.00583182942	-0.0126782284	0.00471113212	0.000997731499	0.00187909342	0	100	0	0	3
162	82	0.196887546	1.59532378	-0.00134131169	-0.00575400821	-0.0126782284	0.00471113212	0.000948296448	0.00187950383	0	100	0	0	3
163	83	0.197761906	1.60517146	-0.00152276478	-0.00579747053	-0.0126782284	0.00471113212	0.000885978342	0.00187990077	0	100	0	0	3
164	83	0.199179828	1.61501914	-0.00216950048	-0.00584104983	-0.0126782284	0.00471113212	0.00081947336	0.00188028492	0	100	0	0	3
165	84	0.200525766	1.62486682	-0.0033520435	-0.00591405818	-0.0126782284	0.00471113212	0.000754946316	0.00188065686	0	100	0	0	3
166	84	0.202080636	1.63471449	-0.00337509026	-0.00602363658	-0.0126782284	0.00370313666	0.000753461936	0.00188101719	0	100	0	0	3
167	85	0.203435303	1.64456217	-0.002462213	-0.00606263379	-0.0126782284	0.00302753677	0.000753461936	0.00188136643	0	100	0	0	3
168	85	0.205196992	1.65440985	-0.00266622531	-0.00614842182	-0.0126782284	0.000406005363	0.000705856325	0.00188170508	0	100	0	0	3
169	86	0.206883394	1.66425753	-0.00440215989	-0.00625841484	-0.0126782284	-0.000378455992	0.000661702134	0.00188203363	0	100	0	0	3
170	86	0.208163239	1.6741052	-0.00439093243	-0.00632837657	-0.0126782284	-0.000378455992	0.000705928835	0.00188235251	0	100	0	0	3
171	86	0.209779498	1.68395288	-0.00578673792	-0.00640276858	-0.0126782284	-0.000378455992	0.000780320841	0.00188266215	0	100	0	0	3
172	87	0.211401182	1.69380056	-0.00743761935	-0.00649181545	-0.0126782284	-0.000378455992	0.000869367709	0.00188296294	0	100	0	0	3
173	87	0.213058181	1.70364824	-0.00905750585	-0.00662541758	-0.0126782284	-0.000378455992	0.00100296984	0.00188325526	0	100	0	0	3
174	88	0.214808897	1.71349592	-0.0108863168	-0.00676180787	-0.0126782284	-0.000378455992	0.00113936013	0.00188353946	0	100	0	0	3
175	88	0.216514273	1.72334359	-0.0118963658	-0.00687211074	-0.0126782284	-0.000378455992	0.001249663	0.00188381587	0	100	0	0	3
176	88	0.218252684	1.73319127	-0.012465968	-0.00696403407	-0.0126782284	-0.000378455992	0.00134158633	0.00188408482	0	100	0	0	3
177	89	0.220026652	1.74303895	-0.0126855317	-0.00701720452	-0.0126855317	-0.000378455992	0.00139475678	0.00188435725	0	100	0	0	3
178	89	0.221738261	1.75288663	-0.0130559343	-0.00704873902	-0.0130559343	-0.000378455992	0.00141028285	0.00188515607	0	100	0	0	3
179	90	0.222560878	1.7627343	-0.0128577752	-0.00701563553	-0.0130559343	-0.000378455992	0.00132627	0.00188593413	0	100	0	0	3
180	90	0.223559522	1.77258198	-0.0127148188	-0.00696825985	-0.0130559343	-0.000378455992	0.00132296851	0.00188669225	0	100	0	0	3
181	91	0.22508849	1.78242966	-0.0107418506	-0.00696142855	-0.0130559343	-0.000378455992	0.00132296851	0.00188743118	0	100	0	0	3
182	92	0.226179238	1.79227734	-0.00917961571	-0.00698497941	-0.0130559343	-0.000378455992	0.00132296851	0.00188815163	0	100	0	0	3
183	92	0.226909727	1.80212501	-0.00834674256	-0.00700858874	-0.0130559343	-0.000378455992	0.00132296851	0.00188885429	0	100	0	0	3
184	93	0.227553022	1.81197269	-0.00865219527	-0.00702843758	-0.0130559343	-0.000378455992	0.00132296851	0.00188953982	0	100	0	0	3
185	93	0.228670772	1.82182037	-0.00802503339	-0.00704890197	-0.0130559343	-0.000378455992	0.00132313146	0.00189020883	0	100	0	0	3
186	94	0.229944154	1.83166805	-0.00660307723	-0.00707570388	-0.0130559343	-0.000378455992	0.00134993337	0.0018908619	0	100	0	0	3
187	94	0.231152158	1.84151572	-0.00548649996	-0.00706581626	-0.0130559343	-0.000378455992	0.00134993337	0.00189149962	0	100	0	0	3
188	95	0.232269871	1.8513634	-0.00420539406	-0.00706807742	-0.0130559343	-0.000378455992	0.00134993337	0.0018921225	0	100	0	0	3
189	95	0.233651294	1.86121108	0.000188154511	-0.00698674978	-0.0130559343	0.000188154511	0.00134993337	0.00189273106	0	100	0	0	3
190	96	0.235271576	1.87105876	0.00172669708	-0.00687114406	-0.0130559343	0.00172669708	0.00134993337	0.00189332579	0	100	0	0	3
191	96	0.236678747	1.88090644	0.00372087734	-0.0067172224	-0.0130559343	0.00372087734	0.00134993337	0.00189390715	0	100	0	0	3
192	97	0.238231518	1.89075411	0.00451792293	-0.00661865743	-0.0130559343	0.00451792293	0.00134993337	0.0018944756	0	100	0	0	3
193	97	0.239654832	1.90060179	0.00344678583	-0.00652603965	-0.0130559343	0.00451792293	0.00134993337	0.00189503155	0	100	0	0	3
194	98	0.24143405	1.91044947	0.00127707296	-0.00643418514	-0.0130559343	0.00451792293	0.00134993337	0.00189557542	0	100	0	0	3
195	98	0.243189489	1.92029715	-0.000722239641	-0.00642136543	-0.0130559343	0.00451792293	0.00134993337	0.00189610759	0	100	0	0	3
196	99	0.24471457	1.93014482	-0.00223829964	-0.00639018163	-0.0130559343	0.00451792293	0.00134993337	0.00189662844	0	100	0	0	3
197	99	0.246515454	1.9399925	-0.00422933157	-0.00639888294	-0.0130559343	0.00451792293	0.00134993337	0.00189713833	0	100	0	0	3
198	99	0.247940994	1.94984018	-0.00626795819	-0.00642157711	-0.0130559343	0.00451792293	0.00134993337	0.00189763759	0	100	0	0	3
199	100	0.249627969	1.95968786	-0.00845754587	-0.0064228076	-0.0130559343	0.00451792293	0.00134993337	0.00189812655	0	100	0	0	3
200	100	0.251355147	1.96953553	-0.0101741863	-0.00645183894	-0.0130559343	0.00451792293	0.00134993337	0.00189860554	0	100	0	0	3
201	101	0.25314788	1.97938321	-0.0112085571	-0.00648131608	-0.0130559343	0.00451792293	0.00134993337	0.00189907485	0	100	0	0	3
202	102	0.254918919	1.98923089	-0.0116774324	-0.00649058488	-0.0130559343	0.00451792293	0.00134993337	0.00189953478	0	100	0	0	3
203	102	0.256848509	1.99907857	-0.0120263884	-0.00650081614	-0.0130559343	0.00451792293	0.00134993337	0.0018999856	0	100	0	0	3
204	103	0.258280312	2.00892625	-0.0115320371	-0.00645630965	-0.0130559343	0.00451792293	0.00133003283	0.00190042757	0	100	0	0	3
205	103	0.259549305	2.01877392	-0.0102914606	-0.00635559512	-0.0130559343	0.00451792293	0.00132169568	0.00190086097	0	100	0	0	3
206	104	0.260978545	2.0286216	-0.00746711884	-0.0062610676	-0.0130559343	0.00451792293	0.00132169568	0.00190128603	0	100	0	0	3
207	104	0.261694461	2.03846928	-0.00685987827	-0.00622991446	-0.0130559343	0.00451792293	0.00132169568	0.001901703	0	100	0	0	3
208	105	0.262265337	2.04831696	-0.00750715976	-0.00623200617	-0.0130559343	0.00451792293	0.00132169568	0.00190211209	0	100	0	0	3
209	105	0.263311539	2.05816463	-0.00836840377	-0.00625718737	-0.0130559343	0.00451792293	0.00132169568	0.00190251355	0	100	0	0	3
210	106	0.264409853	2.06801231	-0.00640238046	-0.00623382846	-0.0130559343	0.00451792293	0.00132169568	0.00190290756	0	100	0	0	3
211	106	0.265346472	2.07785999	-0.00617633749	-0.00622314139	-0.0130559343	0.00451792293	0.00132169568	0.00190329435	0	100	0	0	3
212	107	0.266770642	2.08770767	-0.00407006314	-0.00617955077	-0.0130559343	0.00451792293	0.00132169568	0.0019036741	0	100	0	0	3
213	108	0.268152473	2.09755534	-0.00438471474	-0.00624500365	-0.0130559343	0.00451792293	0.00127823336	0.00190404702	0	100	0	0	3
214	108	0.2691009	2.10740302	-0.00422326045	-0.00627600297	-0.0130559343	0.00451792293	0.00123465406	0.00190441327	0	100	0	0	3
215	108	0.270794934	2.1172507	-0.00319060125	-0.00628432417	-0.0130559343	0.00451792293	0.0011616457	0.00190477304	0	100	0	0	3
216	109	0.272295217	2.12709838	-0.00182316578	-0.00624605815	-0.0130559343	0.00451792293	0.0010520673	0.0019051265	0	100	0	0	3
217	109	0.273819096	2.13694606	-0.00194028052	-0.00621681995	-0.0130559343	0.00451792293	0.00101307009	0.00190528988	0	100	0	0	3
218	110	0.275098931	2.14679373	-0.00156293256	-0.00620468041	-0.0130559343	0.00451792293	0.000927282063	0.00190545045	0	100	0	0	3
219	110	0.276807962	2.15664141	-0.00306211117	-0.00621673035	-0.0130559343	0.00451792293	0.000896153109	0.00190560827	0	100	0	0	3
220	111	0.278275834	2.16648909	-0.00363980739	-0.00620661027	-0.0130559343	0.00451792293	0.000896153109	0.00190576342	0	100	0	0	3
221	111	0.280319872	2.17633677	-0.00545899285	-0.00621763669	-0.0130559343	0.00451792293	0.000896153109	0.00190591596	0	100	0	0	3
222	111	0.281539272	2.18618444	-0.00682793565	-0.0062377126	-0.0130559343	0.00451792293	0.000896153109	0.00190606595	0	100	0	0	3
223	112	0.283140957	2.19603212	-0.00842928503	-0.00625951834	-0.0130559343	0.00451792293	0.000896153109	0.00190621347	0	100	0	0	3
224	112	0.284895051	2.2058798	-0.0102753764	-0.00629303774	-0.0130559343	0.00451792293	0.000896153109	0.00190635857	0	100	0	0	3
225	113	0.286625937	2.21572748	-0.0116008286	-0.00630899021	-0.0130559343	0.00451792293	0.000896153109	0.00190650131	0	100	0	0	3
226	113	0.288528367	2.22557515	-0.0119514311	-0.00632573375	-0.0130559343	0.00451792293	0.000896153109	0.00190664175	0	100	0	0	3
227	113	0.290370321	2.23542283	-0.0121290662	-0.00632594477	-0.0130559343	0.00451792293	0.000896153109	0.00190677994	0	100	0	0	3
228	114	0.292284008	2.24527051	-0.0121454377	-0.00632393785	-0.0130559343	0.00451792293	0.000896153109	0.00190691594	0	100	0	0	3
229	114	0.294004821	2.25511819	-0.0111431142	-0.00627924709	-0.0128577752	0.00451792293	0.000896153109	0.00190704979	0	100	0	0	3
230	115	0.29526774	2.26496586	-0.00892010747	-0.00625068846	-0.0127148188	0.00451792293	0.000896153109	0.00190718156	0	100	0	0	3
231	116	0.296302021	2.27481354	-0.00733854668	-0.00617741333	-0.0121454377	0.00451792293	0.00089829055	0.00190731128	0	100	0	0	3
232	116	0.296858392	2.28466122	-0.0065796544	-0.0060832919	-0.0121454377	0.00451792293	0.00099241198	0.001907439	0	100	0	0	3
233	117	0.297503358	2.2945089	-0.00629776466	-0.00603787978	-0.0121454377	0.00451792293	0.0010378241	0.00190756478	0	100	0	0	3
234	117	0.298571765	2.30435658	-0.00608419585	-0.00601503484	-0.0121454377	0.00451792293	0.00106066905	0.00190768865	0	100	0	0	3
235	118	0.299851805	2.31420425	-0.00550493743	-0.0059825389	-0.0121454377	0.00451792293	0.00109316498	0.00190781066	0	100	0	0	3
236	119	0.30110747	2.32405193	-0.00360323923	-0.00590977745	-0.0121454377	0.00451792293	0.00116592643	0.00190793084	0	100	0	0	3
237	119	0.302385864	2.33389961	-0.00343685261	-0.00585395037	-0.0121454377	0.00451792293	0.00121412705	0.00190804925	0	100	0	0	3
238	120	0.303703849	2.34374729	-0.00195288931	-0.00578920127	-0.0121454377	0.00451792293	0.00127887615	0.00190816591	0	100	0	0	3
239	120	0.305468548	2.35359496	-0.000862872791	-0.00569461972	-0.0121454377	0.00451792293	0.00129213007	0.00190828087	0	100	0	0	3
240	121	0.306949287	2.36344264	-4.88759039e-05	-0.00569143722	-0.0121454377	0.00451792293	0.00117970684	0.00190839417	0	100	0	0	3
241	121	0.308437941	2.37329032	7.42806908e-05	-0.00573840292	-0.0121454377	0.00451792293	0.00102578519	0.00190850583	0	100	0	0	3
242	122	0.30991155	2.383138	-8.48700218e-05	-0.00580640145	-0.0121454377	0.00451792293	0.000927220217	0.0019086159	0	100	0	0	3
243	122	0.311408198	2.39298567	-0.00119380154	-0.00593113888	-0.0121454377	0.00344678583	0.000834602435	0.00190872441	0	100	0	0	3
244	122	0.313229359	2.40283335	-0.00237009951	-0.00602441174	-0.0121454377	0.00127707296	0.000809378924	0.00190883139	0	100	0	0	3
245	123	0.314972364	2.41268103	-0.00409203541	-0.00615526593	-0.0121454377	7.42806908e-05	0.000809378924	0.00190893688	0	100	0	0	3
246	123	0.316557617	2.42252871	-0.00601923638	-0.00628231975	-0.0121454377	7.42806908e-05	0.000809378924	0.00190904089	0	100	0	0	3
247	124	0.317996732	2.43237639	-0.00761278487	-0.00639260784	-0.0121454377	7.42806908e-05	0.000809378924	0.00190914348	0	100	0	0	3
248	124	0.319851606	2.44222406	-0.0094904085	-0.00652408243	-0.0121454377	7.42806908e-05	0.000832645214	0.00190924466	0	100	0	0	3
249	125	0.321722755	2.45207174	-0.0112610131	-0.00664916241	-0.0121454377	7.42806908e-05	0.000957725189	0.00190934446	0	100	0	0	3
250	125	0.323630374	2.46191942	-0.0117304839	-0.00673892338	-0.0121454377	7.42806908e-05	0.00104748616	0.00190944291	0	100	0	0	3
251	125	0.32544673	2.4717671	-0.0119718781	-0.00678712854	-0.0121454377	7.42806908e-05	0.00109569132	0.00190954005	0	100	0	0	3
252	126	0.326833916	2.48161477	-0.0120078956	-0.00677784229	-0.0121454377	7.42806908e-05	0.00109569132	0.00190963588	0	100	0	0	3
253	126	0.328343677	2.49146245	-0.0120241223	-0.00676753597	-0.0121454377	7.42806908e-05	0.00109569132	0.00190973045	0	100	0	0	3
254	127	0.329619933	2.50131013	-0.0101091211	-0.0066866978	-0.0121454377	7.42806908e-05	0.00109569132	0.00190982377	0	100	0	0	3
255	128	0.330873691	2.51115781	-0.00775015103	-0.00660949713	-0.0121454377	7.42806908e-05	0.00109569132	0.00190991588	0	100	0	0	3
256	128	0.331546199	2.52100548	-0.00681327286	-0.0065465035	-0.0121454377	7.42806908e-05	0.00109569132	0.00191000678	0	100	0	0	3
257	129	0.332131567	2.53085316	-0.00708984174	-0.00653248122	-0.0121454377	7.42806908e-05	0.00109569132	0.00191009652	0	100	0	0	3
258	129	0.333237925	2.54070084	-0.00733651024	-0.00654163867	-0.0121454377	7.42806908e-05	0.00109569132	0.0019101851	0	100	0	0	3
259	130	0.334464853	2.55054852	-0.00561470448	-0.00651825244	-0.0121454377	7.42806908e-05	0.00109569132	0.00191027256	0	100	0	0	3
260	131	0.335652491	2.5603962	-0.00494781091	-0.00646571309	-0.0121454377	7.42806908e-05	0.00109569132	0.00191035891	0	100	0	0	3
261	131	0.336894212	2.57024387	-0.00469292645	-0.00643630333	-0.0121454377	7.42806908e-05	0.00109569132	0.00191044417	0	100	0	0	3
262	132	0.338492582	2.58009155	-0.0031023039	-0.00636677843	-0.0121454377	7.42806908e-05	0.00109569132	0.00191052837	0	100	0	0	3
263	132	0.339884968	2.58993923	-0.00393763332	-0.00636525489	-0.0121454377	7.42806908e-05	0.00109569132	0.00191061152	0	100	0	0	3
264	133	0.341217979	2.59978691	-0.00249150537	-0.00633203842	-0.0121454377	7.42806908e-05	0.00109569132	0.00191069364	0	100	0	0	3
265	133	0.341634631	2.60963458	-0.00146423696	-0.00633165022	-0.0121454377	7.42806908e-05	0.00109569132	0.00191077476	0	100	0	0	3
266	134	0.343264047	2.61948226	0.000416782994	-0.00625334156	-0.0121454377	0.000416782994	0.00109569132	0.00191085488	0	100	0	0	3
267	134	0.344181753	2.62932994	0.000478637257	-0.00625985929	-0.0121454377	0.000478637257	0.00109569132	0.00191093404	0	100	0	0	3
268	134	0.346017747	2.63917762	-0.000311165088	-0.00619975771	-0.0121454377	0.000478637257	0.00109569132	0.00191101224	0	100	0	0	3
269	135	0.347060308	2.64902529	-0.00154916609	-0.00621484699	-0.0121454377	0.000478637257	0.00109569132	0.00191108951	0	100	0	0	3
270	135	0.348283155	2.65887297	-0.0026950815	-0.00623001292	-0.0121454377	0.000478637257	0.00109569132	0.00191116585	0	100	0	0	3
271	136	0.349820808	2.66872065	-0.0041305084	-0.00623803278	-0.0121454377	0.000478637257	0.00109569132	0.00191124129	0	100	0	0	3
272	136	0.351658141	2.67856833	-0.00617942827	-0.00625884505	-0.0121454377	0.000478637257	0.00109569132	0.00191131585	0	100	0	0	3
273	137	0.353028319	2.688416	-0.00811604379	-0.00628473354	-0.0121454377	0.000478637257	0.00109569132	0.00191138953	0	100	0	0	3
274	137	0.354431129	2.69826368	-0.0101491908	-0.00631259439	-0.0121454377	0.000478637257	0.00109569132	0.00191146236	0	100	0	0	3
275	138	0.356026962	2.70811136	-0.0111880162	-0.0063242525	-0.0121454377	0.000478637257	0.00109569132	0.00191153434	0	100	0	0	3
276	138	0.357686031	2.71795904	-0.011647247	-0.0063200035	-0.0121454377	0.000478637257	0.00109569132	0.0019116055	0	100	0	0	3
277	138	0.359461638	2.72780672	-0.0115685369	-0.00630035026	-0.0121454377	0.000478637257	0.00109569132	0.00191167584	0	100	0	0	3
278	139	0.361404451	2.73765439	-0.0121154091	-0.00630825283	-0.0121454377	0.000478637257	0.00109569132	0.00191174539	0	100	0	0	3
279	139	0.36307825	2.74750207	-0.0115397535	-0.00627415304	-0.0121154091	0.000478637257	0.00109569132	0.00191181414	0	100	0	0	3
280	140	0.364502514	2.75734975	-0.00997280489	-0.00623002797	-0.0121154091	0.000478637257	0.00109569132	0.00191176026	0	100	0	0	3
281	140	0.365487626	2.76719743	-0.00801382033	-0.00620667107	-0.0121154091	0.000478637257	0.00109569132	0.00191161954	0	100	0	0	3
282	141	0.366301831	2.7770451	-0.00693229847	-0.00619838723	-0.0121154091	0.000478637257	0.00109569132	0.00191113408	0	100	0	0	3
283	142	0.366857279	2.78689278	-0.00737028493	-0.00620465592	-0.0121154091	0.000478637257	0.00109569132	0.001910654	0	100	0	0	3
284	142	0.367853504	2.79674046	-0.00701296946	-0.0062152488	-0.0121154091	0.000478637257	0.00109569132	0.00191017918	0	100	0	0	3
285	143	0.369032477	2.80658814	-0.00624475245	-0.00621772964	-0.0121154091	0.000478637257	0.00109569132	0.00190970956	0	100	0	0	3
286	144	0.369885543	2.81643581	-0.0069175687	-0.00623928228	-0.0121154091	0.000478637257	0.00109569132	0.00190924504	0	100	0	0	3
287	144	0.371217421	2.82628349	-0.00317434896	-0.00622826913	-0.0121154091	0.000478637257	0.00109569132	0.00190878554	0	100	0	0	3
288	145	0.372315653	2.83613117	-0.00415443533	-0.00624673024	-0.0121154091	0.000478637257	0.00109569132	0.00190833099	0	100	0	0	3
289	145	0.373964398	2.84597885	-0.00393103105	-0.00627293583	-0.0121154091	0.000478637257	0.00109569132	0.00190788129	0	100	0	0	3
290	146	0.37500241	2.85582653	-0.00471178157	-0.0063869326	-0.0121154091	0.000478637257	0.00109569132	0.00190743638	0	100	0	0	3
291	146	0.37640854	2.8656742	-0.00513254271	-0.0064966541	-0.0121154091	0.000478637257	0.00104872562	0.00190699618	0	100	0	0	3
292	147	0.377451372	2.87552188	-0.00518128898	-0.00661851651	-0.0121154091	0.000478637257	0.000980727089	0.00190656061	0	100	0	0	3
293	147	0.379119824	2.88536956	-0.00475986481	-0.00671282564	-0.0121154091	0.000478637257	0.000855989658	0.0019061296	0	100	0	0	3
294	148	0.380755061	2.89521724	-0.00619311035	-0.00681968238	-0.0121154091	0.000478637257	0.000795270645	0.00190509233	0	100	0	0	3
295	148	0.382292706	2.90506491	-0.00645900463	-0.00692898512	-0.0121154091	0.000478637257	0.000773719191	0.00190283508	0	100	0	0	3
296	148	0.38419054	2.91491259	-0.00695150406	-0.00700104068	-0.0121154091	0.000478637257	0.000802653446	0.00190015054	0	100	0	0	3
297	149	0.38569892	2.92476027	-0.00829823603	-0.00705185071	-0.0121154091	0.000478637257	0.000853463476	0.00189749353	0	100	0	0	3
298	149	0.387196702	2.93460795	-0.00980520145	-0.00709977951	-0.0121154091	0.000478637257	0.000901392281	0.00189486363	0	100	0	0	3
299	150	0.38897118	2.94445562	-0.0108238082	-0.00713123069	-0.0121154091	0.000478637257	0.000932843456	0.00189226043	0	100	0	0	3
300	150	0.390559946	2.9543033	-0.0118361008	-0.00712756253	-0.0121154091	0.000478637257	0.000932843456	0.00188968352	0	100	0	0	3
301	151	0.392192204	2.96415098	-0.0128878168	-0.00713662882	-0.0128878168	0.000478637257	0.00093824159	0.00188754092	0	100	0	0	3
302	151	0.39393485	2.97399866	-0.0129520181	-0.00715636411	-0.0129520181	0.000478637257	0.000957976878	0.00188545489	0	100	0	0	3
303	152	0.395758408	2.98384633	-0.0139318037	-0.00723798143	-0.0139318037	0.000478637257	0.0010395942	0.00188392326	0	100	0	0	3
304	152	0.397369782	2.99369401	-0.0137139151	-0.00728447429	-0.0139318037	0.000478637257	0.00108608705	0.00188240679	0	100	0	0	3
305	153	0.399083659	3.00354169	-0.0117965376	-0.00734390313	-0.0139318037	0.000478637257	0.0011455159	0.00188090527	0	100	0	0	3
306	153	0.400489612	3.01338937	-0.00886155712	-0.00736723708	-0.0139318037	0.000478637257	0.00116884985	0.00187941847	0	100	0	0	3
307	154	0.40124958	3.02323705	-0.00785158247	-0.00737786257	-0.0139318037	0.000478637257	0.00117947534	0.00187794617	0	100	0	0	3
308	154	0.401841628	3.03308472	-0.00767501521	-0.00738280485	-0.0139318037	0.000478637257	0.00118441762	0.00187648817	0	100	0	0	3
309	155	0.402801054	3.0429324	-0.00844660201	-0.0073982132	-0.0139318037	0.000478637257	0.00119982597	0.00187504425	0	100	0	0	3
310	156	0.403894722	3.05278008	-0.00655818326	-0.00741649818	-0.0139318037	0.000478637257	0.00121811094	0.00187361422	0	100	0	0	3
311	156	0.404959066	3.06262776	-0.00611843461	-0.00743886719	-0.0139318037	0.000478637257	0.00124047996	0.00187219787	0	100	0	0	3
312	157	0.406183033	3.07247543	-0.0035414683	-0.00741923057	-0.0139318037	0.000478637257	0.00124047996	0.00187079501	0	100	0	0	3
313	157	0.407434144	3.08232311	-0.00332207314	-0.00744496322	-0.0139318037	0.000478637257	0.00124657598	0.00186940545	0	100	0	0	3
314	158	0.408571358	3.09217079	-0.00399082677	-0.00745887374	-0.0139318037	0.000478637257	0.00126048651	0.00186802899	0	100	0	0	3
315	158	0.409848938	3.10201847	-0.00303847516	-0.0074730677	-0.0139318037	0.000478637257	0.00127468046	0.00186666547	0	100	0	0	3
316	159	0.41118006	3.11186614	-0.00160096813	-0.00739667311	-0.0139318037	0.000478637257	0.00127468046	0.00186531468	0	100	0	0	3
317	159	0.412468998	3.12171382	-0.000140955931	-0.00744550199	-0.0139318037	0.000478637257	0.00127468046	0.00186397646	0	100	0	0	3
318	160	0.413656217	3.1315615	-0.00011074215	-0.00742483359	-0.0139318037	-0.00011074215	0.00127468046	0.00186265063	0	100	0	0	3
319	160	0.415412057	3.14140918	-0.0019965554	-0.00747569462	-0.0139318037	-0.00011074215	0.00127730739	0.00186133702	0	100	0	0	3
320	161	0.416510811	3.15125686	-0.0036154055	-0.00750358864	-0.0139318037	-0.00011074215	0.0013052014	0.00186003547	0	100	0	0	3
321	161	0.417794212	3.16110453	-0.00418830777	-0.00752696964	-0.0139318037	-0.00011074215	0.0013285824	0.00185874579	0	100	0	0	3
322	162	0.419526222	3.17095221	-0.00563172386	-0.00755480093	-0.0139318037	-0.00011074215	0.0013564137	0.00185746785	0	100	0	0	3
323	162	0.421070262	3.18079989	-0.00643521608	-0.00756630229	-0.0139318037	-0.00011074215	0.00136791505	0.00185620146	0	100	0	0	3
324	162	0.422328444	3.19064757	-0.00757696814	-0.00755562663	-0.0139318037	-0.00011074215	0.00136791505	0.00185494649	0	100	0	0	3
325	163	0.423898432	3.20049524	-0.0091764883	-0.00753988478	-0.0139318037	-0.00011074215	0.00136791505	0.00185370277	0	100	0	0	3
326	163	0.425507457	3.21034292	-0.0107398824	-0.00753019957	-0.0139318037	-0.00011074215	0.00136791505	0.00185247016	0	100	0	0	3
327	164	0.427209565	3.2201906	-0.0119951501	-0.00754126577	-0.0139318037	-0.00011074215	0.00136791505	0.0018512485	0	100	0	0	3
328	164	0.42900256	3.23003828	-0.0118512825	-0.0075495629	-0.0139318037	-0.00011074215	0.00136791505	0.00185003766	0	100	0	0	3
329	164	0.430824322	3.23988595	-0.0127534563	-0.00755834519	-0.0139318037	-0.00011074215	0.00136791505	0.00184883748	0	100	0	0	3
330	165	0.432643448	3.24973363	-0.0123894732	-0.00758888283	-0.0139318037	-0.00011074215	0.00139049559	0.00184764783	0	100	0	0	3
331	165	0.434386761	3.25958131	-0.00999415724	-0.00760029905	-0.0139318037	-0.00011074215	0.00140191182	0.00184646857	0	100	0	0	3
332	166	0.435877201	3.26942899	-0.00783295705	-0.0075994381	-0.0139318037	-0.00011074215	0.00140191182	0.00184529957	0	100	0	0	3
333	167	0.436587032	3.27927667	-0.00693629712	-0.0076004692	-0.0139318037	-0.00011074215	0.00139581328	0.00184414068	0	100	0	0	3
334	167	0.437268057	3.28912434	-0.00655090938	-0.00759213351	-0.0139318037	-0.00011074215	0.0013852204	0.00184299179	0	100	0	0	3
335	168	0.438440029	3.29897202	-0.00649758287	-0.00758213438	-0.0139318037	-0.00011074215	0.00138273956	0.00184185276	0	100	0	0	3
336	168	0.439576956	3.3088197	-0.00594040073	-0.00757802641	-0.0139318037	-0.00011074215	0.00137220007	0.00184072346	0	100	0	0	3
337	169	0.440962749	3.31866738	-0.00376004094	-0.00751151391	-0.0139318037	-0.00011074215	0.00137220007	0.00183960378	0	100	0	0	3
338	169	0.442352571	3.32851505	-0.00297678589	-0.00750412107	-0.0139318037	-0.00011074215	0.00135373896	0.00183849358	0	100	0	0	3
339	170	0.443510764	3.33836273	-0.00276336316	-0.0074786701	-0.0139318037	-0.00011074215	0.00132753337	0.00183739275	0	100	0	0	3
340	170	0.445177721	3.34821041	-0.000646402175	-0.00740087648	-0.0139318037	-0.00011074215	0.0012135366	0.00183630118	0	100	0	0	3
341	171	0.446925451	3.35805809	0.00211092163	-0.00720854949	-0.0139318037	0.00211092163	0.0011038151	0.00183596642	0	100	0	0	3
342	171	0.448073144	3.36790576	0.00202247844	-0.00710144983	-0.0139318037	0.00211092163	0.000981952689	0.00183563445	0	100	0	0	3
343	172	0.44938588	3.37775344	0.00117917763	-0.00697817282	-0.0139318037	0.00211092163	0.000887643554	0.00183530523	0	100	0	0	3
344	172	0.450799706	3.38760112	-0.000145452257	-0.00689503738	-0.0139318037	0.00211092163	0.000780786814	0.00183497873	0	100	0	0	3
345	173	0.452576476	3.3974488	-0.00201473885	-0.00679028662	-0.0139318037	0.00211092163	0.000810182582	0.00183465493	0	100	0	0	3
346	173	0.454287121	3.40729647	-0.00390985216	-0.00672892065	-0.0139318037	0.00211092163	0.000871548549	0.00183433377	0	100	0	0	3
347	173	0.455655789	3.41714415	-0.00510552524	-0.00669191922	-0.0139318037	0.00211092163	0.000908549977	0.00183401524	0	100	0	0	3
348	174	0.457561312	3.42699183	-0.00747837676	-0.00667905682	-0.0139318037	0.00211092163	0.000921412381	0.0018336993	0	100	0	0	3
349	174	0.459505856	3.43683951	-0.0095040965	-0.00669027432	-0.0139318037	0.00211092163	0.000921412381	0.00183338591	0	100	0	0	3
350	175	0.461330925	3.44668719	-0.0109517034	-0.00669639014	-0.0139318037	0.00211092163	0.000921412381	0.00183307506	0	100	0	0	3
351	175	0.463244814	3.45653486	-0.0114537631	-0.0067093129	-0.0139318037	0.00211092163	0.000921412381	0.0018327667	0	100	0	0	3
352	176	0.465041832	3.46638254	-0.0119108158	-0.00669918624	-0.0139318037	0.00211092163	0.000921412381	0.0018324608	0	100	0	0	3
353	176	0.466945586	3.47623022	-0.0120859142	-0.0066904003	-0.0139318037	0.00211092163	0.000921412381	0.00183215735	0	100	0	0	3
354	177	0.468681172	3.4860779	-0.0108931066	-0.00660934251	-0.0137139151	0.00211092163	0.000991126685	0.0018318563	0	100	0	0	3
355	177	0.469961372	3.49592557	-0.00851228411	-0.00648519622	-0.0127534563	0.00211092163	0.00111527297	0.00183155763	0	100	0	0	3
356	178	0.471155716	3.50577325	-0.00595594926	-0.00635012185	-0.0127534563	0.00211092163	0.00125034735	0.00183126132	0	100	0	0	3
357	178	0.471708465	3.51562093	-0.00599644279	-0.00629779783	-0.0127534563	0.00211092163	0.00130267137	0.00183096732	0	100	0	0	3
358	179	0.472594485	3.52546861	-0.00786136879	-0.0063006646	-0.0127534563	0.00211092163	0.00130267137	0.00183067563	0	100	0	0	3
359	180	0.473632015	3.53531628	-0.00770742914	-0.00630966132	-0.0127534563	0.00211092163	0.00130267137	0.0018303862	0	100	0	0	3
360	180	0.474801465	3.54516396	-0.00826568305	-0.00631295621	-0.0127534563	0.00211092163	0.00130267137	0.00183009902	0	100	0	0	3
361	181	0.476283446	3.55501164	-0.00651851412	-0.00631345954	-0.0127534563	0.00211092163	0.00130267137	0.00182981406	0	100	0	0	3
362	181	0.477738385	3.56485932	-0.00924286863	-0.00637487378	-0.0127534563	0.00211092163	0.00130267137	0.00182953129	0	100	0	0	3
363	182	0.478821669	3.574707	-0.00878134386	-0.0064585054	-0.0127534563	0.00211092163	0.00130267137	0.00182925068	0	100	0	0	3
364	183	0.480686854	3.58455467	-0.00743564282	-0.00653695392	-0.0127534563	0.00211092163	0.00130267137	0.00182897222	0	100	0	0	3
365	183	0.481833293	3.59440235	-0.00508150133	-0.00655370074	-0.0127534563	0.00211092163	0.00130267137	0.00182869587	0	100	0	0	3
366	184	0.483233686	3.60425003	-0.00349710125	-0.00655656972	-0.0127534563	0.00211092163	0.00130267137	0.00182842162	0	100	0	0	3
367	184	0.484619881	3.61409771	-0.00432665538	-0.00660430158	-0.0127534563	0.00211092163	0.00130267137	0.00182814944	0	100	0	0	3
368	185	0.485838626	3.62394538	-0.00477532005	-0.00668746664	-0.0127534563	0.00211092163	0.00130267137	0.00182787931	0	100	0	0	3
369	185	0.487562971	3.63379306	-0.00557261923	-0.00676710244	-0.0127534563	0.00211092163	0.00130267137	0.00182761119	0	100	0	0	3
370	186	0.489104533	3.64364074	-0.00667355775	-0.00687881144	-0.0127534563	0.00211092163	0.00130267137	0.00182734508	0	100	0	0	3
371	186	0.491247113	3.65348842	-0.00867367183	-0.00697824523	-0.0127534563	0.00211092163	0.00130267137	0.00182708095	0	100	0	0	3
372	186	0.492217011	3.66333609	-0.00921143587	-0.00705546049	-0.0127534563	0.00211092163	0.00130267137	0.00182681877	0	100	0	0	3
373	187	0.493819942	3.67318377	-0.010512018	-0.00716322938	-0.0127534563	0.00211092163	0.00130267137	0.00182655853	0	100	0	0	3
374	187	0.495498953	3.68303145	-0.0117005339	-0.00728068761	-0.0127534563	0.00211092163	0.00130267137	0.0018263002	0	100	0	0	3
375	188	0.497223245	3.69287913	-0.0126509595	-0.00739934933	-0.0127534563	0.00211092163	0.00130267137	0.00182604377	0	100	0	0	3
376	188	0.499025816	3.70272681	-0.0127449032	-0.00749046992	-0.0127534563	0.00211092163	0.00130267137	0.00182578921	0	100	0	0	3
377	188	0.500920362	3.71257448	-0.0131274305	-0.00756275324	-0.0131274305	0.00211092163	0.00130267137	0.00182553649	0	100	0	0	3
378	189	0.502665959	3.72242216	-0.0125226219	-0.00757751029	-0.0131274305	0.00211092163	0.00130267137	0.00182528561	0	100	0	0	3
379	190	0.504154038	3.73226984	-0.0107250048	-0.00753786859	-0.0131274305	0.00211092163	0.00130267137	0.00182503654	0	100	0	0	3
380	190	0.505392084	3.74211752	-0.00914130312	-0.00743706858	-0.0131274305	0.00211092163	0.00130267137	0.00182478927	0	100	0	0	3
381	191	0.506123694	3.75196519	-0.00811699052	-0.0073212332	-0.0131274305	0.00211092163	0.00130267137	0.00182454376	0	100	0	0	3
382	191	0.506805341	3.76181287	-0.0078881118	-0.0072622244	-0.0131274305	0.00211092163	0.00130267137	0.00182430001	0	100	0	0	3
383	192	0.507975032	3.77166055	-0.00592246954	-0.00722869022	-0.0131274305	0.00211092163	0.00130267137	0.00182405799	0	100	0	0	3
384	192	0.509152592	3.78150823	-0.00426266227	-0.00718341906	-0.0131274305	0.00211092163	0.00129433568	0.00182381769	0	100	0	0	3
385	193	0.51028177	3.7913559	-0.0023719951	-0.00711490868	-0.0131274305	0.00211092163	0.00128433655	0.00182357909	0	100	0	0	3
386	193	0.511189033	3.80120358	-0.000151258143	-0.00703800899	-0.0131274305	0.00211092163	0.00128022858	0.00182334217	0	100	0	0	3
387	194	0.512534867	3.81105126	0.000427538634	-0.00691739852	-0.0131274305	0.00211092163	0.00127971246	0.00182310691	0	100	0	0	3
388	195	0.513967913	3.82089894	-0.00123988705	-0.00686588591	-0.0131274305	0.00211092163	0.00127971246	0.0018228733	0	100	0	0	3
389	195	0.515231576	3.83074661	0.0016889519	-0.00679171803	-0.0131274305	0.00211092163	0.00127971246	0.00182264131	0	100	0	0	3
390	196	0.515969996	3.84059429	0.00445153856	-0.00674152948	-0.0131274305	0.00445153856	0.00127971246	0.00182330066	0	100	0	0	3
391	196	0.517190182	3.85044197	0.00474164346	-0.00668804844	-0.0131274305	0.00474164346	0.00127971246	0.00182406535	0	100	0	0	3
392	197	0.51784162	3.86028965	0.00480129864	-0.00679935782	-0.0131274305	0.00480129864	0.00127971246	0.00182484728	0	100	0	0	3
393	197	0.518857458	3.87013733	0.0036661816	-0.00679220186	-0.0131274305	0.00480129864	0.00127971246	0.00182562383	0	100	0	0	3
394	198	0.519747645	3.879985	0.0017302955	-0.00683310044	-0.0131274305	0.00480129864	0.00127971246	0.00182639507	0	100	0	0	3
395	198	0.521081449	3.88983268	-5.19100657e-05	-0.00683893972	-0.0131274305	0.00480129864	0.00127971246	0.00182716104	0	100	0	0	3
396	199	0.522698435	3.89968036	-0.00169025673	-0.0068424499	-0.0131274305	0.00480129864	0.00127971246	0.00182792181	0	100	0	0	3
397	199	0.524455101	3.90952804	-0.00370953936	-0.00683551167	-0.0131274305	0.00480129864	0.00127971246	0.00182867741	0	100	0	0	3
398	199	0.526076569	3.91937571	-0.00586267247	-0.00684673492	-0.0131274305	0.00480129864	0.00127971246	0.00182942791	0	100	0	0	3
399	200	0.527371775	3.92922339	-0.00695952157	-0.00683158639	-0.0131274305	0.00480129864	0.00127971246	0.00183017336	0	100	0	0	3
400	200	0.528876955	3.93907107	-0.00833660456	-0.00678932833	-0.0131274305	0.00480129864	0.00127971246	0.0018309138	0	100	0	0	3
401	201	0.530496453	3.94891875	-0.00961985802	-0.00674577212	-0.0131274305	0.00480129864	0.00127971246	0.00183164929	0	100	0	0	3
402	202	0.53223589	3.95876642	-0.0102936481	-0.00670461806	-0.0131274305	0.00480129864	0.00127971246	0.00183237987	0	100	0	0	3
403	202	0.534075077	3.9686141	-0.0102751348	-0.00666422038	-0.0131274305	0.00480129864	0.00127971246	0.0018331056	0	100	0	0	3
404	203	0.535993262	3.97846178	-0.00994900498	-0.00660598893	-0.0131274305	0.00480129864	0.00127971246	0.00183382653	0	100	0	0	3
405	203	0.537484095	3.98830946	-0.00933149773	-0.00655690115	-0.0131274305	0.00480129864	0.00127971246	0.00183446397	0	100	0	0	3
406	204	0.539121898	3.99815714	-0.00803725248	-0.00655576238	-0.0131274305	0.00480129864	0.00127971246	0.00183488602	0	100	0	0	3
407	204	0.540464485	4.00800481	-0.00700098572	-0.00657472295	-0.0131274305	0.00480129864	0.00127971246	0.00183530529	0	100	0	0	3
408	205	0.541182518	4.01785249	-0.00604920061	-0.00657389245	-0.0131274305	0.00480129864	0.0012768457	0.00183572183	0	100	0	0	3
409	205	0.541825996	4.02770017	-0.0056199301	-0.00654854873	-0.0131274305	0.00480129864	0.00126784898	0.00183613565	0	100	0	0	3
410	206	0.542934088	4.03754785	-0.00471345566	-0.00650185711	-0.0131274305	0.00480129864	0.00126455409	0.00183654679	0	100	0	0	3
411	206	0.544276411	4.04739552	-0.00368752408	-0.00641779157	-0.0131274305	0.00480129864	0.00126405075	0.00183695526	0	100	0	0	3
412	207	0.54558047	4.0572432	-0.00209042206	-0.00633420335	-0.0131274305	0.00480129864	0.00124330694	0.0018373611	0	100	0	0	3
413	207	0.547000003	4.06709088	-0.00184693854	-0.00618113512	-0.0131274305	0.00480129864	0.00139637517	0.00183776433	0	100	0	0	3
414	208	0.548224697	4.07693856	-0.00151360119	-0.00605818567	-0.0131274305	0.00480129864	0.00151932462	0.00183816498	0	100	0	0	3
415	208	0.549921141	4.08678623	-0.00222845524	-0.00592723706	-0.0131274305	0.00480129864	0.00165027323	0.00183856306	0	100	0	0	3
416	209	0.550945075	4.09663391	-0.000254726238	-0.0058572245	-0.0131274305	0.00480129864	0.0017202858	0.00183895861	0	100	0	0	3
417	209	0.552789895	4.10648159	0.00129929288	-0.00571493113	-0.0131274305	0.00480129864	0.00186257916	0.00183935165	0	98.7	0	0	3
418	210	0.554549626	4.11632927	0.000215287587	-0.00559322081	-0.0131274305	0.00480129864	0.00198428948	0.0018397422	0	92.7	0	0	3
419	210	0.556218848	4.12617695	-0.00129738503	-0.00550549885	-0.0131274305	0.00480129864	0.00207201144	0.00184013029	0	88.8	0	0	3
420	211	0.557864347	4.13602462	-0.00233834544	-0.005429721	-0.0131274305	0.00480129864	0.00214778929	0.00184051593	0	85.6	0	0	3
421	211	0.559676794	4.1458723	-0.00403167088	-0.00536664605	-0.0131274305	0.00480129864	0.00221086424	0.00184089916	0	83.2	0	0	3
422	211	0.561208183	4.15571998	-0.00553911859	-0.00526914263	-0.0131274305	0.00480129864	0.00230836766	0.00184127999	0	79.7	0	0	3
423	212	0.562849455	4.16556766	-0.00788603141	-0.00527581663	-0.0131274305	0.00480129864	0.00230836766	0.00184165845	0	79.7	0	0	3
424	212	0.564489786	4.17541533	-0.0097044438	-0.00525984296	-0.0131274305	0.00480129864	0.00231766733	0.00184203456	0	79.4	0	0	3
425	213	0.566213413	4.18526301	-0.0110886005	-0.00524899113	-0.0131274305	0.00480129864	0.00232851917	0.00184240834	0	79.1	0	0	3
426	213	0.568017907	4.19511069	-0.0113999237	-0.00522548883	-0.0131274305	0.00480129864	0.00235202146	0.00184277982	0	78.3	0	0	3
427	214	0.569777505	4.20495837	-0.0115905869	-0.00519221382	-0.0131274305	0.00480129864	0.00238529648	0.001843149	0	77.2	0	0	3
428	214	0.571647073	4.21480604	-0.0117494636	-0.00515298665	-0.0125226219	0.00480129864	0.00242452364	0.00184351592	0	76	0	0	3
429	215	0.573278074	4.22465372	-0.010827573	-0.00510187419	-0.0117494636	0.00480129864	0.00243599441	0.0018438806	0	75.6	0	0	3
430	215	0.574551906	4.2345014	-0.00835410898	-0.00504186011	-0.0117494636	0.00480129864	0.00239520848	0.00184424306	0	76.9	0	0	3
431	216	0.57546006	4.24434908	-0.00722339014	-0.00499770109	-0.0117494636	0.00480129864	0.00232353211	0.00184460331	0	79.3	0	0	3
432	216	0.576147666	4.25419675	-0.0067840779	-0.00498265223	-0.0117494636	0.00480129864	0.00227957218	0.00184496137	0	80.9	0	0	3
433	217	0.576873694	4.26404443	-0.00623473904	-0.00496736079	-0.0117494636	0.00480129864	0.00226132943	0.00184531728	0	81.6	0	0	3
434	217	0.577908272	4.27389211	-0.00650109779	-0.0049740756	-0.0117494636	0.00480129864	0.00221605827	0.00184567104	0	83.2	0	0	3
435	218	0.579202786	4.28373979	-0.00653613085	-0.00501490111	-0.0117494636	0.00480129864	0.00214754789	0.00184602267	0	85.9	0	0	3
436	219	0.580649519	4.29358747	-0.00492268984	-0.00505541549	-0.0117494636	0.00480129864	0.0020706482	0.0018463722	0	89.1	0	0	3
437	219	0.58204149	4.30343514	-0.00473510361	-0.00511192019	-0.0117494636	0.00480129864	0.00195003773	0.00184671965	0	94.7	0	0	3
438	220	0.583477608	4.31328282	-0.00230238722	-0.00516013329	-0.0117494636	0.00480129864	0.00189852512	0.00184706502	0	97.2	0	0	3
439	220	0.585210664	4.3231305	0.000198411841	-0.00510863659	-0.0117494636	0.00480129864	0.00187937414	0.00184740835	0	98.2	0	0	3
440	221	0.586492412	4.33297818	0.00198087243	-0.0051016608	-0.0117494636	0.00480129864	0.00187937414	0.00184774964	0	98.3	0	0	3
441	221	0.587810567	4.34282585	0.00169927133	-0.0050750684	-0.0117494636	0.00480129864	0.00187937414	0.00184808892	0	98.3	0	0	3
442	222	0.589207297	4.35267353	0.00112772024	-0.00512109354	-0.0117494636	0.00480129864	0.00187937414	0.0018484262	0	98.3	0	0	3
443	222	0.590877257	4.36252121	-0.0010423978	-0.00511633637	-0.0117494636	0.0036661816	0.00187937414	0.00184876151	0	98.3	0	0	3
444	223	0.592390055	4.37236889	-0.00235286122	-0.0051808117	-0.0117494636	0.00198087243	0.00187937414	0.00184909485	0	98.3	0	0	3
445	223	0.594178257	4.38221656	-0.00399547754	-0.00523499053	-0.0117494636	0.00198087243	0.00187937414	0.00184942626	0	98.4	0	0	3
446	224	0.595882934	4.39206424	-0.0057525058	-0.00533920515	-0.0117494636	0.00198087243	0.00187937414	0.00184975573	0	98.4	0	0	3
447	224	0.597023131	4.40191192	-0.00711121059	-0.00544577451	-0.0117494636	0.00198087243	0.00187937414	0.0018500833	0	98.4	0	0	3
448	224	0.598679912	4.4117596	-0.00902355681	-0.00556672576	-0.0117494636	0.00198087243	0.00187937414	0.00185040897	0	98.4	0	0	3
449	225	0.600371557	4.42160728	-0.0106257466	-0.0056754572	-0.0117494636	0.00198087243	0.0018642256	0.00185073276	0	99.2	0	0	3
450	225	0.602099188	4.43145495	-0.0116879621	-0.00579220503	-0.0117494636	0.00198087243	0.00182196754	0.00185105469	0	100	0	0	3
451	226	0.603877368	4.44130263	-0.0120147436	-0.00588867129	-0.0120147436	0.00198087243	0.00177841134	0.00185137478	0	100	0	0	3
452	226	0.605790414	4.45115031	-0.0126887076	-0.00598119049	-0.0126887076	0.00198087243	0.00173725727	0.00185169304	0	100	0	0	3
453	227	0.607582311	4.46099799	-0.0121400702	-0.00602810483	-0.0126887076	0.00198087243	0.0016968596	0.00185200949	0	100	0	0	3
454	227	0.608811405	4.47084566	-0.0104402376	-0.00599615045	-0.0126887076	0.00198087243	0.00163862815	0.00185232414	0	100	0	0	3
455	228	0.610067599	4.48069334	-0.00761001124	-0.00592115842	-0.0126887076	0.00198087243	0.00160736217	0.001852637	0	100	0	0	3
456	228	0.610734467	4.49054102	-0.00698888753	-0.00586146981	-0.0126887076	0.00198087243	0.00160736217	0.0018529481	0	100	0	0	3
457	229	0.611314949	4.5003887	-0.0077335012	-0.00582716148	-0.0126887076	0.00198087243	0.00160736217	0.00185325744	0	100	0	0	3
458	229	0.612372872	4.51023637	-0.00925154077	-0.00585562504	-0.0126887076	0.00198087243	0.00160653166	0.00185356505	0	100	0	0	3
459	230	0.613472802	4.52008405	-0.0073454309	-0.00587637039	-0.0126887076	0.00198087243	0.00158118795	0.00185387093	0	100	0	0	3
460	231	0.614597319	4.52993173	-0.00599135222	-0.00588041474	-0.0126887076	0.00198087243	0.00153449632	0.00185417511	0	100	0	0	3
461	231	0.616249696	4.53977941	-0.00444460389	-0.00586569205	-0.0126887076	0.00198087243	0.00145043078	0.00185447759	0	100	0	0	3
462	232	0.617657517	4.54962709	-0.0028808968	-0.0058482727	-0.0126887076	0.00198087243	0.00136684256	0.00185477839	0	100	0	0	3
463	233	0.618514397	4.55947476	-0.00224211777	-0.00587309537	-0.0126887076	0.00198087243	0.00121377434	0.00185507752	0	100	0	0	3
464	233	0.620444612	4.56932244	0.000272947302	-0.00578938718	-0.0126887076	0.00198087243	0.00109082489	0.001855375	0	100	0	0	3
465	233	0.621777791	4.57917012	0.00244127674	-0.00571139696	-0.0126887076	0.00244127674	0.00106074405	0.00185567085	0	100	0	0	3
466	234	0.623020694	4.5890178	0.00229516437	-0.00565609205	-0.0126887076	0.00244127674	0.00106074405	0.00185596506	0	100	0	0	3
467	234	0.624340213	4.59886547	0.00107534182	-0.00561042671	-0.0126887076	0.00244127674	0.00106074405	0.00185625767	0	100	0	0	3
468	235	0.625912384	4.60871315	-0.000859897418	-0.00568261445	-0.0126887076	0.00244127674	0.00106074405	0.00185654867	0	100	0	0	3
469	235	0.627349929	4.61856083	-0.00205967033	-0.00575363858	-0.0126887076	0.00244127674	0.00106074405	0.00185683809	0	100	0	0	3
470	236	0.62919094	4.62840851	-0.00387611465	-0.00580820649	-0.0126887076	0.00244127674	0.00106074405	0.00185712594	0	100	0	0	3
471	236	0.631079455	4.63825618	-0.00563106156	-0.00588162184	-0.0126887076	0.00244127674	0.00106074405	0.00185741222	0	100	0	0	3
472	236	0.632513268	4.64810386	-0.00710056386	-0.00595165093	-0.0126887076	0.00244127674	0.00106074405	0.00185769696	0	100	0	0	3
473	237	0.63403989	4.65795154	-0.00894078207	-0.00602298004	-0.0126887076	0.00244127674	0.00106074405	0.00185798016	0	100	0	0	3
474	237	0.635746353	4.66779922	-0.0106733486	-0.00608989522	-0.0126887076	0.00244127674	0.00112253443	0.00185826185	0	100	0	0	3
475	238	0.637591921	4.67764689	-0.0113448304	-0.00614145707	-0.0126887076	0.00244127674	0.00117409629	0.00185854202	0	100	0	0	3
476	238	0.639360125	4.68749457	-0.0117636838	-0.00616079104	-0.0126887076	0.00244127674	0.00119343025	0.00185882069	0	100	0	0	3
477	239	0.641235363	4.69734225	-0.0119581814	-0.00618015119	-0.0126887076	0.00244127674	0.0012127904	0.00185909788	0	100	0	0	3
478	239	0.642982997	4.70718993	-0.0111501296	-0.00616875192	-0.0126887076	0.00244127674	0.0012127904	0.00185937359	0	100	0	0	3
479	240	0.644240197	4.71703761	-0.00867726198	-0.00606846944	-0.0126887076	0.00244127674	0.0012127904	0.00185952044	0	100	0	0	3
480	240	0.645243439	4.72688528	-0.00675445519	-0.00597017364	-0.0126887076	0.00244127674	0.0012127904	0.00185966651	0	100	0	0	3
481	241	0.645852646	4.73673296	-0.0058683083	-0.0059267128	-0.0126887076	0.00244127674	0.0012127904	0.00185981181	0	100	0	0	3
482	241	0.646415144	4.74658064	-0.00553037671	-0.00590697465	-0.0126887076	0.00244127674	0.0012127904	0.00185995635	0	100	0	0	3
483	242	0.647412479	4.75642832	-0.0052981312	-0.00588999121	-0.0126887076	0.00244127674	0.0012127904	0.00186010013	0	100	0	0	3
484	243	0.648671763	4.76627599	-0.00357497053	-0.00584590136	-0.0126887076	0.00244127674	0.00120607558	0.00186024315	0	100	0	0	3
485	243	0.649777249	4.77612367	-0.00173548573	-0.00577324334	-0.0126887076	0.00244127674	0.00116525007	0.00186038543	0	100	0	0	3
486	244	0.651297524	4.78597135	-6.64937951e-05	-0.00563920582	-0.0126887076	0.00244127674	0.0011247357	0.00186052697	0	100	0	0	3
487	244	0.652957792	4.79581903	0.000385689421	-0.00551520438	-0.0126887076	0.00244127674	0.00110508279	0.00186066777	0	100	0	0	3
488	245	0.654493461	4.8056667	0.00133040865	-0.00538509444	-0.0126887076	0.00244127674	0.00110508279	0.00186080785	0	100	0	0	3
489	246	0.65577482	4.81551438	0.00219659677	-0.00531195559	-0.0126887076	0.00244127674	0.00110508279	0.00186094719	0	100	0	0	3
490	246	0.657266503	4.82536206	0.00351684709	-0.00526171675	-0.0126887076	0.00351684709	0.00110508279	0.00186108582	0	100	0	0	3
491	246	0.658641763	4.83520974	0.00424951291	-0.00520908657	-0.0126887076	0.00424951291	0.00110508279	0.00186122374	0	100	0	0	3
492	247	0.660358852	4.84505742	0.00268963628	-0.00514765813	-0.0126887076	0.00424951291	0.00106381482	0.00186136095	0	100	0	0	3
493	247	0.661492032	4.85490509	0.00157461375	-0.00516353235	-0.0126887076	0.00424951291	0.00106381482	0.00186149746	0	100	0	0	3
494	248	0.66337696	4.86475277	-0.000252886378	-0.00513078624	-0.0126887076	0.00424951291	0.00104936495	0.00186147917	0	100	0	0	3
495	248	0.665134488	4.87460045	-0.00246826916	-0.00512422889	-0.0126887076	0.00424951291	0.00105592229	0.00186146098	0	100	0	0	3
496	249	0.666373576	4.88444813	-0.00470757644	-0.00514503588	-0.0126887076	0.00424951291	0.00105592229	0.00186144288	0	100	0	0	3
497	249	0.667865301	4.8942958	-0.00688270596	-0.0051666604	-0.0126887076	0.00424951291	0.00105592229	0.00186142487	0	100	0	0	3
498	249	0.66941399	4.90414348	-0.00862802489	-0.00521008313	-0.0126887076	0.00424951291	0.00105592229	0.00186140695	0	100	0	0	3
499	250	0.671067967	4.91399116	-0.0102940201	-0.00523896394	-0.0126887076	0.00424951291	0.00105592229	0.00186138912	0	100	0	0	3
500	250	0.672864968	4.92383884	-0.0107722449	-0.00525042409	-0.0126887076	0.00424951291	0.00105592229	0.00186137138	0	100	0	0	3
501	251	0.67463108	4.93368651	-0.0108105176	-0.00523247416	-0.0126887076	0.00424951291	0.00105592229	0.00186135373	0	100	0	0	3
502	252	0.676547115	4.94353419	-0.0112641419	-0.00522554957	-0.0126887076	0.00424951291	0.00105592229	0.00186133616	0	100	0	0	3
503	252	0.678307681	4.95338187	-0.00975429839	-0.00513861569	-0.0121400702	0.00424951291	0.00105592229	0.00186131869	0	100	0	0	3
504	253	0.67974502	4.96322955	-0.00709721432	-0.00500377162	-0.0119581814	0.00424951291	0.00117637957	0.0018613013	0	100	0	0	3
505	253	0.680472248	4.97307722	-0.00651225882	-0.00492583627	-0.0119581814	0.00424951291	0.00125431492	0.001861284	0	100	0	0	3
506	254	0.681098676	4.9829249	-0.00671640189	-0.00489415738	-0.0119581814	0.00424951291	0.00128599381	0.00186126678	0	100	0	0	3
507	254	0.682182304	4.99277258	-0.00742736613	-0.00491302638	-0.0119581814	0.00424951291	0.00128599381	0.00186124965	0	100	0	0	3
508	255	0.68350702	5.00262026	-0.00521532134	-0.00489589457	-0.0119581814	0.00424951291	0.00128599381	0.0018612326	0	100	0	0	3
509	256	0.684401583	5.01246794	-0.00471162455	-0.00482963239	-0.0119581814	0.00424951291	0.00135051879	0.00186121564	0	100	0	0	3
510	256	0.685976178	5.02231561	-0.00352769087	-0.0047631909	-0.0119581814	0.00424951291	0.00141696028	0.00186119876	0	100	0	0	3
511	257	0.687465259	5.03216329	-0.00379616097	-0.00472447602	-0.0119581814	0.00424951291	0.00145567516	0.00186118196	0	100	0	0	3
512	257	0.688773843	5.04201097	-0.00303129243	-0.00470030176	-0.0119581814	0.00424951291	0.00147984943	0.00186116525	0	100	0	0	3
513	258	0.690151748	5.05185865	-0.000720792948	-0.00465999526	-0.0119581814	0.00424951291	0.00152015592	0.00186114861	0	100	0	0	3
514	258	0.691694819	5.06170632	-0.000257315915	-0.00459547232	-0.0119581814	0.00424951291	0.00158467887	0.00186113206	0	100	0	0	3
515	259	0.692359827	5.071554	0.000268874738	-0.0046811602	-0.0119581814	0.00424951291	0.00158467887	0.00186111559	0	100	0	0	3
516	259	0.693429442	5.08140168	0.000240199555	-0.0047402171	-0.0119581814	0.00424951291	0.00158467887	0.00186109919	0	100	0	0	3
517	260	0.695205401	5.09124936	-0.00101755327	-0.00476976628	-0.0119581814	0.00424951291	0.00158467887	0.00186108288	0	100	0	0	3
518	260	0.696252947	5.10109703	-0.00181590335	-0.00483398891	-0.0119581814	0.00424951291	0.00158467887	0.00186106664	0	100	0	0	3
519	261	0.698219417	5.11094471	-0.00371020703	-0.00488983503	-0.0119581814	0.00424951291	0.00158467887	0.00186105048	0	100	0	0	3
520	261	0.699542154	5.12079239	-0.00485899336	-0.00494562627	-0.0119581814	0.00424951291	0.00158467887	0.0018610344	0	100	0	0	3
521	262	0.701505672	5.13064007	-0.00734637789	-0.00503804038	-0.0119581814	0.00424951291	0.00158467887	0.0018610184	0	100	0	0	3
522	262	0.703292742	5.14048775	-0.0091408939	-0.00512406551	-0.0119581814	0.00424951291	0.00158467887	0.00186100247	0	100	0	0	3
523	262	0.704830006	5.15033542	-0.0104071563	-0.0051971824	-0.0119581814	0.00424951291	0.00158467887	0.00186098662	0	100	0	0	3
524	263	0.706446527	5.1601831	-0.0115481203	-0.00526004074	-0.0119581814	0.00424951291	0.00158467887	0.00186097084	0	100	0	0	3
525	263	0.708189518	5.17003078	-0.01152483	-0.00528325707	-0.0119581814	0.00424951291	0.00158467887	0.00186095514	0	100	0	0	3
526	264	0.71001564	5.17987846	-0.0127705228	-0.00531757753	-0.0127705228	0.00424951291	0.00158467887	0.00186096064	0	100	0	0	3
527	264	0.711836417	5.18972613	-0.0125114524	-0.0053410391	-0.0127705228	0.00424951291	0.00158467887	0.00186096611	0	100	0	0	3
528	265	0.713610409	5.19957381	-0.010143379	-0.00528729952	-0.0127705228	0.00424951291	0.0015732796	0.00186097155	0	100	0	0	3
529	265	0.715049535	5.20942149	-0.00742451753	-0.0051878032	-0.0127705228	0.00424951291	0.00147299712	0.00186097697	0	100	0	0	3
530	266	0.715629636	5.21926917	-0.00693702939	-0.00514056627	-0.0127705228	0.00424951291	0.00137470132	0.00186098236	0	100	0	0	3
531	266	0.716392555	5.22911684	-0.00661323756	-0.00513360073	-0.0127705228	0.00424951291	0.00133124049	0.00186098773	0	100	0	0	3
532	267	0.717354846	5.23896452	-0.00684516763	-0.00515037554	-0.0127705228	0.00424951291	0.00131150234	0.00186099307	0	100	0	0	3
533	267	0.718591712	5.2488122	-0.00593459693	-0.005160853	-0.0127705228	0.00424951291	0.0012945189	0.00186099839	0	100	0	0	3
534	268	0.719819706	5.25865988	-0.00407457772	-0.00514053939	-0.0127705228	0.00424951291	0.00125042904	0.00186100369	0	100	0	0	3
535	269	0.721397307	5.26850756	-0.00420689364	-0.00514739497	-0.0127705228	0.00424951291	0.00117777103	0.00186100896	0	100	0	0	3
536	269	0.722870208	5.27835523	-0.00203561525	-0.00513629232	-0.0127705228	0.00424951291	0.00104373351	0.0018610142	0	100	0	0	3
537	270	0.724434869	5.28820291	-0.000954960682	-0.00515222296	-0.0127705228	0.00424951291	0.000919732062	0.00186101942	0	100	0	0	3
538	270	0.725988779	5.29805059	0.00109446363	-0.00514520714	-0.0127705228	0.00424951291	0.000789622127	0.00186102462	0	100	0	0	3
539	271	0.727158939	5.30789827	0.00165929424	-0.00517248348	-0.0127705228	0.00424951291	0.000745566783	0.00186102979	0	100	0	0	3
540	271	0.728782565	5.31774594	0.000852786783	-0.00516782164	-0.0127705228	0.00424951291	0.000745566783	0.00186103494	0	100	0	0	3
541	272	0.730177275	5.32759362	-0.000849498116	-0.00526289625	-0.0127705228	0.00424951291	0.000745566783	0.00186104007	0	100	0	0	3
542	272	0.731480695	5.3374413	-0.00229980719	-0.00538947528	-0.0127705228	0.00268963628	0.000794002967	0.00186104517	0	100	0	0	3
543	273	0.73334276	5.34728898	-0.00410084152	-0.00554667483	-0.0127705228	0.00165929424	0.000951202514	0.00186105025	0	100	0	0	3
544	273	0.734896533	5.35713665	-0.00536560387	-0.00565277679	-0.0127705228	0.00165929424	0.00105730448	0.00186105531	0	100	0	0	3
545	273	0.736489704	5.36698433	-0.00739779167	-0.00583001693	-0.0127705228	0.00165929424	0.00123454461	0.00186106034	0	100	0	0	3
546	274	0.738405822	5.37683201	-0.00952304553	-0.00600723007	-0.0127705228	0.00165929424	0.00141175775	0.00186106536	0	100	0	0	3
547	274	0.740112718	5.38667969	-0.0109239612	-0.0061428803	-0.0127705228	0.00165929424	0.00154740798	0.00186107034	0	100	0	0	3
548	275	0.741846565	5.39652736	-0.0116122505	-0.00625614458	-0.0127705228	0.00165929424	0.00166067227	0.00186107531	0	100	0	0	3
549	275	0.743579998	5.40637504	-0.0119049531	-0.00633864233	-0.0127705228	0.00165929424	0.00174317001	0.00186108026	0	100	0	0	3
550	276	0.745527791	5.41622272	-0.012282014	-0.00640625402	-0.0127705228	0.00165929424	0.00181078171	0.00186108518	0	100	0	0	3
551	276	0.746862951	5.4260704	-0.0120576801	-0.00640219805	-0.0127705228	0.00165929424	0.00181078171	0.00186109008	0	100	0	0	3
552	277	0.748044674	5.43591808	-0.0109661345	-0.00636961175	-0.0127705228	0.00165929424	0.00181078171	0.00186109496	0	100	0	0	3
553	277	0.749616498	5.44576575	-0.00810828471	-0.00627866803	-0.0127705228	0.00165929424	0.00181078171	0.00186109981	0	100	0	0	3
554	278	0.750286515	5.45561343	-0.00727277367	-0.00620290954	-0.0127705228	0.00165929424	0.00181078171	0.00186110465	0	100	0	0	3
555	278	0.750829832	5.46546111	-0.0077259411	-0.0061964675	-0.0127705228	0.00165929424	0.00181078171	0.00186110946	0	100	0	0	3
556	279	0.751814373	5.47530879	-0.00777155398	-0.0062149851	-0.0127705228	0.00165929424	0.00181078171	0.00186111426	0	100	0	0	3
557	279	0.752943175	5.48515646	-0.00995242738	-0.00626933486	-0.0127705228	0.00165929424	0.00181078171	0.00186111903	0	100	0	0	3
558	280	0.753986161	5.49500414	-0.0104100477	-0.00631200426	-0.0127705228	0.00165929424	0.00181078171	0.00186112378	0	100	0	0	3
559	280	0.75533648	5.50485182	-0.0089175161	-0.00638121078	-0.0127705228	0.00165929424	0.00181078171	0.00186112851	0	100	0	0	3
560	281	0.756445002	5.5146995	-0.00972093069	-0.00645332983	-0.0127705228	0.00165929424	0.00185785752	0.00186113322	0	100	0	0	3
561	282	0.757049445	5.52454717	-0.00960712604	-0.00654496749	-0.0127705228	0.00165929424	0.00194949517	0.00186113791	0	95.4	0	0	3
562	282	0.75816797	5.53439485	-0.00667494943	-0.00660491686	-0.0127705228	0.00165929424	0.00200944455	0.00186114258	0	92.6	0	0	3
563	283	0.759622695	5.54424253	-0.00444149265	-0.00662650085	-0.0127705228	0.00165929424	0.00203102853	0.00186114722	0	91.6	0	0	3
564	283	0.760560349	5.55409021	-0.00371092956	-0.00670324863	-0.0127705228	0.00165929424	0.00210777631	0.00186115185	0	88.2	0	0	3
565	284	0.761904486	5.56393789	-0.0021922722	-0.00675855676	-0.0127705228	0.00165929424	0.00207739656	0.00186115646	0	89.5	0	0	3
566	284	0.762782722	5.57378556	-0.00211054138	-0.00676695238	-0.0127705228	0.00165929424	0.00202673528	0.00186116105	0	91.8	0	0	3
567	285	0.764500327	5.58363324	-0.0028298506	-0.00677725999	-0.0127705228	0.00165929424	0.00200749371	0.00186116562	0	92.7	0	0	3
568	285	0.765765716	5.59348092	-0.00414467632	-0.0068750169	-0.0127705228	0.00165929424	0.00204102799	0.00186117017	0	91.1	0	0	3
569	286	0.767084696	5.6033286	-0.00470151735	-0.00690936381	-0.0127705228	0.00165929424	0.00201952877	0.0018611747	0	92.1	0	0	3
570	286	0.768886643	5.61317627	-0.0058280247	-0.00697081421	-0.0127705228	0.00165929424	0.00202518794	0.00186117921	0	91.9	0	0	3
571	286	0.770787991	5.62302395	-0.0077945667	-0.00703200549	-0.0127705228	0.00165929424	0.00199396512	0.0018611837	0	93.3	0	0	3
572	287	0.772041509	5.63287163	-0.00908745482	-0.00705978241	-0.0127705228	0.00165929424	0.00193571691	0.00186118817	0	96.1	0	0	3
573	287	0.773534585	5.64271931	-0.0103988647	-0.00707781171	-0.0127705228	0.00165929424	0.00194421098	0.00186119262	0	95.7	0	0	3
574	288	0.775299474	5.65256698	-0.0117268253	-0.0071216166	-0.0127705228	0.00165929424	0.00198801587	0.00186119706	0	93.6	0	0	3
575	288	0.777082809	5.66241466	-0.0121920631	-0.00714832772	-0.0127705228	0.00165929424	0.00201472699	0.00186120147	0	92.3	0	0	3
576	289	0.778859931	5.67226234	-0.0124972182	-0.00717489363	-0.0127705228	0.00165929424	0.0020412929	0.00186120587	0	91.1	0	0	3
577	289	0.780744304	5.68211002	-0.0125222176	-0.0071728867	-0.0125222176	0.00165929424	0.0020412929	0.00186121024	0	91.1	0	0	3
578	290	0.782507896	5.6919577	-0.0117860964	-0.00715046581	-0.0125222176	0.00165929424	0.0020412929	0.0018612146	0	91.1	0	0	3
579	290	0.783793878	5.70180537	-0.00962876282	-0.00712022567	-0.0125222176	0.00165929424	0.0020412929	0.00186121895	0	91.1	0	0	3
580	291	0.78502574	5.71165305	-0.00764283359	-0.00712316762	-0.0125222176	0.00165929424	0.0020412929	0.00186122327	0	91.1	0	0	3
581	291	0.785542298	5.72150073	-0.00713742336	-0.00712481744	-0.0125222176	0.00165929424	0.0020412929	0.00186122757	0	91.1	0	0	3
582	292	0.786193574	5.73134841	-0.00677341096	-0.00712713017	-0.0125222176	0.00165929424	0.00203860131	0.00186123186	0	91.2	0	0	3
583	292	0.78735997	5.74119608	-0.00679700345	-0.0071255056	-0.0125222176	0.00165929424	0.00203860131	0.00186123613	0	91.2	0	0	3
584	293	0.788657708	5.75104376	-0.00572293659	-0.00712055067	-0.0125222176	0.00165929424	0.00203860131	0.00186124038	0	91.2	0	0	3
585	294	0.790154617	5.76089144	-0.00449263851	-0.0071178023	-0.0125222176	0.00165929424	0.00203860131	0.00186124462	0	91.3	0	0	3
586	294	0.790696594	5.77073912	-0.00374803178	-0.00715771486	-0.0125222176	0.00165929424	0.00203860131	0.00186124883	0	91.3	0	0	3
587	295	0.791908042	5.78058679	-0.00224099917	-0.00718071676	-0.0125222176	0.00165929424	0.00203550962	0.00186125303	0	91.4	0	0	3
588	295	0.79377858	5.79043447	-0.00404680155	-0.00723665677	-0.0125222176	0.00165929424	0.00209144963	0.00186125721	0	88.9	0	0	3
589	296	0.794835456	5.80028215	-0.000814874434	-0.00732611324	-0.0125222176	0.00165929424	0.0021582916	0.00186126138	0	86.2	0	0	3
590	296	0.795482967	5.81012983	-0.000377872854	-0.00741415413	-0.0125222176	0.000852786783	0.00224633249	0.00186126553	0	82.8	0	0	3
591	297	0.796831669	5.8199775	0.00129185904	-0.00743885101	-0.0125222176	0.00129185904	0.00217595476	0.00186126966	0	85.5	0	0	3
592	297	0.797856065	5.82982518	0.00169432254	-0.00743640203	-0.0125222176	0.00169432254	0.00204937573	0.00186127377	0	90.8	0	0	3
593	297	0.799147146	5.83967286	0.00121669483	-0.00737024358	-0.0125222176	0.00169432254	0.00189217618	0.00186093007	0	98.3	0	0	3
594	298	0.800482623	5.84952054	-0.000306612348	-0.00732041506	-0.0125222176	0.00169432254	0.00178607422	0.0018603663	0	100	0	0	3
595	298	0.801808185	5.85936822	-0.00197673486	-0.00725994657	-0.0125222176	0.00169432254	0.00160883408	0.00185980481	0	100	0	0	3
596	299	0.803174257	5.86921589	-0.00384764071	-0.0071867502	-0.0125222176	0.00169432254	0.00143162094	0.0018592456	0	100	0	0	3
597	299	0.804897951	5.87906357	-0.00566206821	-0.00707989993	-0.0125222176	0.00169432254	0.00129597071	0.00185868864	0	100	0	0	3
598	300	0.806245149	5.88891125	-0.00742463159	-0.0069877063	-0.0125222176	0.00169432254	0.00124238351	0.00185813393	0	100	0	0	3
599	300	0.807766118	5.89875893	-0.00875889294	-0.00690693614	-0.0125222176	0.00169432254	0.00124238351	0.00185758146	0	100	0	0	3
600	300	0.809382055	5.9086066	-0.0100448617	-0.00685233238	-0.0125222176	0.00169432254	0.00124238351	0.0018570312	0	100	0	0	3
601	301	0.81100163	5.91845428	-0.0112049545	-0.00679847121	-0.0125222176	0.00169432254	0.00124238351	0.00185648315	0	100	0	0	3
602	302	0.812704321	5.92830196	-0.0113004507	-0.0068082462	-0.0125222176	0.00169432254	0.00124238351	0.00185593729	0	100	0	0	3
603	302	0.814461208	5.93814964	-0.0118347801	-0.00686723119	-0.0125222176	0.00169432254	0.00124238351	0.00185539361	0	100	0	0	3
604	303	0.816309263	5.94799731	-0.0119599512	-0.006979101	-0.0125222176	0.00169432254	0.00124238351	0.0018548521	0	100	0	0	3
605	303	0.81802227	5.95784499	-0.0100575858	-0.00705404961	-0.0125222176	0.00169432254	0.00124238351	0.00185431273	0	100	0	0	3
606	304	0.819369217	5.96769267	-0.00710817546	-0.00704978717	-0.0125222176	0.00169432254	0.00122386591	0.00185377551	0	100	0	0	3
607	304	0.820057953	5.97754035	-0.00663130353	-0.00703515087	-0.0125222176	0.00169432254	0.00116951615	0.00185324042	0	100	0	0	3
608	305	0.820693211	5.98738803	-0.00730312371	-0.00698905797	-0.0125222176	0.00169432254	0.00112684675	0.00185270744	0	100	0	0	3
609	305	0.82166706	5.9972357	-0.00797829461	-0.00695057332	-0.0125222176	0.00169432254	0.00105764023	0.00185217657	0	100	0	0	3
610	306	0.822814785	6.00708338	-0.00816804156	-0.00693192017	-0.0125222176	0.00169432254	0.000985521179	0.00185164778	0	100	0	0	3
611	307	0.823876836	6.01693106	-0.00961422662	-0.00692831751	-0.0125222176	0.00169432254	0.000893883523	0.00185112107	0	100	0	0	3
612	307	0.825041913	6.02677874	-0.00831088716	-0.00692819418	-0.0125222176	0.00169432254	0.000833934145	0.00185059643	0	100	0	0	3
613	308	0.825953834	6.03662641	-0.00768302255	-0.00694252762	-0.0125222176	0.00169432254	0.000812350165	0.00185007384	0	100	0	0	3
614	308	0.827655948	6.04647409	-0.00767723119	-0.00701438757	-0.0125222176	0.00169432254	0.000735602382	0.00184955329	0	100	0	0	3
615	309	0.829553719	6.05632177	-0.00658206212	-0.00704739141	-0.0125222176	0.00169432254	0.000680294247	0.00184903477	0	100	0	0	3
616	309	0.830904598	6.06616945	-0.00359891023	-0.00707445605	-0.0125222176	0.00169432254	0.000671898629	0.00184851827	0	100	0	0	3
617	310	0.832463857	6.07601712	-0.00362495217	-0.00705982965	-0.0125222176	0.00169432254	0.000661591019	0.00184800378	0	100	0	0	3
618	310	0.833706027	6.0858648	-0.00398774216	-0.00710967206	-0.0125222176	0.00169432254	0.000640379801	0.00184749128	0	100	0	0	3
619	311	0.835424834	6.09571248	-0.00445663838	-0.00709807012	-0.0125222176	0.00169432254	0.000640379801	0.00184698076	0	100	0	0	3
620	311	0.836932823	6.10556016	-0.00474502487	-0.00709252437	-0.0125222176	0.00169432254	0.000640379801	0.00184647221	0	100	0	0	3
621	312	0.83858084	6.11540784	-0.00572962802	-0.00709299048	-0.0125222176	0.00169432254	0.000640379801	0.00184596563	0	100	0	0	3
622	312	0.839438443	6.12525551	-0.0064811466	-0.00706591624	-0.0125222176	0.00169432254	0.000640379801	0.00184546099	0	100	0	0	3
623	313	0.841425532	6.13510319	-0.00908104561	-0.00708710562	-0.0125222176	0.00169432254	0.000640379801	0.00184495829	0	100	0	0	3
624	313	0.843059277	6.14495087	-0.0104584033	-0.00709520538	-0.0125222176	0.00169432254	0.000640379801	0.00184445751	0	100	0	0	3
625	313	0.844811515	6.15479855	-0.0117506877	-0.007094964	-0.0125222176	0.00169432254	0.000640379801	0.00184395865	0	100	0	0	3
626	314	0.846614354	6.16464622	-0.012322662	-0.00709977993	-0.0125222176	0.00169432254	0.000640379801	0.00184346169	0	100	0	0	3
627	314	0.848356637	6.1744939	-0.0124584382	-0.007096102	-0.0125222176	0.00169432254	0.000640379801	0.00184296663	0	100	0	0	3
628	315	0.850221194	6.18434158	-0.0126957562	-0.00709921165	-0.0126957562	0.00169432254	0.000640379801	0.00184245789	0	100	0	0	3
629	315	0.851937466	6.19418926	-0.0125308772	-0.00711442799	-0.0126957562	0.00169432254	0.000640379801	0.00184195108	0	100	0	0	3
630	316	0.853167283	6.20403693	-0.0106568135	-0.00713061714	-0.0126957562	0.00169432254	0.000640379801	0.00184144618	0	100	0	0	3
631	316	0.854363972	6.21388461	-0.00783336871	-0.00713364569	-0.0126957562	0.00169432254	0.000640379801	0.0018409432	0	100	0	0	3
632	317	0.85500636	6.22373229	-0.00690539671	-0.0071315068	-0.0126957562	0.00169432254	0.000640379801	0.00184044212	0	100	0	0	3
633	318	0.855535432	6.23357997	-0.00763018125	-0.00713867497	-0.0126957562	0.00169432254	0.000640379801	0.00183994292	0	100	0	0	3
634	318	0.85645789	6.24342764	-0.00773072502	-0.00715234638	-0.0126957562	0.00169432254	0.000640379801	0.0018394456	0	100	0	0	3
635	319	0.857771209	6.25327532	-0.00871082214	-0.00720880097	-0.0126957562	0.00169432254	0.000640379801	0.00183895014	0	100	0	0	3
636	319	0.858904214	6.263123	-0.00935580172	-0.00730332385	-0.0126957562	0.00169432254	0.000640379801	0.00183845654	0	100	0	0	3
637	320	0.860263156	6.27297068	-0.00833830551	-0.0073512401	-0.0126957562	0.00169432254	0.000640379801	0.00183796479	0	100	0	0	3
638	320	0.861310193	6.28281836	-0.00917427995	-0.0074679451	-0.0126957562	0.00169432254	0.000669473889	0.00183747487	0	100	0	0	3
639	321	0.862884441	6.29266603	-0.010040175	-0.00761914368	-0.0126957562	0.00169432254	0.000820672474	0.00183698678	0	100	0	0	3
640	322	0.864666391	6.30251371	-0.00715202279	-0.00771020482	-0.0126957562	0.00169432254	0.000911733614	0.0018365005	0	100	0	0	3
641	322	0.865927776	6.31236139	-0.00496801386	-0.00772850005	-0.0126957562	0.00169432254	0.000930028839	0.00183601602	0	100	0	0	3
642	323	0.86783529	6.32220907	-0.00319463964	-0.0077780381	-0.0126957562	0.00169432254	0.000979566887	0.00183553334	0	100	0	0	3
643	323	0.868959862	6.33205674	-0.00386144111	-0.00785256217	-0.0126957562	0.00121669483	0.00105409096	0.00183505244	0	100	0	0	3
644	324	0.870924054	6.34190442	-0.00498272786	-0.00793716097	-0.0126957562	-0.000306612348	0.00113868976	0.00183457332	0	100	0	0	3
645	324	0.872709368	6.3517521	-0.00594947167	-0.00802911823	-0.0126957562	-0.00197673486	0.00123064702	0.00183409596	0	100	0	0	3
646	324	0.874427	6.36159978	-0.0077840898	-0.00813380101	-0.0126957562	-0.00319463964	0.00133532981	0.00183362036	0	100	0	0	3
647	325	0.875827039	6.37144745	-0.00867271366	-0.00822477761	-0.0126957562	-0.00319463964	0.00142630641	0.00183314651	0	100	0	0	3
648	325	0.877250893	6.38129513	-0.00994484911	-0.00831967987	-0.0126957562	-0.00319463964	0.00152120866	0.00183267438	0	100	0	0	3
649	326	0.878759075	6.39114281	-0.0113847472	-0.00840005736	-0.0126957562	-0.00319463964	0.00160158615	0.00183220399	0	100	0	0	3
650	326	0.880391958	6.40099049	-0.0126576734	-0.00848826855	-0.0126957562	-0.00319463964	0.00168979734	0.00183173531	0	100	0	0	3
651	326	0.882187072	6.41083817	-0.0127517617	-0.00855884198	-0.0127517617	-0.00319463964	0.00176037078	0.00183127951	0	100	0	0	3
652	327	0.883893267	6.42068584	-0.0129173272	-0.00860206844	-0.0129173272	-0.00319463964	0.00179382224	0.00183085832	0	100	0	0	3
653	327	0.885701036	6.43053352	-0.0131351583	-0.0086513894	-0.0131351583	-0.00319463964	0.00178415821	0.00183048194	0	100	0	0	3
654	328	0.887293296	6.4403812	-0.0122318864	-0.00865287533	-0.0131351583	-0.00319463964	0.00172468116	0.00183010692	0	100	0	0	3
655	328	0.888509618	6.45022888	-0.00954174478	-0.00858320108	-0.0131351583	-0.00319463964	0.00172468116	0.00182973326	0	100	0	0	3
656	329	0.889551958	6.46007655	-0.00867071876	-0.00854916755	-0.0131351583	-0.00319463964	0.00172468116	0.00182936095	0	100	0	0	3
657	330	0.890280834	6.46992423	-0.00723288183	-0.00856300917	-0.0131351583	-0.00319463964	0.00172468116	0.00182898997	0	100	0	0	3
658	330	0.890959907	6.47977191	-0.00714008578	-0.00856814534	-0.0131351583	-0.00319463964	0.00172468116	0.00182862034	0	100	0	0	3
659	331	0.892010081	6.48961959	-0.0070036824	-0.00855637614	-0.0131351583	-0.00319463964	0.00172468116	0.00182825203	0	100	0	0	3
660	331	0.89333507	6.49946726	-0.00676534495	-0.00853111896	-0.0131351583	-0.00319463964	0.00172468116	0.00182788504	0	100	0	0	3
661	332	0.894916463	6.50931494	-0.00482705193	-0.00845565784	-0.0131351583	-0.00319463964	0.00172468116	0.00182751936	0	100	0	0	3
662	332	0.896408399	6.51916262	-0.00261671276	-0.00831858935	-0.0131351583	-0.00261671276	0.00172468116	0.00182715499	0	100	0	0	3
663	333	0.897797205	6.5290103	-0.0022708962	-0.00820326988	-0.0131351583	-0.0022708962	0.00171034772	0.00182679192	0	100	0	0	3
664	333	0.899082059	6.53885798	-0.000913683459	-0.00808168032	-0.0131351583	-0.000913683459	0.00163848777	0.00182643015	0	100	0	0	3
665	334	0.900813083	6.54870565	0.000616869806	-0.00788526778	-0.0131351583	0.000616869806	0.00160548393	0.00182606965	0	100	0	0	3
666	334	0.902103088	6.55855333	0.00120749544	-0.00775767848	-0.0131351583	0.00120749544	0.00159304568	0.00182571044	0	100	0	0	3
667	335	0.903518968	6.56840101	4.44428172e-05	-0.0076829154	-0.0131351583	0.00120749544	0.00159304568	0.00182535249	0	100	0	0	3
668	335	0.905035358	6.57824869	-0.00150429013	-0.00764100107	-0.0131351583	0.00120749544	0.0015869591	0.00182499581	0	100	0	0	3
669	336	0.90644508	6.58809636	-0.00261472059	-0.00760597597	-0.0131351583	0.00120749544	0.0015869591	0.00182464039	0	100	0	0	3
670	336	0.908333479	6.59794404	-0.00466968806	-0.00760416849	-0.0131351583	0.00120749544	0.0015869591	0.00182428622	0	100	0	0	3
671	337	0.90969063	6.60779172	-0.00609468683	-0.00763527117	-0.0131351583	0.00120749544	0.0015869591	0.0018239333	0	100	0	0	3
672	337	0.911477577	6.6176394	-0.00824682337	-0.00769334434	-0.0131351583	0.00120749544	0.0015869591	0.00182358161	0	100	0	0	3
673	337	0.913098104	6.62748707	-0.00992029316	-0.007756451	-0.0131351583	0.00120749544	0.00156576972	0.00182323116	0	100	0	0	3
674	338	0.914747042	6.63733475	-0.0111393952	-0.00779663261	-0.0131351583	0.00120749544	0.00155791134	0.00182288193	0	100	0	0	3
675	338	0.916557487	6.64718243	-0.0116436643	-0.00783222782	-0.0131351583	0.00120749544	0.00155791134	0.00182253392	0	100	0	0	3
676	339	0.918372951	6.65703011	-0.011735439	-0.0078352194	-0.0131351583	0.00120749544	0.00155677333	0.00182218712	0	100	0	0	3
677	339	0.920323607	6.66687778	-0.0114258423	-0.00782048496	-0.0131351583	0.00120749544	0.00155677333	0.00182184153	0	100	0	0	3
678	340	0.922082209	6.67672546	-0.0107494256	-0.00778074586	-0.0131351583	0.00120749544	0.00155366368	0.00182149714	0	100	0	0	3
679	340	0.923341272	6.68657314	-0.00895341347	-0.00767560572	-0.0131351583	0.00120749544	0.00153844734	0.00182115394	0	100	0	0	3
680	341	0.924817408	6.69642082	-0.00366911603	-0.00748011856	-0.0131351583	0.00120749544	0.0015222582	0.00182081193	0	100	0	0	3
681	341	0.925093461	6.7062685	-0.00538576212	-0.00741776424	-0.0131351583	0.00120749544	0.00152136853	0.00182047111	0	100	0	0	3
682	342	0.92567673	6.71611617	-0.00628065423	-0.0074014896	-0.0131351583	0.00120749544	0.00152136853	0.00182013145	0	100	0	0	3
683	342	0.926875276	6.72596385	-0.00734871325	-0.0074050437	-0.0131351583	0.00120749544	0.00151420036	0.00181979297	0	100	0	0	3
684	343	0.92787582	6.73581153	-0.00599641289	-0.00738391428	-0.0131351583	0.00120749544	0.00150052896	0.00181945565	0	100	0	0	3
685	344	0.9292173	6.74565921	-0.00469185132	-0.00732988323	-0.0131351583	0.00120749544	0.00144407437	0.00181911948	0	100	0	0	3
686	344	0.930440917	6.75550688	-0.00365097436	-0.00724298061	-0.0131351583	0.00120749544	0.00140989472	0.00181878447	0	100	0	0	3
687	345	0.931741527	6.76535456	-0.00232382011	-0.00712227671	-0.0131351583	0.00120749544	0.00153059862	0.0018184506	0	100	0	0	3
688	345	0.933215552	6.77520224	0.000421496062	-0.00694720059	-0.0131351583	0.00120749544	0.00170567474	0.00181811788	0	100	0	0	3
689	346	0.93468074	6.78504992	-0.000263817511	-0.0067819538	-0.0131351583	0.00120749544	0.00187092153	0.00181778628	0	97.1	0	0	3
690	346	0.935765132	6.79489759	0.00261377276	-0.00657177605	-0.0131351583	0.00261377276	0.00208109928	0.001817627	0	87.3	0	0	3
691	347	0.937340942	6.80474527	0.00312339276	-0.00634732727	-0.0131351583	0.00312339276	0.00230554806	0.00181756299	0	78.8	0	0	3
692	347	0.938476916	6.81459295	0.001425332	-0.00624960471	-0.0131351583	0.00312339276	0.00240327063	0.00181749919	0	75.6	0	0	3
693	348	0.94011105	6.82444063	-0.000704905814	-0.00620486782	-0.0131351583	0.00312339276	0.00244800751	0.0018174356	0	74.2	0	0	3
694	348	0.941949061	6.83428831	-0.00274058115	-0.00615373635	-0.0131351583	0.00312339276	0.00249913898	0.00181737223	0	72.7	0	0	3
695	349	0.943401312	6.84413598	-0.00457212139	-0.00615378028	-0.0131351583	0.00312339276	0.00249913898	0.00181730908	0	72.7	0	0	3
696	349	0.945179417	6.85398366	-0.00660604895	-0.00616991021	-0.0131351583	0.00312339276	0.00249913898	0.00181724614	0	72.7	0	0	3
697	349	0.946383488	6.86383134	-0.00751673448	-0.00615391591	-0.0131351583	0.00312339276	0.00249913898	0.0018171834	0	72.7	0	0	3
698	350	0.947977592	6.87367902	-0.00938886644	-0.00617651353	-0.0131351583	0.00312339276	0.00249913898	0.00181712088	0	72.7	0	0	3
699	350	0.949713985	6.88352669	-0.0107122803	-0.00621115621	-0.0131351583	0.00312339276	0.00249913898	0.00181705857	0	72.7	0	0	3
700	351	0.951516218	6.89337437	-0.0112276357	-0.00622817375	-0.0131351583	0.00312339276	0.00249913898	0.00181699647	0	72.7	0	0	3
701	352	0.953322041	6.90322205	-0.0115479433	-0.00621594204	-0.0131351583	0.00312339276	0.00249913898	0.00181693457	0	72.7	0	0	3
702	352	0.955216335	6.91306973	-0.0116170775	-0.00619538584	-0.0131351583	0.00312339276	0.00249913898	0.00181687289	0	72.6	0	0	3
703	353	0.956779573	6.9229174	-0.010954883	-0.00614011184	-0.0131351583	0.00312339276	0.00251276349	0.0018168114	0	72.3	0	0	3
704	353	0.958098439	6.93276508	-0.00872991228	-0.00601262344	-0.0122318864	0.00312339276	0.00264025189	0.00181675012	0	68.8	0	0	3
705	354	0.95928848	6.94261276	-0.00720999939	-0.00589486895	-0.011735439	0.00312339276	0.00268833214	0.00181668905	0	67.5	0	0	3
706	354	0.959961649	6.95246044	-0.00612010985	-0.00583491056	-0.011735439	0.00312339276	0.00273323478	0.00181662817	0	66.4	0	0	3
707	355	0.960514032	6.96230811	-0.00612594555	-0.0057955217	-0.011735439	0.00312339276	0.00277262364	0.0018165675	0	65.5	0	0	3
708	355	0.961398065	6.97215579	-0.00649243846	-0.00578945342	-0.011735439	0.00312339276	0.00277869191	0.00181650703	0	65.3	0	0	3
709	356	0.96261571	6.98200347	-0.00654735801	-0.00578953269	-0.011735439	0.00312339276	0.00276692272	0.00181644675	0	65.6	0	0	3
710	357	0.963792872	6.99185115	-0.00533632422	-0.00576433768	-0.011735439	0.00312339276	0.00276678128	0.00181638668	0	65.6	0	0	3
711	357	0.965345817	7.00169883	-0.00317641278	-0.00569010949	-0.011735439	0.00312339276	0.00276554835	0.0018163268	0	65.6	0	0	3
712	358	0.966940199	7.0115465	-0.00294724839	-0.00564834083	-0.011735439	0.00312339276	0.00267024852	0.00181626712	0	68	0	0	3
713	358	0.968665273	7.02139418	-0.00450575379	-0.00568365856	-0.011735439	0.00312339276	0.00255492905	0.00181620763	0	71	0	0	3
714	359	0.969935921	7.03124186	-0.00311537933	-0.0057041231	-0.011735439	0.00312339276	0.00243333949	0.00181614834	0	74.6	0	0	3
715	359	0.971062233	7.04108954	-0.00154791956	-0.00572459867	-0.011735439	0.00312339276	0.00223692695	0.00181608924	0	81.1	0	0	3
716	360	0.972985331	7.05093721	-0.000382644817	-0.00573435492	-0.011735439	0.00312339276	0.00218687857	0.00181603034	0	83	0	0	3
717	360	0.974642691	7.06078489	-0.000917384834	-0.00574774856	-0.011735439	0.00312339276	0.00218687857	0.00181597162	0	83	0	0	3
718	361	0.976156857	7.07063257	-0.00197536223	-0.0057820148	-0.011735439	0.00312339276	0.00218687857	0.0018159131	0	83	0	0	3
719	361	0.978096767	7.08048025	-0.00413871815	-0.00582716654	-0.011735439	0.00312339276	0.00218687857	0.00181585477	0	83	0	0	3
720	362	0.979358067	7.09032792	-0.00538712732	-0.00588166487	-0.011735439	0.00312339276	0.00218687857	0.00181579662	0	83	0	0	3
721	362	0.980983155	7.1001756	-0.00751072304	-0.00594960816	-0.011735439	0.00312339276	0.00218687857	0.00181573866	0	83	0	0	3
722	362	0.982560898	7.11002328	-0.00931657749	-0.00601980581	-0.011735439	0.00312339276	0.00218687857	0.00181568089	0	83	0	0	3
723	363	0.984219383	7.11987096	-0.010883163	-0.00607598038	-0.011735439	0.00312339276	0.00218687857	0.00181562331	0	83	0	0	3
724	363	0.985915663	7.12971864	-0.0119841969	-0.00612805818	-0.0119841969	0.00312339276	0.00218687857	0.00181556591	0	83	0	0	3
725	364	0.987688278	7.13956631	-0.0121708524	-0.00616162169	-0.0121708524	0.00312339276	0.00218687857	0.0018155087	0	83	0	0	3
726	364	0.989578857	7.14941399	-0.0126441677	-0.00619354155	-0.0126441677	0.00312339276	0.00218687857	0.00181545166	0	83	0	0	3
727	365	0.991319656	7.15926167	-0.0122303474	-0.00619967963	-0.0126441677	0.00312339276	0.00217214413	0.00181539482	0	83.5	0	0	3
728	365	0.992891283	7.16910935	-0.0102958498	-0.00614791004	-0.0126441677	0.00312339276	0.00213240503	0.00181533815	0	85.1	0	0	3
729	366	0.994016151	7.17895702	-0.00755293467	-0.00605738578	-0.0126441677	0.00312339276	0.00202726488	0.00181528166	0	89.5	0	0	3
730	366	0.994678077	7.1888047	-0.00666485249	-0.00601190882	-0.0126441677	0.00312339276	0.00183177773	0.00181522536	0	99	0	0	3
731	367	0.995247639	7.19865238	-0.00725371127	-0.00607105338	-0.0126441677	0.00312339276	0.00176942341	0.00181516923	0	100	0	0	3
732	367	0.996489476	7.20850006	-0.00634831383	-0.00607852564	-0.0126441677	0.00312339276	0.00175670287	0.00181511328	0	100	0	0	3
733	368	0.997606836	7.21834773	-0.00476529672	-0.00605648695	-0.0126441677	0.00312339276	0.00175670287	0.00181505751	0	100	0	0	3
734	369	0.998829402	7.22819541	-0.0038239257	-0.00599702897	-0.0126441677	0.00312339276	0.00173557345	0.00181500191	0	100	0	0	3
735	369	1	7.23804309	-0.00319120138	-0.00595149806	-0.0126441677	0.00312339276	0.00168154239	0.00181494649	0	100	0	0	3
