Iteration	CPUTime	PhysTime	Travels
1	2	0.000239292501	0.00984767767
2	3	0.000461864813	0.0196953553
3	3	0.000677908924	0.029543033
4	3	0.000890520582	0.0393907107
5	4	0.00110745405	0.0492383884
6	4	0.00148044698	0.059086066
7	5	0.00191463425	0.0689337437
8	5	0.00237309159	0.0787814214
9	6	0.00284780299	0.0886290991
10	6	0.00334366708	0.0984767767
11	6	0.00412847249	0.108324454
12	7	0.00491303499	0.118172132
13	7	0.00568252719	0.12801981
14	8	0.00642099771	0.137867487
15	8	0.00704977096	0.147715165
16	9	0.00806238643	0.157562843
17	9	0.00872819021	0.16741052
18	10	0.00937690945	0.177258198
19	10	0.0100558151	0.187105876
20	11	0.0109208156	0.196953553
21	12	0.0122399002	0.206801231
22	12	0.0136673304	0.216648909
23	13	0.0146824142	0.226496586
24	13	0.0153970185	0.236344264
25	14	0.0161381137	0.246191942
26	15	0.0172029459	0.25603962
27	15	0.0181916089	0.265887297
28	16	0.0198348944	0.275734975
29	16	0.0214866862	0.285582653
30	17	0.0232888397	0.29543033
31	17	0.023743698	0.305278008
32	18	0.0250962467	0.315125686
33	18	0.0267276297	0.324973363
34	19	0.0293359081	0.334821041
35	20	0.0316622466	0.344668719
36	20	0.0333730344	0.354516396
37	21	0.035871259	0.364364074
38	21	0.0389525603	0.374211752
39	22	0.0409889882	0.384059429
40	22	0.043735534	0.393907107
41	23	0.0463545784	0.403754785
42	23	0.0489745628	0.413602462
43	24	0.0515646362	0.42345014
44	24	0.0540285828	0.433297818
45	24	0.0567835894	0.443145495
46	25	0.0597792883	0.452993173
47	25	0.0629026431	0.462840851
48	26	0.0662688484	0.472688528
49	26	0.0698564367	0.482536206
50	27	0.0725778776	0.492383884
51	27	0.0753412154	0.502231561
52	28	0.0776696209	0.512079239
53	28	0.0789351348	0.521926917
54	29	0.0800986661	0.531774594
55	29	0.0821323496	0.541622272
56	30	0.0842243421	0.55146995
57	31	0.0863671123	0.561317627
58	31	0.0872316101	0.571165305
59	32	0.088337208	0.581012983
60	32	0.0899822895	0.59086066
61	33	0.0925181201	0.600708338
62	33	0.0948495194	0.610556016
63	34	0.0969310607	0.620403693
64	34	0.0996440763	0.630251371
65	35	0.101759974	0.640099049
66	35	0.104234624	0.649946726
67	36	0.106712495	0.659794404
68	36	0.10894491	0.669642082
69	37	0.112126556	0.679489759
70	37	0.114476104	0.689337437
71	37	0.116932232	0.699185115
72	38	0.119696009	0.709032792
73	38	0.12283186	0.71888047
74	39	0.126044976	0.728728148
75	39	0.129458898	0.738575825
76	40	0.133043729	0.748423503
77	40	0.136435668	0.758271181
78	41	0.138924133	0.768118859
79	41	0.140956038	0.777966536
80	42	0.14207845	0.787814214
81	42	0.143103534	0.797661892
82	43	0.144825394	0.807509569
83	44	0.147204353	0.817357247
84	44	0.148677744	0.827204925
85	45	0.151010772	0.837052602
86	45	0.153475602	0.84690028
87	46	0.155804909	0.856747958
88	46	0.158921322	0.866595635
89	47	0.162133611	0.876443313
90	47	0.164419133	0.886290991
91	48	0.167939877	0.896138668
92	48	0.170567885	0.905986346
93	48	0.173969948	0.915834024
94	49	0.176617352	0.925681701
95	49	0.179797276	0.935529379
96	50	0.183483438	0.945377057
97	50	0.186813252	0.955224734
98	50	0.190305036	0.965072412
99	51	0.193620812	0.97492009
100	51	0.19616547	0.984767767
101	53	0.199248078	0.994615445
102	53	0.201622163	1.00446312
103	53	0.20365383	1.0143108
104	54	0.204912296	1.02415848
105	55	0.206090005	1.03400616
106	55	0.207912472	1.04385383
107	56	0.210135138	1.05370151
108	56	0.211822783	1.06354919
109	57	0.214740045	1.07339687
110	57	0.217518732	1.08324454
111	58	0.217960137	1.09309222
112	58	0.21892951	1.1029399
113	59	0.220945822	1.11278758
114	59	0.222551907	1.12263525
115	60	0.224679545	1.13248293
116	60	0.226285079	1.14233061
117	61	0.228653188	1.15217829
118	61	0.231319651	1.16202597
119	62	0.23384603	1.17187364
120	62	0.236375746	1.18172132
121	63	0.239742584	1.191569
122	63	0.242419808	1.20141668
123	63	0.245310283	1.21126435
124	64	0.248362822	1.22111203
125	64	0.251421139	1.23095971
126	65	0.254592767	1.24080739
127	65	0.25799955	1.25065506
128	66	0.261264542	1.26050274
129	66	0.264479529	1.27035042
130	67	0.267194228	1.2801981
131	67	0.268169143	1.29004578
132	68	0.269370399	1.29989345
133	68	0.271648209	1.30974113
134	69	0.273451527	1.31958881
135	70	0.275430408	1.32943649
136	70	0.277883173	1.33928416
137	71	0.280438986	1.34913184
138	72	0.283945062	1.35897952
139	72	0.286844991	1.3688272
140	73	0.288902756	1.37867487
141	73	0.292360911	1.38852255
142	74	0.295445583	1.39837023
143	74	0.299339914	1.40821791
144	74	0.301229454	1.41806558
145	75	0.304325613	1.42791326
146	75	0.30711373	1.43776094
147	76	0.310098397	1.44760862
148	76	0.313219474	1.4574563
149	77	0.316561424	1.46730397
150	77	0.319755105	1.47715165
151	78	0.32314622	1.48699933
152	78	0.326270604	1.49684701
153	79	0.328742236	1.50669468
154	79	0.330169713	1.51654236
155	80	0.33158615	1.52639004
156	80	0.333243971	1.53623772
157	81	0.335476199	1.54608539
158	82	0.336591377	1.55593307
159	82	0.33823337	1.56578075
160	83	0.339978388	1.57562843
161	83	0.341666788	1.58547611
162	84	0.343054533	1.59532378
163	84	0.344862829	1.60517146
164	85	0.346802392	1.61501914
165	85	0.349207709	1.62486682
166	86	0.352549577	1.63471449
167	86	0.353576163	1.64456217
168	87	0.356361501	1.65440985
169	87	0.35876454	1.66425753
170	88	0.362053622	1.6741052
171	88	0.364490032	1.68395288
172	88	0.367987573	1.69380056
173	89	0.370718847	1.70364824
174	89	0.37437411	1.71349592
175	90	0.377741345	1.72334359
176	90	0.381188052	1.73319127
177	91	0.384758514	1.74303895
178	91	0.387360092	1.75288663
179	92	0.390193966	1.7627343
180	92	0.392419755	1.77258198
181	93	0.393806935	1.78242966
182	94	0.395013574	1.79227734
183	94	0.39709718	1.80212501
184	95	0.398970291	1.81197269
185	95	0.400937051	1.82182037
186	96	0.403421108	1.83166805
187	97	0.405346123	1.84151572
188	97	0.407987848	1.8513634
189	98	0.411379703	1.86121108
190	98	0.413425385	1.87105876
191	99	0.416756244	1.88090644
192	99	0.419881882	1.89075411
193	100	0.422943341	1.90060179
194	100	0.425477609	1.91044947
195	101	0.428772118	1.92029715
196	101	0.431279068	1.93014482
197	102	0.434031915	1.9399925
198	102	0.437001913	1.94984018
199	103	0.439985487	1.95968786
200	103	0.443122204	1.96953553
201	104	0.446146973	1.97938321
202	105	0.448220487	1.98923089
203	105	0.451114818	1.99907857
204	106	0.453381073	2.00892625
205	107	0.455133466	2.01877392
206	107	0.456261658	2.0286216
207	108	0.45743904	2.03846928
208	108	0.459295611	2.04831696
209	109	0.461603918	2.05816463
210	109	0.463659154	2.06801231
211	110	0.466463571	2.07785999
212	110	0.469396992	2.08770767
213	111	0.471890701	2.09755534
214	111	0.475036056	2.10740302
215	112	0.477342844	2.1172507
216	113	0.479610909	2.12709838
217	113	0.482455804	2.13694606
218	113	0.485068198	2.14679373
219	114	0.488615305	2.15664141
220	114	0.491054945	2.16648909
221	115	0.493525335	2.17633677
222	115	0.496574209	2.18618444
223	115	0.499593291	2.19603212
224	116	0.502621412	2.2058798
225	116	0.505807868	2.21572748
226	117	0.509137983	2.22557515
227	117	0.512349617	2.23542283
228	118	0.515286855	2.24527051
229	118	0.517863758	2.25511819
230	119	0.518977469	2.26496586
231	120	0.520211918	2.27481354
232	120	0.522042556	2.28466122
233	121	0.524223208	2.2945089
234	121	0.525790049	2.30435658
235	122	0.528311257	2.31420425
236	122	0.530882186	2.32405193
237	123	0.533668087	2.33389961
238	124	0.535605152	2.34374729
239	124	0.538265263	2.35359496
240	124	0.539567676	2.36344264
241	125	0.541108901	2.37329032
242	125	0.543864732	2.383138
243	126	0.546761544	2.39298567
244	126	0.548488166	2.40283335
245	127	0.550615407	2.41268103
246	127	0.554315836	2.42252871
247	128	0.556912773	2.43237639
248	128	0.559800188	2.44222406
249	128	0.562802463	2.45207174
250	129	0.565930125	2.46191942
251	129	0.56921284	2.4717671
252	130	0.572541103	2.48161477
253	130	0.575499483	2.49146245
254	131	0.578478948	2.50131013
255	131	0.580321605	2.51115781
256	132	0.581588179	2.52100548
257	133	0.582855188	2.53085316
258	133	0.584765667	2.54070084
259	134	0.586799339	2.55054852
260	134	0.588591137	2.5603962
261	135	0.591512971	2.57024387
262	135	0.592543352	2.58009155
263	136	0.59518568	2.58993923
264	137	0.596126307	2.59978691
265	137	0.597046651	2.60963458
266	138	0.59816342	2.61948226
267	138	0.599261294	2.62932994
268	139	0.600346714	2.63917762
269	139	0.60146817	2.64902529
270	140	0.602769863	2.65887297
271	140	0.60438795	2.66872065
272	141	0.606572723	2.67856833
273	141	0.609109991	2.688416
274	142	0.611152463	2.69826368
275	142	0.613884412	2.70811136
276	143	0.616823932	2.71795904
277	143	0.619569704	2.72780672
278	144	0.623886168	2.73765439
279	144	0.626585753	2.74750207
280	145	0.630005367	2.75734975
281	145	0.633163281	2.76719743
282	146	0.636276814	2.7770451
283	146	0.637879968	2.78689278
284	147	0.640603632	2.79674046
285	147	0.64318666	2.80658814
286	148	0.64441589	2.81643581
287	148	0.645466715	2.82628349
288	149	0.647392039	2.83613117
289	150	0.649320849	2.84597885
290	150	0.651584275	2.85582653
291	151	0.653616055	2.8656742
292	151	0.656085711	2.87552188
293	152	0.658631467	2.88536956
294	153	0.661568758	2.89521724
295	153	0.663815932	2.90506491
296	154	0.667153001	2.91491259
297	154	0.66986863	2.92476027
298	155	0.672607542	2.93460795
299	155	0.675714936	2.94445562
300	156	0.678205751	2.9543033
301	157	0.681549576	2.96415098
302	157	0.68427967	2.97399866
303	157	0.687167866	2.98384633
304	158	0.690135894	2.99369401
305	158	0.693397606	3.00354169
306	159	0.69656592	3.01338937
307	159	0.699972252	3.02323705
308	160	0.703123121	3.03308472
309	161	0.705588616	3.0429324
310	161	0.707387259	3.05278008
311	162	0.708720511	3.06262776
312	163	0.710580402	3.07247543
313	163	0.712809491	3.08232311
314	164	0.713882783	3.09217079
315	165	0.716160251	3.10201847
316	165	0.718504865	3.11186614
317	166	0.720748952	3.12171382
318	167	0.723819127	3.1315615
319	167	0.726886307	3.14140918
320	168	0.729176315	3.15125686
321	168	0.732293083	3.16110453
322	169	0.734962104	3.17095221
323	169	0.7374039	3.18079989
324	170	0.740442842	3.19064757
325	170	0.74396121	3.20049524
326	171	0.746389974	3.21034292
327	171	0.749342526	3.2201906
328	171	0.75254549	3.23003828
329	172	0.756021848	3.23988595
330	172	0.759182136	3.24973363
331	173	0.762709479	3.25958131
332	173	0.765857864	3.26942899
333	174	0.768266302	3.27927667
334	175	0.770274351	3.28912434
335	175	0.771666373	3.29897202
336	176	0.773382268	3.3088197
337	176	0.775551282	3.31866738
338	177	0.777067778	3.32851505
339	178	0.779173283	3.33836273
340	178	0.781500798	3.34821041
341	179	0.783750541	3.35805809
342	179	0.786463934	3.36790576
343	180	0.789713029	3.37775344
344	180	0.791922653	3.38760112
345	181	0.794205244	3.3974488
346	181	0.797004678	3.40729647
347	182	0.799948586	3.41714415
348	182	0.802947277	3.42699183
349	182	0.806389428	3.43683951
350	183	0.809563457	3.44668719
351	183	0.812438569	3.45653486
352	184	0.81548654	3.46638254
353	184	0.818782789	3.47623022
354	185	0.821967634	3.4860779
355	185	0.824544873	3.49592557
356	186	0.826988273	3.50577325
357	186	0.829830546	3.51562093
358	187	0.832413421	3.52546861
359	187	0.833415013	3.53531628
360	188	0.83451384	3.54516396
361	189	0.83639095	3.55501164
362	189	0.838545544	3.56485932
363	190	0.840938106	3.574707
364	191	0.843126384	3.58455467
365	191	0.845773549	3.59440235
366	192	0.848462206	3.60425003
367	192	0.851301903	3.61409771
368	193	0.85378458	3.62394538
369	193	0.856822261	3.63379306
370	194	0.859553187	3.64364074
371	194	0.86180898	3.65348842
372	195	0.8647098	3.66333609
373	195	0.867911636	3.67318377
374	196	0.870571536	3.68303145
375	196	0.87357878	3.69287913
376	196	0.876608932	3.70272681
377	197	0.87959446	3.71257448
378	197	0.882776562	3.72242216
379	198	0.886143458	3.73226984
380	199	0.889430246	3.74211752
381	199	0.892597084	3.75196519
382	200	0.894912006	3.76181287
383	200	0.896072276	3.77166055
384	201	0.897205718	3.78150823
385	201	0.899265437	3.7913559
386	202	0.901300352	3.80120358
387	203	0.903615003	3.81105126
388	203	0.906275323	3.82089894
389	204	0.909216626	3.83074661
390	204	0.911850988	3.84059429
391	205	0.91513056	3.85044197
392	205	0.91779485	3.86028965
393	206	0.920434464	3.87013733
394	206	0.923151963	3.879985
395	207	0.926124004	3.88983268
396	207	0.928642553	3.89968036
397	208	0.932401116	3.90952804
398	208	0.934853991	3.91937571
399	208	0.937639217	3.92922339
400	209	0.940795817	3.93907107
401	210	0.944147573	3.94891875
402	210	0.9473302	3.95876642
403	211	0.950685606	3.9686141
404	211	0.953278734	3.97846178
405	212	0.955606844	3.98830946
406	213	0.958559409	3.99815714
407	213	0.959073237	4.00800481
408	214	0.960103065	4.01785249
409	214	0.962297779	4.02770017
410	215	0.964072278	4.03754785
411	216	0.966508026	4.04739552
412	216	0.969397779	4.0572432
413	217	0.971782776	4.06709088
414	217	0.974884357	4.07693856
415	218	0.976942387	4.08678623
416	218	0.979849969	4.09663391
417	219	0.982646665	4.10648159
418	219	0.985560794	4.11632927
419	220	0.988873438	4.12617695
420	220	0.991630302	4.13602462
421	220	0.995155238	4.1458723
422	221	0.997769844	4.15571998
423	221	1	4.16556766
