Iteration	CPUTime	PhysTime	Travels	Value	AvValue	MinValue	MaxValue	Delta	Criteria	PrevAvRefValue	Progress	CriteriaType	CriteriaVarType	CriteriaPercentage
1	2	0.000239292501	0.00984767767	122419.728	122419.728	122419.728	122419.728	0	0	0	0	0	0	3
2	3	0.000461864813	0.0196953553	103613.332	113356.94	103613.332	122419.728	9062.78833	0	0	0	0	0	3
3	3	0.000677908924	0.029543033	101486.873	109574.045	101486.873	122419.728	12845.683	0	0	0	0	0	3
4	3	0.000890520582	0.0393907107	101335.276	107607.04	101335.276	122419.728	14812.6878	0	0	0	0	0	3
5	4	0.00110745405	0.0492383884	101399.488	106391.075	101335.276	122419.728	16028.6533	0	0	0	0	0	3
6	4	0.00148044698	0.059086066	102244.995	105346.486	101335.276	122419.728	17073.2422	0	0	0	0	0	3
7	5	0.00191463425	0.0689337437	102954.494	104804.047	101335.276	122419.728	17615.6813	0	0	0	0	0	3
8	5	0.00237309159	0.0787814214	102532.297	104365.168	101335.276	122419.728	18054.5605	0	0	0	0	0	3
9	6	0.00284780299	0.0886290991	102208.237	104005.62	101335.276	122419.728	18414.1077	0	0	0	0	0	3
10	6	0.00334366708	0.0984767767	101853.429	103686.451	101335.276	122419.728	18733.2766	0	0	0	0	0	3
11	6	0.00412847249	0.108324454	101826.15	103332.816	101335.276	122419.728	19086.9121	0	0	0	0	0	3
12	7	0.00491303499	0.118172132	101590.694	103054.617	101335.276	122419.728	19365.1114	0	0	0	0	0	3
13	7	0.00568252719	0.12801981	101498.943	102843.957	101335.276	122419.728	19575.771	0	0	0	0	0	3
14	8	0.00642099771	0.137867487	101992.973	102746.086	101335.276	122419.728	19673.6416	0	0	0	0	0	3
15	8	0.00704977096	0.147715165	100801.099	102572.612	100801.099	122419.728	19847.1162	0	0	0	0	0	3
16	9	0.00806238643	0.157562843	101144.486	102393.243	100801.099	122419.728	20026.4852	0	0	0	0	0	3
17	9	0.00872819021	0.16741052	101137.862	102297.48	100801.099	122419.728	20122.2482	0	0	0	0	0	3
18	10	0.00937690945	0.177258198	100763.862	102191.38	100763.862	122419.728	20228.3478	0	0	0	0	0	3
19	10	0.0100558151	0.187105876	100956.875	102108.034	100763.862	122419.728	20311.6939	0	0	0	0	0	3
20	11	0.0109208156	0.196953553	100409.694	101973.514	100409.694	122419.728	20446.2137	0	0	0	0	0	3
21	12	0.0122399002	0.206801231	98914.0121	101643.794	98914.0121	122419.728	20775.9338	0	0	0	0	0	3
22	12	0.0136673304	0.216648909	98227.4011	101286.983	98227.4011	122419.728	21132.7455	0	0	0	0	0	3
23	13	0.0146824142	0.226496586	98619.5781	101102.569	98227.4011	122419.728	21317.1592	0	0	0	0	0	3
24	13	0.0153970185	0.236344264	100167.932	101059.191	98227.4011	122419.728	21360.5375	0	0	0	0	0	3
25	14	0.0161381137	0.246191942	94529.4735	100759.333	94529.4735	122419.728	21660.3954	0	0	0	0	0	3
26	15	0.0172029459	0.25603962	95169.5868	100413.337	94529.4735	122419.728	22006.3909	0	0	0	0	0	3
27	15	0.0181916089	0.265887297	102000.483	100499.594	94529.4735	122419.728	22006.3909	0	0	0	0	0	3
28	16	0.0198348944	0.275734975	99288.6546	100399.27	94529.4735	122419.728	22020.4581	0	0	0	0	0	3
29	16	0.0214866862	0.285582653	99206.2402	100307.556	94529.4735	122419.728	22112.1724	0	0	0	0	0	3
30	17	0.0232888397	0.29543033	104642.453	100643.002	94529.4735	122419.728	22112.1724	0	0	0	0	0	3
31	17	0.023743698	0.305278008	92932.7168	100495.296	92932.7168	122419.728	22112.1724	0	0	0	0	0	3
32	18	0.0250962467	0.315125686	95253.9248	100212.815	92932.7168	122419.728	22206.9132	0	0	0	0	0	3
33	18	0.0267276297	0.324973363	100939.153	100257.149	92932.7168	122419.728	22206.9132	0	0	0	0	0	3
34	19	0.0293359081	0.334821041	99136.4879	100157.51	92932.7168	122419.728	22262.2183	0	0	0	0	0	3
35	20	0.0316622466	0.344668719	98719.155	100051.829	92932.7168	122419.728	22367.8993	0	0	0	0	0	3
36	20	0.0333730344	0.354516396	98496.6004	99972.1037	92932.7168	122419.728	22447.6243	0	0	0	0	0	3
37	21	0.035871259	0.364364074	99553.433	99942.9457	92932.7168	122419.728	22476.7823	0	0	0	0	0	3
38	21	0.0389525603	0.374211752	101970.813	100103.358	92932.7168	122419.728	22476.7823	0	0	0	0	0	3
39	22	0.0409889882	0.384059429	101053.628	100150.57	92932.7168	122419.728	22476.7823	0	0	0	0	0	3
40	22	0.043735534	0.393907107	101950.092	100263.578	92932.7168	122419.728	22476.7823	0	0	0	0	0	3
41	23	0.0463545784	0.403754785	102353.369	100381.651	92932.7168	122419.728	22476.7823	0	0	0	0	0	3
42	23	0.0489745628	0.413602462	102250.762	100481.643	92932.7168	122419.728	22476.7823	0	0	0	0	0	3
43	24	0.0515646362	0.42345014	102844.747	100600.341	92932.7168	122419.728	22476.7823	0	0	0	0	0	3
44	24	0.0540285828	0.433297818	103600.611	100737.167	92932.7168	122419.728	22476.7823	0	0	0	0	0	3
45	24	0.0567835894	0.443145495	103697.656	100880.803	92932.7168	122419.728	22476.7823	0	0	0	0	0	3
46	25	0.0597792883	0.452993173	103386.985	101006.394	92932.7168	122419.728	22476.7823	0	0	0	0	0	3
47	25	0.0629026431	0.462840851	102979.904	101104.386	92932.7168	122419.728	22476.7823	0	0	0	0	0	3
48	26	0.0662688484	0.472688528	102100.52	101154.986	92932.7168	122419.728	22476.7823	0	0	0	0	0	3
49	26	0.0698564367	0.482536206	101819.949	101189.136	92932.7168	122419.728	22476.7823	0	0	0	0	0	3
50	27	0.0725778776	0.492383884	100966.585	101180.791	92932.7168	122419.728	22476.7823	0	0	0	0	0	3
51	27	0.0753412154	0.502231561	99301.7956	101111.874	92932.7168	122419.728	22476.7823	0	0	0	0	0	3
52	28	0.0776696209	0.512079239	97498.0004	100937.351	92932.7168	104642.453	11709.7367	0	0	0	0	0	3
53	28	0.0789351348	0.521926917	99501.1836	100906.601	92932.7168	104642.453	9631.09932	0	0	0	0	0	3
54	29	0.0800986661	0.531774594	97735.8593	100858.57	92932.7168	104642.453	7664.09453	0	0	0	0	0	3
55	29	0.0821323496	0.541622272	99469.768	100822.558	92932.7168	104642.453	6448.12906	0	0	0	0	0	3
56	30	0.0842243421	0.55146995	99164.0242	100779.308	92932.7168	104642.453	5403.54014	0	0	0	0	0	3
57	31	0.0863671123	0.561317627	106780.49	100924.354	92932.7168	106780.49	4861.10102	0	0	0	0	0	3
58	31	0.0872316101	0.571165305	89418.4012	100797.435	89418.4012	106780.49	4422.22181	0	0	0	0	0	3
59	32	0.088337208	0.581012983	98457.0635	100758.083	89418.4012	106780.49	4062.67461	0	0	0	0	0	3
60	32	0.0899822895	0.59086066	100060.286	100737.008	89418.4012	106780.49	3743.50572	0	0	0	0	0	3
61	33	0.0925181201	0.600708338	98656.3374	100671.632	89418.4012	106780.49	3389.87022	0	0	0	0	0	3
62	33	0.0948495194	0.610556016	100304.219	100652.203	89418.4012	106780.49	3111.67087	0	0	0	0	0	3
63	34	0.0969310607	0.620403693	98998.5775	100606.795	89418.4012	106780.49	2901.01126	0	0	0	0	0	3
64	34	0.0996440763	0.630251371	98481.7197	100538.13	89418.4012	106780.49	2803.14067	0	0	0	0	0	3
65	35	0.101759974	0.640099049	101892.072	100556.909	89418.4012	106780.49	2629.66607	0	0	0	0	0	3
66	35	0.104234624	0.649946726	100953.464	100565.427	89418.4012	106780.49	2450.29709	0	0	0	0	0	3
67	36	0.106712495	0.659794404	101787.614	100590.182	89418.4012	106780.49	2354.53416	0	0	0	0	0	3
68	36	0.10894491	0.669642082	100811.561	100591.475	89418.4012	106780.49	2248.43448	0	0	0	0	0	3
69	37	0.112126556	0.679489759	102345.517	100644.7	89418.4012	106780.49	2165.08841	0	0	0	0	0	3
70	37	0.114476104	0.689337437	103614.567	100709.495	89418.4012	106780.49	2030.56866	0	0	0	0	0	3
71	37	0.116932232	0.699185115	103896.34	100785.776	89418.4012	106780.49	1700.84846	0	0	0	0	0	3
72	38	0.119696009	0.709032792	103768.248	100885.462	89418.4012	106780.49	1344.03683	0	0	0	0	0	3
73	38	0.12283186	0.71888047	103793.188	101003.746	89418.4012	106780.49	1246.19072	0	0	0	0	0	3
74	39	0.126044976	0.728728148	102688.761	101074.095	89418.4012	106780.49	1246.19072	0	0	0	0	0	3
75	39	0.129458898	0.738575825	101873.703	101103.705	89418.4012	106780.49	1246.19072	0	0	0	0	0	3
76	40	0.133043729	0.748423503	101628.955	101161.487	89418.4012	106780.49	1246.19072	0	0	0	0	0	3
77	40	0.136435668	0.758271181	100675.122	101201.163	89418.4012	106780.49	1258.21733	0	0	0	0	0	3
78	41	0.138924133	0.768118859	98551.7046	101140.008	89418.4012	106780.49	1258.21733	0	0	0	0	0	3
79	41	0.140956038	0.777966536	98622.7753	101122.898	89418.4012	106780.49	1258.21733	0	0	0	0	0	3
80	42	0.14207845	0.787814214	96633.752	101107.368	89418.4012	106780.49	1258.21733	0	0	0	0	0	3
81	42	0.143103534	0.797661892	97830.1412	101026.158	89418.4012	106780.49	1258.21733	0	0	0	0	0	3
82	43	0.144825394	0.807509569	100210.815	101044.967	89418.4012	106780.49	1258.21733	0	0	0	0	0	3
83	44	0.147204353	0.817357247	95265.4487	100996.513	89418.4012	106780.49	1258.21733	0	0	0	0	0	3
84	44	0.148677744	0.827204925	98467.3829	100966.724	89418.4012	106780.49	1258.21733	0	0	0	0	0	3
85	45	0.151010772	0.837052602	99691.279	100981.502	89418.4012	106780.49	1258.21733	0	0	0	0	0	3
86	45	0.153475602	0.84690028	99897.1379	101002.766	89418.4012	106780.49	1258.21733	0	0	0	0	0	3
87	46	0.155804909	0.856747958	99155.6682	101002.644	89418.4012	106780.49	1258.21733	0	0	0	0	0	3
88	46	0.158921322	0.866595635	100634.478	101022.742	89418.4012	106780.49	1097.80499	0	0	0	0	0	3
89	47	0.162133611	0.876443313	100749.953	100991.913	89418.4012	106780.49	1050.59339	0	0	0	0	0	3
90	47	0.164419133	0.886290991	102142.901	101012.207	89418.4012	106780.49	937.585241	0	0	0	0	0	3
91	48	0.167939877	0.896138668	102048.194	101020.834	89418.4012	106780.49	819.511552	0	0	0	0	0	3
92	48	0.170567885	0.905986346	102584.533	101025.821	89418.4012	106780.49	719.520055	0	0	0	0	0	3
93	48	0.173969948	0.915834024	102726.475	101046.433	89418.4012	106780.49	663.03338	0	0	0	0	0	3
94	49	0.176617352	0.925681701	103659.368	101064.503	89418.4012	106780.49	663.03338	0	0	0	0	0	3
95	49	0.179797276	0.935529379	103644.69	101080.055	89418.4012	106780.49	663.03338	0	0	0	0	0	3
96	50	0.183483438	0.945377057	103172.21	101084.006	89418.4012	106780.49	663.03338	0	0	0	0	0	3
97	50	0.186813252	0.955224734	102763.677	101073.725	89418.4012	106780.49	663.03338	0	0	0	0	0	3
98	50	0.190305036	0.965072412	102045.168	101053.618	89418.4012	106780.49	663.03338	0	0	0	0	0	3
99	51	0.193620812	0.97492009	101835.843	101046.313	89418.4012	106780.49	663.03338	0	0	0	0	0	3
100	51	0.19616547	0.984767767	101409.996	101031.666	89418.4012	106780.49	663.03338	0	0	0	0	0	3
101	53	0.199248078	0.994615445	100589.241	101022.297	89418.4012	106780.49	663.03338	0	0	0	0	0	3
102	53	0.201622163	1.00446312	97963.2293	101002.435	89418.4012	106780.49	663.03338	1900.73198	0	0	0	0	3
103	53	0.20365383	1.0143108	97638.8507	101012.961	89418.4012	106780.49	663.03338	1900.73198	0	0	0	0	3
104	54	0.204912296	1.02415848	97929.9541	100997.35	89418.4012	106780.49	663.03338	1900.73198	0	0	0	0	3
105	55	0.206090005	1.03400616	98359.5386	101002.812	89418.4012	106780.49	663.03338	1900.73198	0	0	0	0	3
106	55	0.207912472	1.04385383	101256.405	101031.274	89418.4012	106780.49	663.03338	1900.73198	0	0	0	0	3
107	56	0.210135138	1.05370151	95528.7758	100965.164	89418.4012	106780.49	663.03338	1900.73198	0	0	0	0	3
108	56	0.211822783	1.06354919	100654.969	100861.666	89418.4012	103896.34	663.03338	1900.73198	0	0	0	0	3
109	57	0.214740045	1.07339687	100577.469	100932.748	95265.4487	103896.34	663.03338	1900.73198	0	0	0	0	3
110	57	0.217518732	1.08324454	102445.256	100986.471	95265.4487	103896.34	663.03338	1900.73198	0	0	0	0	3
111	58	0.217960137	1.09309222	105370.906	101013.498	95265.4487	105370.906	663.03338	1900.73198	0	0	0	0	3
112	58	0.21892951	1.1029399	99481.7209	101049.037	95265.4487	105370.906	663.03338	1900.73198	0	0	0	0	3
113	59	0.220945822	1.11278758	90573.1196	100895.295	90573.1196	105370.906	663.03338	1900.73198	0	0	0	0	3
114	59	0.222551907	1.12263525	93714.5091	100834.916	90573.1196	105370.906	663.03338	1900.73198	0	0	0	0	3
115	60	0.224679545	1.13248293	96027.7879	100804.177	90573.1196	105370.906	644.253608	1900.73198	0	0	0	0	3
116	60	0.226285079	1.14233061	101484.193	100794.459	90573.1196	105370.906	635.735878	1900.73198	0	0	0	0	3
117	61	0.228653188	1.15217829	101652.441	100807.627	90573.1196	105370.906	610.981156	1900.73198	0	0	0	0	3
118	61	0.231319651	1.16202597	104504.35	100867.245	90573.1196	105370.906	609.688331	1900.73198	0	0	0	0	3
119	62	0.23384603	1.17187364	102768.728	100906.702	90573.1196	105370.906	556.462752	1900.73198	0	0	0	0	3
120	62	0.236375746	1.18172132	103450.28	100921.646	90573.1196	105370.906	491.667799	1900.73198	0	0	0	0	3
121	63	0.239742584	1.191569	104068.563	100955.717	90573.1196	105370.906	415.38707	1900.73198	0	0	0	0	3
122	63	0.242419808	1.20141668	104588.112	100975.657	90573.1196	105370.906	406.704007	1900.73198	0	0	0	0	3
123	63	0.245310283	1.21126435	102681.708	100953.471	90573.1196	105370.906	406.704007	1900.73198	0	0	0	0	3
124	64	0.248362822	1.22111203	103248.805	100938.349	90573.1196	105370.906	406.704007	1900.73198	0	0	0	0	3
125	64	0.251421139	1.23095971	102847.204	100940.053	90573.1196	105370.906	406.704007	1900.73198	0	0	0	0	3
126	65	0.254592767	1.24080739	101941.094	100939.953	90573.1196	105370.906	406.704007	1900.73198	0	0	0	0	3
127	65	0.25799955	1.25065506	102111.295	100952.122	90573.1196	105370.906	406.704007	1900.73198	0	0	0	0	3
128	66	0.261264542	1.26050274	100386.646	100944.858	90573.1196	105370.906	345.54947	1900.73198	0	0	0	0	3
129	66	0.264479529	1.27035042	98774.2397	100936.708	90573.1196	105370.906	328.438698	1900.73198	0	0	0	0	3
130	67	0.267194228	1.2801981	96748.9101	100883.896	90573.1196	105370.906	312.909006	1900.73198	0	0	0	0	3
131	67	0.268169143	1.29004578	101813.161	100928.914	90573.1196	105370.906	289.546738	1900.73198	0	0	0	0	3
132	68	0.269370399	1.29989345	101724.073	100961.636	90573.1196	105370.906	289.546738	1900.73198	0	0	0	0	3
133	68	0.271648209	1.30974113	101728.752	100985.608	90573.1196	105370.906	289.546738	1900.73198	0	0	0	0	3
134	69	0.273451527	1.31958881	102387.419	101113.42	90573.1196	105370.906	318.961113	1900.73198	0	0	0	0	3
135	70	0.275430408	1.32943649	102151.112	101160.379	90573.1196	105370.906	365.919613	1900.73198	0	0	0	0	3
136	70	0.277883173	1.33928416	100767.132	101179.791	90573.1196	105370.906	385.332098	1900.73198	0	0	0	0	3
137	71	0.280438986	1.34913184	101340.517	101207.928	90573.1196	105370.906	413.468617	1900.73198	0	0	0	0	3
138	72	0.283945062	1.35897952	99254.3143	101191.78	90573.1196	105370.906	413.468617	1900.73198	0	0	0	0	3
139	72	0.286844991	1.3688272	99768.4331	101173.09	90573.1196	105370.906	413.468617	1900.73198	0	0	0	0	3
140	73	0.288902756	1.37867487	99140.3685	101150.817	90573.1196	105370.906	413.468617	1900.73198	0	0	0	0	3
141	73	0.292360911	1.38852255	100563.428	101117.218	90573.1196	105370.906	413.468617	1900.73198	0	0	0	0	3
142	74	0.295445583	1.39837023	101997.554	101112.809	90573.1196	105370.906	413.468617	1900.73198	0	0	0	0	3
143	74	0.299339914	1.40821791	101744.844	101101.887	90573.1196	105370.906	413.468617	1900.73198	0	0	0	0	3
144	74	0.301229454	1.41806558	101969.159	101071.334	90573.1196	105370.906	413.468617	1900.73198	0	0	0	0	3
145	75	0.304325613	1.42791326	103209.932	101069.532	90573.1196	105370.906	413.468617	1900.73198	0	0	0	0	3
146	75	0.30711373	1.43776094	103061.829	101048.843	90573.1196	105370.906	413.468617	1900.73198	0	0	0	0	3
147	76	0.310098397	1.44760862	103287.177	101039.789	90573.1196	105370.906	413.468617	1900.73198	0	0	0	0	3
148	76	0.313219474	1.4574563	102990.403	101042.54	90573.1196	105370.906	413.468617	1900.73198	0	0	0	0	3
149	77	0.316561424	1.46730397	101717.869	101032.687	90573.1196	105370.906	413.468617	1900.73198	0	0	0	0	3
150	77	0.319755105	1.47715165	101624.907	101026.569	90573.1196	105370.906	413.468617	1900.73198	0	0	0	0	3
151	78	0.32314622	1.48699933	101334.928	101027.12	90573.1196	105370.906	413.468617	1900.73198	0	0	0	0	3
152	78	0.326270604	1.49684701	99383.4547	100997.317	90573.1196	105370.906	413.468617	1900.73198	0	0	0	0	3
153	79	0.328742236	1.50669468	97539.3179	100986.747	90573.1196	105370.906	413.468617	1900.73198	0	0	0	0	3
154	79	0.330169713	1.51654236	97637.8813	101002.724	90573.1196	105370.906	413.468617	1900.73198	0	0	0	0	3
155	80	0.33158615	1.52639004	97661.0684	100995.885	90573.1196	105370.906	413.468617	1900.73198	0	0	0	0	3
156	80	0.333243971	1.53623772	100250.612	101010.587	90573.1196	105370.906	413.468617	1900.73198	0	0	0	0	3
157	81	0.335476199	1.54608539	88146.6794	100781.97	88146.6794	105370.906	425.957596	1903.26331	0	0	0	0	3
158	82	0.336591377	1.55593307	104473.281	100906.856	88146.6794	105370.906	425.957596	1905.70423	0	0	0	0	3
159	82	0.33823337	1.56578075	97325.0242	100863.693	88146.6794	105370.906	425.957596	1905.35221	0	0	0	0	3
160	83	0.339978388	1.57562843	100742.615	100868.673	88146.6794	105370.906	425.957596	1905.01234	0	0	0	0	3
161	83	0.341666788	1.58547611	93262.3622	100729.941	88146.6794	105370.906	477.986873	1904.68398	0	0	0	0	3
162	84	0.343054533	1.59532378	99375.2761	100698.537	88146.6794	104588.112	509.390932	1904.36657	0	0	0	0	3
163	84	0.344862829	1.60517146	102026.816	100726.976	88146.6794	104588.112	509.390932	1904.05957	0	0	0	0	3
164	85	0.346802392	1.61501914	102416.599	100915.687	88146.6794	104588.112	509.390932	1903.76247	0	0	0	0	3
165	85	0.349207709	1.62486682	103609.023	101058.152	88146.6794	104588.112	509.390932	1903.4748	0	0	0	0	3
166	86	0.352549577	1.63471449	102946.264	101191.198	88146.6794	104588.112	509.390932	1903.19613	0	0	0	0	3
167	86	0.353576163	1.64456217	105074.789	101218.823	88146.6794	105074.789	520.286383	1902.92602	0	0	0	0	3
168	87	0.356361501	1.65440985	103023.992	101250.153	88146.6794	105074.789	551.616783	1902.6641	0	0	0	0	3
169	87	0.35876454	1.66425753	101519.461	101187.146	88146.6794	105074.789	551.616783	1902.41	0	0	0	0	3
170	88	0.362053622	1.6741052	102056.237	101178.276	88146.6794	105074.789	551.616783	1902.16338	0	0	0	0	3
171	88	0.364490032	1.68395288	102341.539	101155.536	88146.6794	105074.789	551.616783	1901.9239	0	0	0	0	3
172	88	0.367987573	1.69380056	103068.198	101131.222	88146.6794	105074.789	551.616783	1901.69126	0	0	0	0	3
173	89	0.370718847	1.70364824	103259.094	101104.386	88146.6794	105074.789	551.616783	1901.46518	0	0	0	0	3
174	89	0.37437411	1.71349592	103157.59	101127.21	88146.6794	105074.789	551.616783	1901.24538	0	0	0	0	3
175	90	0.377741345	1.72334359	102095.153	101102.346	88146.6794	105074.789	551.616783	1901.0316	0	0	0	0	3
176	90	0.381188052	1.73319127	101758.399	101078.648	88146.6794	105074.789	551.616783	1900.82359	0	0	0	0	3
177	91	0.384758514	1.74303895	101411.697	101066.77	88146.6794	105074.789	551.616783	1900.73198	0	0	0	0	3
178	91	0.387360092	1.75288663	100963.794	101037.19	88146.6794	105074.789	551.616783	1900.73198	0	0	0	0	3
179	92	0.390193966	1.7627343	98904.95	101006.798	88146.6794	105074.789	551.616783	1900.73198	0	0	0	0	3
180	92	0.392419755	1.77258198	98636.4187	101021.662	88146.6794	105074.789	551.616783	1900.73198	0	0	0	0	3
181	93	0.393806935	1.78242966	98058.1708	101080.806	88146.6794	105074.789	551.616783	1900.73198	0	0	0	0	3
182	94	0.395013574	1.79227734	98972.5105	101055.121	88146.6794	105074.789	551.616783	1900.73198	0	0	0	0	3
183	94	0.39709718	1.80212501	99539.5324	101024.106	88146.6794	105074.789	551.616783	1900.73198	0	0	0	0	3
184	95	0.398970291	1.81197269	101228.659	101014.509	88146.6794	105074.789	551.616783	1900.73198	0	0	0	0	3
185	95	0.400937051	1.82182037	104170.665	101043.78	88146.6794	105074.789	551.616783	1900.73198	0	0	0	0	3
186	96	0.403421108	1.83166805	101509.555	101035.699	88146.6794	105074.789	551.616783	1900.73198	0	0	0	0	3
187	97	0.405346123	1.84151572	99847.9368	101022.929	88146.6794	105074.789	551.616783	1900.73198	0	0	0	0	3
188	97	0.407987848	1.8513634	100989.798	101015.879	88146.6794	105074.789	551.616783	1900.73198	0	0	0	0	3
189	98	0.411379703	1.86121108	98917.0063	101008.48	88146.6794	105074.789	551.616783	1900.73198	0	0	0	0	3
190	98	0.413425385	1.87105876	97444.15	100979.285	88146.6794	105074.789	551.616783	1900.73198	0	0	0	0	3
191	99	0.416756244	1.88090644	99990.7645	100983.129	88146.6794	105074.789	551.616783	1900.73198	0	0	0	0	3
192	99	0.419881882	1.89075411	100174.593	100974.693	88146.6794	105074.789	551.616783	1900.73198	0	0	0	0	3
193	100	0.422943341	1.90060179	101273.492	100957.121	88146.6794	105074.789	551.616783	1900.73198	0	0	0	0	3
194	100	0.425477609	1.91044947	102832.822	100970.486	88146.6794	105074.789	551.616783	1900.73198	0	0	0	0	3
195	101	0.428772118	1.92029715	103721.204	101026.743	88146.6794	105074.789	551.616783	1900.73198	0	0	0	0	3
196	101	0.431279068	1.93014482	103704.238	101026.372	88146.6794	105074.789	551.616783	1900.73198	0	0	0	0	3
197	102	0.434031915	1.9399925	103501.802	101035.349	88146.6794	105074.789	551.616783	1900.73198	0	0	0	0	3
198	102	0.437001913	1.94984018	102951.226	101027.227	88146.6794	105074.789	551.616783	1900.73198	0	0	0	0	3
199	103	0.439985487	1.95968786	102282.102	101008.426	88146.6794	105074.789	551.616783	1900.73198	0	0	0	0	3
200	103	0.443122204	1.96953553	101614.625	101004.717	88146.6794	105074.789	551.616783	1900.73198	0	0	0	0	3
201	104	0.446146973	1.97938321	101977.53	101012.327	88146.6794	105074.789	551.616783	1900.73198	0	0	0	0	3
202	105	0.448220487	1.98923089	100593.603	100996.639	88146.6794	105074.789	551.616783	1900.73198	0	0	0	0	3
203	105	0.451114818	1.99907857	99839.4057	101010.182	88146.6794	105074.789	551.616783	1900.73198	0	0	0	0	3
204	106	0.453381073	2.00892625	97842.8767	101021.421	88146.6794	105074.789	551.616783	1900.73198	0	0	0	0	3
205	107	0.455133466	2.01877392	98449.1421	101024	88146.6794	105074.789	551.616783	1900.73198	0	0	0	0	3
206	107	0.456261658	2.0286216	94886.3679	101006.666	88146.6794	105074.789	551.616783	1900.73198	0	0	0	0	3
207	108	0.45743904	2.03846928	98660.1567	100994.513	88146.6794	105074.789	551.616783	1900.73198	0	0	0	0	3
208	108	0.459295611	2.04831696	98342.6424	101186.373	93262.3622	105074.789	551.616783	1900.73198	0	0	0	0	3
209	109	0.461603918	2.05816463	97229.4212	101083.988	93262.3622	105074.789	551.616783	1900.73198	0	0	0	0	3
210	109	0.463659154	2.06801231	97955.7926	101081.939	93262.3622	105074.789	551.616783	1900.73198	0	0	0	0	3
211	110	0.466463571	2.07785999	99908.1724	101060.596	93262.3622	105074.789	551.616783	1900.73198	0	0	0	0	3
212	110	0.469396992	2.08770767	100580.897	101152.66	94886.3679	105074.789	551.616783	1900.73198	0	0	0	0	3
213	111	0.471890701	2.09755534	99028.3748	101130.688	94886.3679	105074.789	523.177361	1900.73198	0	0	0	0	3
214	111	0.475036056	2.10740302	98497.3801	101054.612	94886.3679	105074.789	334.466711	1900.73198	0	0	0	0	3
215	112	0.477342844	2.1172507	102887.871	101066.771	94886.3679	105074.789	293.032967	1900.73198	0	0	0	0	3
216	113	0.479610909	2.12709838	102717.009	101048.581	94886.3679	105074.789	293.032967	1900.73198	0	0	0	0	3
217	113	0.482455804	2.13694606	103025.357	101043.053	94886.3679	105074.789	293.032967	1900.73198	0	0	0	0	3
218	113	0.485068198	2.14679373	102028.614	101031.157	94886.3679	104170.665	293.032967	1900.73198	0	0	0	0	3
219	114	0.488615305	2.15664141	102617.705	101031.738	94886.3679	104170.665	230.025042	1900.73198	0	0	0	0	3
220	114	0.491054945	2.16648909	103638.338	101070.949	94886.3679	104170.665	229.252312	1900.73198	0	0	0	0	3
221	115	0.493525335	2.17633677	104340.876	101107.742	94886.3679	104340.876	229.252312	1900.73198	0	0	0	0	3
222	115	0.496574209	2.18618444	103535.867	101141.032	94886.3679	104340.876	229.252312	1900.73198	0	0	0	0	3
223	115	0.499593291	2.19603212	103037.404	101133.319	94886.3679	104340.876	229.252312	1900.73198	0	0	0	0	3
224	116	0.502621412	2.2058798	102500.514	101120.688	94886.3679	104340.876	229.252312	1900.73198	0	0	0	0	3
225	116	0.505807868	2.21572748	101511.593	101073.518	94886.3679	104340.876	229.252312	1900.73198	0	0	0	0	3
226	117	0.509137983	2.22557515	102075.327	101072.726	94886.3679	104340.876	229.252312	1900.73198	0	0	0	0	3
227	117	0.512349617	2.23542283	100897.971	101050.429	94886.3679	104340.876	229.252312	1900.73198	0	0	0	0	3
228	118	0.515286855	2.24527051	98684.5056	100987.307	94886.3679	104340.876	229.252312	1900.73198	0	0	0	0	3
229	118	0.517863758	2.25511819	98073.8991	100930.248	94886.3679	104340.876	256.124475	1900.73198	0	0	0	0	3
230	119	0.518977469	2.26496586	98118.0233	100950.495	94886.3679	104340.876	256.124475	1900.73198	0	0	0	0	3
231	120	0.520211918	2.27481354	98118.9566	100963.448	94886.3679	104340.876	256.124475	1900.73198	0	0	0	0	3
232	120	0.522042556	2.28466122	101285.273	100999.47	94886.3679	104340.876	256.124475	1900.73198	0	0	0	0	3
233	121	0.524223208	2.2945089	93197.848	100886.732	93197.848	104340.876	299.641091	1900.73198	0	0	0	0	3
234	121	0.525790049	2.30435658	99503.156	100891.699	93197.848	104340.876	299.641091	1900.73198	0	0	0	0	3
235	122	0.528311257	2.31420425	99688.5913	100863.367	93197.848	104340.876	323.005999	1900.73198	0	0	0	0	3
236	122	0.530882186	2.32405193	100360.873	100803.368	93197.848	104340.876	383.00467	1900.73198	0	0	0	0	3
237	123	0.533668087	2.33389961	102852.364	100833.727	93197.848	104340.876	383.00467	1900.73198	0	0	0	0	3
238	124	0.535605152	2.34374729	95448.2109	100768.208	93197.848	104340.876	418.16521	1900.73198	0	0	0	0	3
239	124	0.538265263	2.35359496	97270.3152	100692.291	93197.848	104340.876	494.081363	1900.73198	0	0	0	0	3
240	124	0.539567676	2.36344264	101765.143	100750.166	93197.848	104340.876	494.081363	1900.73198	0	0	0	0	3
241	125	0.541108901	2.37329032	100399.324	100798.898	93197.848	104340.876	494.081363	1900.73198	0	0	0	0	3
242	125	0.543864732	2.383138	102698.734	100861.266	93197.848	104340.876	494.081363	1900.73198	0	0	0	0	3
243	126	0.546761544	2.39298567	103758.107	100944.32	93197.848	104340.876	494.081363	1900.73198	0	0	0	0	3
244	126	0.548488166	2.40283335	101623.284	100945.631	93197.848	104340.876	494.081363	1900.73198	0	0	0	0	3
245	127	0.550615407	2.41268103	102765.047	100938.34	93197.848	104340.876	494.081363	1900.73198	0	0	0	0	3
246	127	0.554315836	2.42252871	102966.037	100925.079	93197.848	104340.876	494.081363	1900.73198	0	0	0	0	3
247	128	0.556912773	2.43237639	103083.208	100914.233	93197.848	104340.876	494.081363	1900.73198	0	0	0	0	3
248	128	0.559800188	2.44222406	104119.227	100931.176	93197.848	104340.876	494.081363	1900.73198	0	0	0	0	3
249	128	0.562802463	2.45207174	103139.047	100936.177	93197.848	104340.876	494.081363	1900.73198	0	0	0	0	3
250	129	0.565930125	2.46191942	102304.775	100938.28	93197.848	104340.876	494.081363	1900.73198	0	0	0	0	3
251	129	0.56921284	2.4717671	101729.779	100942.061	93197.848	104340.876	494.081363	1900.73198	0	0	0	0	3
252	130	0.572541103	2.48161477	101706.601	100937.413	93197.848	104340.876	494.081363	1900.73198	0	0	0	0	3
253	130	0.575499483	2.49146245	100787.214	100939.523	93197.848	104340.876	494.081363	1900.73198	0	0	0	0	3
254	131	0.578478948	2.50131013	98772.6037	100913.832	93197.848	104340.876	494.081363	1900.73198	0	0	0	0	3
255	131	0.580321605	2.51115781	98146.2665	100928.483	93197.848	104340.876	494.081363	1900.73198	0	0	0	0	3
256	132	0.581588179	2.52100548	99114.7125	100944.675	93197.848	104340.876	494.081363	1900.73198	0	0	0	0	3
257	133	0.582855188	2.53085316	99829.0276	100987.5	93197.848	104340.876	494.081363	1900.73198	0	0	0	0	3
258	133	0.584765667	2.54070084	101252.69	101013	93197.848	104340.876	494.081363	1900.73198	0	0	0	0	3
259	134	0.586799339	2.55054852	94766.6591	100952.254	93197.848	104340.876	460.368905	1900.73198	0	0	0	0	3
260	134	0.588591137	2.5603962	99662.4289	101001.727	93197.848	104340.876	460.368905	1900.73198	0	0	0	0	3
261	135	0.591512971	2.57024387	99293.5932	101011.654	93197.848	104340.876	460.368905	1900.73198	0	0	0	0	3
262	135	0.592543352	2.58009155	100579.069	101032.664	93197.848	104340.876	460.368905	1900.73198	0	0	0	0	3
263	136	0.59518568	2.58993923	96031.7615	100938.149	93197.848	104340.876	448.740218	1900.73198	0	0	0	0	3
264	137	0.596126307	2.59978691	89691.2107	100891.329	89691.2107	104340.876	448.740218	1900.73198	0	0	0	0	3
265	137	0.597046651	2.60963458	90023.4251	100871.065	89691.2107	104340.876	448.740218	1900.73198	0	0	0	0	3
266	138	0.59816342	2.61948226	98992.6365	100815.196	89691.2107	104340.876	448.740218	1900.73198	0	0	0	0	3
267	138	0.599261294	2.62932994	95920.5891	100734.235	89691.2107	104340.876	448.740218	1900.73198	0	0	0	0	3
268	139	0.600346714	2.63917762	103896.456	100708.061	89691.2107	104340.876	448.740218	1900.73198	0	0	0	0	3
269	139	0.60146817	2.64902529	104857.279	100718.399	89691.2107	104857.279	448.740218	1900.73198	0	0	0	0	3
270	140	0.602769863	2.65887297	101753.403	100671.184	89691.2107	104857.279	469.847534	1900.73198	0	0	0	0	3
271	140	0.60438795	2.66872065	105107.333	100670.648	89691.2107	105107.333	470.383194	1900.73198	0	0	0	0	3
272	141	0.606572723	2.67856833	103512.929	100645.374	89691.2107	105107.333	495.657201	1900.73198	0	0	0	0	3
273	141	0.609109991	2.688416	104878.541	100662.506	89691.2107	105107.333	487.944479	1900.73198	0	0	0	0	3
274	142	0.611152463	2.69826368	103237.458	100645.379	89691.2107	105107.333	475.313633	1900.73198	0	0	0	0	3
275	142	0.613884412	2.70811136	101976.672	100627.578	89691.2107	105107.333	445.939529	1900.73198	0	0	0	0	3
276	143	0.616823932	2.71795904	102573.63	100653.733	89691.2107	105107.333	445.148452	1900.73198	0	0	0	0	3
277	143	0.619569704	2.72780672	103235.118	100675.047	89691.2107	105107.333	422.851045	1900.73198	0	0	0	0	3
278	144	0.623886168	2.73765439	103109.966	100762.86	89691.2107	105107.333	405.085577	1900.73198	0	0	0	0	3
279	144	0.626585753	2.74750207	103473.133	100883.447	89691.2107	105107.333	405.085577	1900.73198	0	0	0	0	3
280	145	0.630005367	2.75734975	102158.127	100986.877	89691.2107	105107.333	405.085577	1900.73198	0	0	0	0	3
281	145	0.633163281	2.76719743	101775.304	101036.663	89691.2107	105107.333	409.085403	1900.73198	0	0	0	0	3
282	146	0.636276814	2.7770451	101081.519	101068.899	89691.2107	105107.333	441.320981	1900.73198	0	0	0	0	3
283	146	0.637879968	2.78689278	101594.037	101072.747	89691.2107	105107.333	445.169263	1900.73198	0	0	0	0	3
284	147	0.640603632	2.79674046	99453.4885	101182.406	89691.2107	105107.333	554.827748	1900.73198	0	0	0	0	3
285	147	0.64318666	2.80658814	97304.6396	101119.497	89691.2107	105107.333	554.827748	1900.73198	0	0	0	0	3
286	148	0.64441589	2.81643581	98773.5384	101125.732	89691.2107	105107.333	554.827748	1900.73198	0	0	0	0	3
287	148	0.645466715	2.82628349	101058.685	101142.278	89691.2107	105107.333	554.827748	1900.73198	0	0	0	0	3
288	149	0.647392039	2.83613117	102181.82	101117.985	89691.2107	105107.333	554.827748	1900.73198	0	0	0	0	3
289	150	0.649320849	2.84597885	97415.2399	101151.761	89691.2107	105107.333	554.827748	1900.73198	0	0	0	0	3
290	150	0.651584275	2.85582653	99041.573	101200.727	89691.2107	105107.333	573.149411	1900.73198	0	0	0	0	3
291	151	0.653616055	2.8656742	98851.6134	101152.432	89691.2107	105107.333	573.149411	1900.73198	0	0	0	0	3
292	151	0.656085711	2.87552188	100913.056	101157.386	89691.2107	105107.333	573.149411	1900.73198	0	0	0	0	3
293	152	0.658631467	2.88536956	101921.449	101137.323	89691.2107	105107.333	573.149411	1900.73198	0	0	0	0	3
294	153	0.661568758	2.89521724	99267.0683	101023.345	89691.2107	105107.333	573.149411	1900.73198	0	0	0	0	3
295	153	0.663815932	2.90506491	100114.128	100996.647	89691.2107	105107.333	573.149411	1900.73198	0	0	0	0	3
296	154	0.667153001	2.91491259	100423.583	100947.958	89691.2107	105107.333	573.149411	1900.73198	0	0	0	0	3
297	154	0.66986863	2.92476027	101262.022	100890.712	89691.2107	105107.333	573.149411	1900.73198	0	0	0	0	3
298	155	0.672607542	2.93460795	101996.405	100867.674	89691.2107	105107.333	573.149411	1900.73198	0	0	0	0	3
299	155	0.675714936	2.94445562	101871.374	100813.585	89691.2107	105107.333	573.149411	1900.73198	0	0	0	0	3
300	156	0.678205751	2.9543033	102626.813	100792.223	89691.2107	105107.333	573.149411	1900.73198	0	0	0	0	3
301	157	0.681549576	2.96415098	103529.985	100830.485	89691.2107	105107.333	573.149411	1900.73198	0	0	0	0	3
302	157	0.68427967	2.97399866	102733.401	100849.978	89691.2107	105107.333	573.149411	1900.73198	0	0	0	0	3
303	157	0.687167866	2.98384633	103014.192	100879.637	89691.2107	105107.333	573.149411	1900.73198	0	0	0	0	3
304	158	0.690135894	2.99369401	103119.957	100940.025	89691.2107	105107.333	573.149411	1900.73198	0	0	0	0	3
305	158	0.693397606	3.00354169	101863.435	101022.428	89691.2107	105107.333	573.149411	1900.73198	0	0	0	0	3
306	159	0.69656592	3.01338937	101688.466	101086.173	89691.2107	105107.333	573.149411	1900.73198	0	0	0	0	3
307	159	0.699972252	3.02323705	101316.28	101113.887	89691.2107	105107.333	573.149411	1900.73198	0	0	0	0	3
308	160	0.703123121	3.03308472	99577.0169	101087.159	89691.2107	105107.333	573.149411	1900.73198	0	0	0	0	3
309	161	0.705588616	3.0429324	97506.5887	101011.477	89691.2107	105107.333	573.149411	1900.73198	0	0	0	0	3
310	161	0.707387259	3.05278008	97329.4416	101061.873	89691.2107	105107.333	573.149411	1900.73198	0	0	0	0	3
311	162	0.708720511	3.06262776	97860.6412	101047.218	89691.2107	105107.333	573.149411	1900.73198	0	0	0	0	3
312	163	0.710580402	3.07247543	102252.256	101109.074	89691.2107	105107.333	573.149411	1900.73198	0	0	0	0	3
313	163	0.712809491	3.08232311	92917.6384	100961.79	89691.2107	105107.333	573.149411	1900.73198	0	0	0	0	3
314	164	0.713882783	3.09217079	103223.076	101091.985	89691.2107	105107.333	573.149411	1900.73198	0	0	0	0	3
315	165	0.716160251	3.10201847	97703.2427	101117.029	90023.4251	105107.333	573.149411	1900.73198	0	0	0	0	3
316	165	0.718504865	3.11186614	99209.05	101164.259	92917.6384	105107.333	573.149411	1900.73198	0	0	0	0	3
317	166	0.720748952	3.12171382	101412.464	101188.586	92917.6384	105107.333	573.149411	1900.73198	0	0	0	0	3
318	167	0.723819127	3.1315615	100630.058	101221.252	92917.6384	105107.333	593.674265	1900.73198	0	0	0	0	3
319	167	0.726886307	3.14140918	99187.6331	101149.012	92917.6384	105107.333	593.674265	1900.73198	0	0	0	0	3
320	168	0.729176315	3.15125686	100494.998	101104.721	92917.6384	105107.333	593.674265	1900.73198	0	0	0	0	3
321	168	0.732293083	3.16110453	102013.485	101120.07	92917.6384	105107.333	593.674265	1900.73198	0	0	0	0	3
322	169	0.734962104	3.17095221	102803.49	101105.07	92917.6384	104878.541	593.674265	1900.73198	0	0	0	0	3
323	169	0.7374039	3.18079989	102388.647	101088.817	92917.6384	104878.541	593.674265	1900.73198	0	0	0	0	3
324	170	0.740442842	3.19064757	102904.487	101057.615	92917.6384	103529.985	593.674265	1900.73198	0	0	0	0	3
325	170	0.74396121	3.20049524	102934.551	101073.815	92917.6384	103529.985	593.674265	1900.73198	0	0	0	0	3
326	171	0.746389974	3.21034292	103304.146	101096.081	92917.6384	103529.985	567.519651	1900.73198	0	0	0	0	3
327	171	0.749342526	3.2201906	104152.418	101131.402	92917.6384	104152.418	546.204916	1900.73198	0	0	0	0	3
328	171	0.75254549	3.23003828	103174.326	101137.171	92917.6384	104152.418	458.392526	1900.73198	0	0	0	0	3
329	172	0.756021848	3.23988595	102030.584	101096.23	92917.6384	104152.418	429.029048	1900.73198	0	0	0	0	3
330	172	0.759182136	3.24973363	101710.55	101062.48	92917.6384	104152.418	429.029048	1900.73198	0	0	0	0	3
331	173	0.762709479	3.25958131	101235.073	101038.834	92917.6384	104152.418	429.029048	1900.73198	0	0	0	0	3
332	173	0.765857864	3.26942899	99910.7265	100994.541	92917.6384	104152.418	429.029048	1900.73198	0	0	0	0	3
333	174	0.768266302	3.27927667	97952.6465	100936.983	92917.6384	104152.418	429.029048	1900.73198	0	0	0	0	3
334	175	0.770274351	3.28912434	97193.104	100872.243	92917.6384	104152.418	429.029048	1900.73198	0	0	0	0	3
335	175	0.771666373	3.29897202	97122.8303	100861.904	92917.6384	104152.418	429.029048	1900.73198	0	0	0	0	3
336	176	0.773382268	3.3088197	100438.275	100926.895	92917.6384	104152.418	429.029048	1900.73198	0	0	0	0	3
337	176	0.775551282	3.31866738	93209.2832	100819.429	92917.6384	104152.418	429.029048	1900.73198	0	0	0	0	3
338	177	0.777067778	3.32851505	100124.585	100809.512	92917.6384	104152.418	429.029048	1900.73198	0	0	0	0	3
339	178	0.779173283	3.33836273	98636.9934	100754.751	92917.6384	104152.418	466.501009	1900.73198	0	0	0	0	3
340	178	0.781500798	3.34821041	102941.663	100841.991	92917.6384	104152.418	466.501009	1900.73198	0	0	0	0	3
341	179	0.783750541	3.35805809	100348.589	100864.426	92917.6384	104152.418	466.501009	1900.73198	0	0	0	0	3
342	179	0.786463934	3.36790576	100286.443	100883.404	92917.6384	104152.418	466.501009	1900.73198	0	0	0	0	3
343	180	0.789713029	3.37775344	98299.983	100820.042	92917.6384	104152.418	466.501009	1900.73198	0	0	0	0	3
344	180	0.791922653	3.38760112	100321.699	100790.744	92917.6384	104152.418	466.501009	1900.73198	0	0	0	0	3
345	181	0.794205244	3.3974488	99566.6436	100803.421	92917.6384	104152.418	466.501009	1900.73198	0	0	0	0	3
346	181	0.797004678	3.40729647	103428.538	100870.227	92917.6384	104152.418	466.501009	1900.73198	0	0	0	0	3
347	182	0.799948586	3.41714415	102993.51	100928.521	92917.6384	104152.418	466.501009	1900.73198	0	0	0	0	3
348	182	0.802947277	3.42699183	103586.081	100981.599	92917.6384	104152.418	466.501009	1900.73198	0	0	0	0	3
349	182	0.806389428	3.43683951	103905.522	101036.054	92917.6384	104152.418	466.501009	1900.73198	0	0	0	0	3
350	183	0.809563457	3.44668719	103138.693	101066.523	92917.6384	104152.418	466.501009	1900.73198	0	0	0	0	3
351	183	0.812438569	3.45653486	103452.722	101088.68	92917.6384	104152.418	466.501009	1900.73198	0	0	0	0	3
352	184	0.81548654	3.46638254	103061.272	101072.621	92917.6384	104152.418	466.501009	1900.73198	0	0	0	0	3
353	184	0.818782789	3.47623022	101855.155	101058.088	92917.6384	104152.418	466.501009	1900.73198	0	0	0	0	3
354	185	0.821967634	3.4860779	101582.24	101028.561	92917.6384	104152.418	466.501009	1900.73198	0	0	0	0	3
355	185	0.824544873	3.49592557	101176.281	100985.211	92917.6384	104152.418	466.501009	1900.73198	0	0	0	0	3
356	186	0.826988273	3.50577325	101158.726	100966.942	92917.6384	104152.418	466.501009	1900.73198	0	0	0	0	3
357	186	0.829830546	3.51562093	99001.7358	100907.874	92917.6384	104152.418	466.501009	1900.73198	0	0	0	0	3
358	187	0.832413421	3.52546861	97953.1613	100839.747	92917.6384	104152.418	466.501009	1900.73198	0	0	0	0	3
359	187	0.833415013	3.53531628	98205.7603	100850.036	92917.6384	104152.418	466.501009	1900.73198	0	0	0	0	3
360	188	0.83451384	3.54516396	97682.2009	100886.975	92917.6384	104152.418	466.501009	1900.73198	0	0	0	0	3
361	189	0.83639095	3.55501164	97769.6027	100891.216	92917.6384	104152.418	466.501009	1900.73198	0	0	0	0	3
362	189	0.838545544	3.56485932	97396.6964	100864.343	92917.6384	104152.418	466.501009	1900.73198	0	0	0	0	3
363	190	0.840938106	3.574707	98343.8663	100798.28	92917.6384	104152.418	466.501009	1900.73198	0	0	0	0	3
364	191	0.843126384	3.58455467	98672.2011	100897.379	93209.2832	104152.418	466.501009	1900.73198	0	0	0	0	3
365	191	0.845773549	3.59440235	97890.0139	100818.092	93209.2832	104152.418	466.501009	1900.73198	0	0	0	0	3
366	192	0.848462206	3.60425003	100279.411	100860.765	93209.2832	104152.418	466.501009	1900.73198	0	0	0	0	3
367	192	0.851301903	3.61409771	99549.3051	100861.883	93209.2832	104152.418	466.501009	1900.73198	0	0	0	0	3
368	193	0.85378458	3.62394538	99907.3045	100834.781	93209.2832	104152.418	466.501009	1900.73198	0	0	0	0	3
369	193	0.856822261	3.63379306	100520.647	100832.332	93209.2832	104152.418	394.261206	1900.73198	0	0	0	0	3
370	194	0.859553187	3.64364074	103353.044	100922.245	93209.2832	104152.418	382.419315	1900.73198	0	0	0	0	3
371	194	0.86180898	3.65348842	102972.73	100964.496	93209.2832	104152.418	382.419315	1900.73198	0	0	0	0	3
372	195	0.8647098	3.66333609	103409.92	100993.377	93209.2832	104152.418	382.419315	1900.73198	0	0	0	0	3
373	195	0.867911636	3.67318377	103849.196	101025.815	93209.2832	104152.418	382.419315	1900.73198	0	0	0	0	3
374	196	0.870571536	3.68303145	105027.442	101080.755	93209.2832	105027.442	382.419315	1900.73198	0	0	0	0	3
375	196	0.87357878	3.69287913	103734.585	101099.071	93209.2832	105027.442	382.419315	1900.73198	0	0	0	0	3
376	196	0.876608932	3.70272681	102977.765	101093.302	93209.2832	105027.442	382.419315	1900.73198	0	0	0	0	3
377	197	0.87959446	3.71257448	102700.089	101089.004	93209.2832	105027.442	382.419315	1900.73198	0	0	0	0	3
378	197	0.882776562	3.72242216	101820.471	101038.663	93209.2832	105027.442	382.419315	1900.73198	0	0	0	0	3
379	198	0.886143458	3.73226984	102115.743	101014.605	93209.2832	105027.442	344.319413	1900.73198	0	0	0	0	3
380	199	0.889430246	3.74211752	101027.259	100988.442	93209.2832	105027.442	344.319413	1900.73198	0	0	0	0	3
381	199	0.892597084	3.75196519	98618.4922	100915.083	93209.2832	105027.442	344.319413	1900.73198	0	0	0	0	3
382	200	0.894912006	3.76181287	98202.7616	100859.051	93209.2832	105027.442	344.319413	1900.73198	0	0	0	0	3
383	200	0.896072276	3.77166055	97088.7492	100848.385	93209.2832	105027.442	344.319413	1900.73198	0	0	0	0	3
384	201	0.897205718	3.78150823	99243.6981	100888.368	93209.2832	105027.442	344.319413	1900.73198	0	0	0	0	3
385	201	0.899265437	3.7913559	95394.6475	100858.17	93209.2832	105027.442	344.319413	1900.73198	0	0	0	0	3
386	202	0.901300352	3.80120358	98646.954	100863.57	93209.2832	105027.442	344.319413	1900.73198	0	0	0	0	3
387	203	0.903615003	3.81105126	99297.0996	100841.332	93209.2832	105027.442	344.319413	1900.73198	0	0	0	0	3
388	203	0.906275323	3.82089894	100537.519	100961.783	95394.6475	105027.442	344.319413	1900.73198	0	0	0	0	3
389	204	0.909216626	3.83074661	99281.7114	100933.996	95394.6475	105027.442	344.319413	1900.73198	0	0	0	0	3
390	204	0.911850988	3.84059429	99646.5502	100944.885	95394.6475	105027.442	308.3264	1900.73198	0	0	0	0	3
391	205	0.91513056	3.85044197	99147.7889	100866.001	95394.6475	105027.442	308.3264	1900.73198	0	0	0	0	3
392	205	0.91779485	3.86028965	100790.331	100873.181	95394.6475	105027.442	308.3264	1900.73198	0	0	0	0	3
393	206	0.920434464	3.87013733	101878.298	100904.869	95394.6475	105027.442	308.3264	1900.73198	0	0	0	0	3
394	206	0.923151963	3.879985	102428.923	100999.332	95394.6475	105027.442	308.3264	1900.73198	0	0	0	0	3
395	207	0.926124004	3.88983268	102452	101042.661	95394.6475	105027.442	300.790423	1900.73198	0	0	0	0	3
396	207	0.928642553	3.89968036	103529.804	101114.316	95394.6475	105027.442	316.035668	1900.73198	0	0	0	0	3
397	208	0.932401116	3.90952804	103288.313	101126.817	95394.6475	105027.442	328.536674	1900.73198	0	0	0	0	3
398	208	0.934853991	3.91937571	103605.356	101131.147	95394.6475	105027.442	332.866955	1900.73198	0	0	0	0	3
399	208	0.937639217	3.92922339	104295.551	101141.927	95394.6475	105027.442	343.647064	1900.73198	0	0	0	0	3
400	209	0.940795817	3.93907107	103294.727	101121.711	95394.6475	105027.442	343.647064	1900.73198	0	0	0	0	3
401	210	0.944147573	3.94891875	102010.368	101096.274	95394.6475	105027.442	343.647064	1900.73198	0	0	0	0	3
402	210	0.9473302	3.95876642	101901.91	101065.056	95394.6475	105027.442	343.647064	1900.73198	0	0	0	0	3
403	211	0.950685606	3.9686141	101167.81	101022.603	95394.6475	105027.442	343.647064	1900.73198	0	0	0	0	3
404	211	0.953278734	3.97846178	100609.248	100994.229	95394.6475	105027.442	343.647064	1900.73198	0	0	0	0	3
405	212	0.955606844	3.98830946	98237.5834	100932.193	95394.6475	105027.442	343.647064	1900.73198	0	0	0	0	3
406	213	0.958559409	3.99815714	94753.0165	100791.361	94753.0165	105027.442	350.565981	1900.73198	0	0	0	0	3
407	213	0.959073237	4.00800481	109206.781	100817.303	94753.0165	109206.781	350.565981	1900.73198	0	0	0	0	3
408	214	0.960103065	4.01785249	103134.841	100875.235	94753.0165	109206.781	350.565981	1900.73198	0	0	0	0	3
409	214	0.962297779	4.02770017	99851.8798	100916.051	94753.0165	109206.781	350.565981	1900.73198	0	0	0	0	3
410	215	0.964072278	4.03754785	97931.4752	100896.293	94753.0165	109206.781	350.565981	1900.73198	0	0	0	0	3
411	216	0.966508026	4.04739552	99044.4203	100888.877	94753.0165	109206.781	350.565981	1900.73198	0	0	0	0	3
412	216	0.969397779	4.0572432	98891.4908	100889.503	94753.0165	109206.781	350.565981	1900.73198	0	0	0	0	3
413	217	0.971782776	4.06709088	97335.9395	100882.375	94753.0165	109206.781	350.565981	1900.73198	0	0	0	0	3
414	217	0.974884357	4.07693856	99382.1413	100892.98	94753.0165	109206.781	350.565981	1900.73198	0	0	0	0	3
415	218	0.976942387	4.08678623	97666.4073	100879.672	94753.0165	109206.781	350.565981	1900.73198	0	0	0	0	3
416	218	0.979849969	4.09663391	100331.567	100926.813	94753.0165	109206.781	350.565981	1900.73198	0	0	0	0	3
417	219	0.982646665	4.10648159	100872.059	100938.644	94753.0165	109206.781	350.565981	1900.73198	0	0	0	0	3
418	219	0.985560794	4.11632927	103581.89	101025.402	94753.0165	109206.781	350.565981	1900.73198	0	0	0	0	3
419	220	0.988873438	4.12617695	102349.725	101078.426	94753.0165	109206.781	350.565981	1900.73198	0	0	0	0	3
420	220	0.991630302	4.13602462	103236.176	101135.121	94753.0165	109206.781	350.565981	1900.73198	0	0	0	0	3
421	220	0.995155238	4.1458723	103934.979	101163.235	94753.0165	109206.781	371.873835	1900.73198	0	0	0	0	3
422	221	0.997769844	4.15571998	103396.876	101176.167	94753.0165	109206.781	384.80581	1900.73198	0	0	0	0	3
423	221	1	4.16556766	104570.046	101184.218	94753.0165	109206.781	392.856391	1900.73198	0	0	0	0	3
