Iteration	CPUTime	PhysTime	Travels	Value	AvValue	MinValue	MaxValue	Delta	Criteria	PrevAvRefValue	Progress	CriteriaType	CriteriaVarType	CriteriaPercentage
1	2	0.000239292501	0.00984767767	293.198291	293.198291	293.198291	293.198291	0	0	0	0	0	0	3
2	3	0.000461864813	0.0196953553	293.20247	293.200305	293.198291	293.20247	0.00201359546	0	0	0	0	0	3
3	3	0.000677908924	0.029543033	293.202943	293.201146	293.198291	293.202943	0.00285430098	0	0	0	0	0	3
4	3	0.000890520582	0.0393907107	293.202977	293.201583	293.198291	293.202977	0.00329160875	0	0	0	0	0	3
5	4	0.00110745405	0.0492383884	293.202964	293.201853	293.198291	293.202977	0.00356208478	0	0	0	0	0	3
6	4	0.00148044698	0.059086066	293.202777	293.202086	293.198291	293.202977	0.00379482698	0	0	0	0	0	3
7	5	0.00191463425	0.0689337437	293.202621	293.202207	293.198291	293.202977	0.00391613097	0	0	0	0	0	3
8	5	0.00237309159	0.0787814214	293.202716	293.202306	293.198291	293.202977	0.0040144512	0	0	0	0	0	3
9	6	0.00284780299	0.0886290991	293.20279	293.202386	293.198291	293.202977	0.00409515067	0	0	0	0	0	3
10	6	0.00334366708	0.0984767767	293.20287	293.202458	293.198291	293.202977	0.00416688193	0	0	0	0	0	3
11	6	0.00412847249	0.108324454	293.202879	293.202538	293.198291	293.202977	0.00424688196	0	0	0	0	0	3
12	7	0.00491303499	0.118172132	293.202934	293.202601	293.198291	293.202977	0.00431006316	0	0	0	0	0	3
13	7	0.00568252719	0.12801981	293.202957	293.20265	293.198291	293.202977	0.0043582749	0	0	0	0	0	3
14	8	0.00642099771	0.137867487	293.202852	293.202673	293.198291	293.202977	0.00438158284	0	0	0	0	0	3
15	8	0.00704977096	0.147715165	293.203121	293.202713	293.198291	293.203121	0.00442151404	0	0	0	0	0	3
16	9	0.00806238643	0.157562843	293.203051	293.202755	293.198291	293.203121	0.0044640392	0	0	0	0	0	3
17	9	0.00872819021	0.16741052	293.203057	293.202778	293.198291	293.203121	0.00448704369	0	0	0	0	0	3
18	10	0.00937690945	0.177258198	293.203144	293.202804	293.198291	293.203144	0.00451233343	0	0	0	0	0	3
19	10	0.0100558151	0.187105876	293.203104	293.202824	293.198291	293.203144	0.00453264281	0	0	0	0	0	3
20	11	0.0109208156	0.196953553	293.203231	293.202856	293.198291	293.203231	0.00456491423	0	0	0	0	0	3
21	12	0.0122399002	0.206801231	293.203571	293.202933	293.198291	293.203571	0.00464189678	0	0	0	0	0	3
22	12	0.0136673304	0.216648909	293.203729	293.203016	293.198291	293.203729	0.00472499055	0	0	0	0	0	3
23	13	0.0146824142	0.226496586	293.203642	293.20306	293.198291	293.203729	0.00476822601	0	0	0	0	0	3
24	13	0.0153970185	0.236344264	293.2033	293.203071	293.198291	293.203729	0.004779402	0	0	0	0	0	3
25	14	0.0161381137	0.246191942	293.204551	293.203139	293.198291	293.204551	0.00484736491	0	0	0	0	0	3
26	15	0.0172029459	0.25603962	293.204401	293.203217	293.198291	293.204551	0.00492552025	0	0	0	0	0	3
27	15	0.0181916089	0.265887297	293.202902	293.2032	293.198291	293.204551	0.00492552025	0	0	0	0	0	3
28	16	0.0198348944	0.275734975	293.203513	293.203226	293.198291	293.204551	0.00493431331	0	0	0	0	0	3
29	16	0.0214866862	0.285582653	293.203534	293.203249	293.198291	293.204551	0.0049580482	0	0	0	0	0	3
30	17	0.0232888397	0.29543033	293.202253	293.203172	293.198291	293.204551	0.0049580482	0	0	0	0	0	3
31	17	0.023743698	0.305278008	293.20493	293.203206	293.198291	293.20493	0.0049580482	0	0	0	0	0	3
32	18	0.0250962467	0.315125686	293.204449	293.203273	293.198291	293.20493	0.00498157752	0	0	0	0	0	3
33	18	0.0267276297	0.324973363	293.203202	293.203269	293.198291	293.20493	0.00498157752	0	0	0	0	0	3
34	19	0.0293359081	0.334821041	293.203608	293.203299	293.198291	293.20493	0.00500742816	0	0	0	0	0	3
35	20	0.0316622466	0.344668719	293.203692	293.203328	293.198291	293.20493	0.00503629913	0	0	0	0	0	3
36	20	0.0333730344	0.354516396	293.203736	293.203349	293.198291	293.20493	0.00505723069	0	0	0	0	0	3
37	21	0.035871259	0.364364074	293.203489	293.203358	293.198291	293.20493	0.00506704629	0	0	0	0	0	3
38	21	0.0389525603	0.374211752	293.202951	293.203326	293.198291	293.20493	0.00506704629	0	0	0	0	0	3
39	22	0.0409889882	0.384059429	293.203154	293.203318	293.198291	293.20493	0.00506704629	0	0	0	0	0	3
40	22	0.043735534	0.393907107	293.202952	293.203295	293.198291	293.20493	0.00506704629	0	0	0	0	0	3
41	23	0.0463545784	0.403754785	293.202864	293.20327	293.198291	293.20493	0.00506704629	0	0	0	0	0	3
42	23	0.0489745628	0.413602462	293.20289	293.20325	293.198291	293.20493	0.00506704629	0	0	0	0	0	3
43	24	0.0515646362	0.42345014	293.202764	293.203226	293.198291	293.20493	0.00506704629	0	0	0	0	0	3
44	24	0.0540285828	0.433297818	293.202601	293.203197	293.198291	293.20493	0.00506704629	0	0	0	0	0	3
45	24	0.0567835894	0.443145495	293.202589	293.203168	293.198291	293.20493	0.00506704629	0	0	0	0	0	3
46	25	0.0597792883	0.452993173	293.202669	293.203143	293.198291	293.20493	0.00506704629	0	0	0	0	0	3
47	25	0.0629026431	0.462840851	293.202771	293.203124	293.198291	293.20493	0.00506704629	0	0	0	0	0	3
48	26	0.0662688484	0.472688528	293.202978	293.203117	293.198291	293.20493	0.00506704629	0	0	0	0	0	3
49	26	0.0698564367	0.482536206	293.203056	293.203114	293.198291	293.20493	0.00506704629	0	0	0	0	0	3
50	27	0.0725778776	0.492383884	293.203256	293.203119	293.198291	293.20493	0.00506704629	0	0	0	0	0	3
51	27	0.0753412154	0.502231561	293.203636	293.203138	293.198291	293.20493	0.00506704629	0	0	0	0	0	3
52	28	0.0776696209	0.512079239	293.204032	293.20318	293.202253	293.20493	0.0026769589	0	0	0	0	0	3
53	28	0.0789351348	0.521926917	293.203587	293.203188	293.202253	293.20493	0.00221274531	0	0	0	0	0	3
54	29	0.0800986661	0.531774594	293.203991	293.203201	293.202253	293.20493	0.00177543754	0	0	0	0	0	3
55	29	0.0821323496	0.541622272	293.203618	293.203212	293.202253	293.20493	0.00150496151	0	0	0	0	0	3
56	30	0.0842243421	0.55146995	293.203691	293.203225	293.202253	293.20493	0.00127221931	0	0	0	0	0	3
57	31	0.0863671123	0.561317627	293.201988	293.203195	293.201988	293.20493	0.00115091532	0	0	0	0	0	3
58	31	0.0872316101	0.571165305	293.205909	293.203226	293.201988	293.205909	0.00105259509	0	0	0	0	0	3
59	32	0.088337208	0.581012983	293.203928	293.203237	293.201988	293.205909	0.000971895619	0	0	0	0	0	3
60	32	0.0899822895	0.59086066	293.203593	293.203247	293.201988	293.205909	0.000900164363	0	0	0	0	0	3
61	33	0.0925181201	0.600708338	293.203908	293.203267	293.201988	293.205909	0.000820164334	0	0	0	0	0	3
62	33	0.0948495194	0.610556016	293.20354	293.203278	293.201988	293.205909	0.000756983132	0	0	0	0	0	3
63	34	0.0969310607	0.620403693	293.203824	293.203293	293.201988	293.205909	0.000708771388	0	0	0	0	0	3
64	34	0.0996440763	0.630251371	293.203925	293.203314	293.201988	293.205909	0.000685463447	0	0	0	0	0	3
65	35	0.101759974	0.640099049	293.203163	293.203314	293.201988	293.205909	0.000645532253	0	0	0	0	0	3
66	35	0.104234624	0.649946726	293.203362	293.203317	293.201988	293.205909	0.000603007089	0	0	0	0	0	3
67	36	0.106712495	0.659794404	293.203174	293.203316	293.201988	293.205909	0.000580002599	0	0	0	0	0	3
68	36	0.10894491	0.669642082	293.203386	293.203319	293.201988	293.205909	0.000554712857	0	0	0	0	0	3
69	37	0.112126556	0.679489759	293.203045	293.203312	293.201988	293.205909	0.000534403478	0	0	0	0	0	3
70	37	0.114476104	0.689337437	293.202768	293.203301	293.201988	293.205909	0.000502132064	0	0	0	0	0	3
71	37	0.116932232	0.699185115	293.202711	293.203288	293.201988	293.205909	0.000425149512	0	0	0	0	0	3
72	38	0.119696009	0.709032792	293.202747	293.20327	293.201988	293.205909	0.000342055742	0	0	0	0	0	3
73	38	0.12283186	0.71888047	293.202752	293.20325	293.201988	293.205909	0.000298820283	0	0	0	0	0	3
74	39	0.126044976	0.728728148	293.203007	293.203239	293.201988	293.205909	0.00028764429	0	0	0	0	0	3
75	39	0.129458898	0.738575825	293.203198	293.203237	293.201988	293.205909	0.000244789576	0	0	0	0	0	3
76	40	0.133043729	0.748423503	293.203267	293.20323	293.201988	293.205909	0.000244789576	0	0	0	0	0	3
77	40	0.136435668	0.758271181	293.203491	293.203227	293.201988	293.205909	0.000244789576	0	0	0	0	0	3
78	41	0.138924133	0.768118859	293.203968	293.203245	293.201988	293.205909	0.000244789576	0	0	0	0	0	3
79	41	0.140956038	0.777966536	293.203947	293.203253	293.201988	293.205909	0.000244789576	0	0	0	0	0	3
80	42	0.14207845	0.787814214	293.204387	293.20326	293.201988	293.205909	0.000244789576	0	0	0	0	0	3
81	42	0.143103534	0.797661892	293.204129	293.203282	293.201988	293.205909	0.000244789576	0	0	0	0	0	3
82	43	0.144825394	0.807509569	293.203614	293.203281	293.201988	293.205909	0.000244789576	0	0	0	0	0	3
83	44	0.147204353	0.817357247	293.204696	293.203295	293.201988	293.205909	0.000244789576	0	0	0	0	0	3
84	44	0.148677744	0.827204925	293.203991	293.203305	293.201988	293.205909	0.000244789576	0	0	0	0	0	3
85	45	0.151010772	0.837052602	293.20373	293.203307	293.201988	293.205909	0.000244789576	0	0	0	0	0	3
86	45	0.153475602	0.84690028	293.203692	293.203307	293.201988	293.205909	0.000244789576	0	0	0	0	0	3
87	46	0.155804909	0.856747958	293.203852	293.203312	293.201988	293.205909	0.000244789576	0	0	0	0	0	3
88	46	0.158921322	0.866595635	293.20352	293.203313	293.201988	293.205909	0.000212554226	0	0	0	0	0	3
89	47	0.162133611	0.876443313	293.203483	293.203327	293.201988	293.205909	0.000213165191	0	0	0	0	0	3
90	47	0.164419133	0.886290991	293.203169	293.203327	293.201988	293.205909	0.000213165191	0	0	0	0	0	3
91	48	0.167939877	0.896138668	293.203182	293.203331	293.201988	293.205909	0.000217271685	0	0	0	0	0	3
92	48	0.170567885	0.905986346	293.203059	293.203335	293.201988	293.205909	0.000221354994	0	0	0	0	0	3
93	48	0.173969948	0.915834024	293.203029	293.203336	293.201988	293.205909	0.000222357866	0	0	0	0	0	3
94	49	0.176617352	0.925681701	293.202826	293.203337	293.201988	293.205909	0.000223413472	0	0	0	0	0	3
95	49	0.179797276	0.935529379	293.202838	293.203339	293.201988	293.205909	0.000225218546	0	0	0	0	0	3
96	50	0.183483438	0.945377057	293.202956	293.203344	293.201988	293.205909	0.000230372178	0	0	0	0	0	3
97	50	0.186813252	0.955224734	293.203058	293.203352	293.201988	293.205909	0.0002387952	0	0	0	0	0	3
98	50	0.190305036	0.965072412	293.203229	293.203363	293.201988	293.205909	0.000249658088	0	0	0	0	0	3
99	51	0.193620812	0.97492009	293.203286	293.203371	293.201988	293.205909	0.000257829207	0	0	0	0	0	3
100	51	0.19616547	0.984767767	293.203392	293.203381	293.201988	293.205909	0.000261877708	0	0	0	0	0	3
101	53	0.199248078	0.994615445	293.203588	293.203389	293.201988	293.205909	0.000250631214	0	0	0	0	0	3
102	53	0.201622163	1.00446312	293.204174	293.203398	293.201988	293.205909	0.000218119118	0.000429212522	0	0	0	0	3
103	53	0.20365383	1.0143108	293.204242	293.2034	293.201988	293.205909	0.000211427475	0.000429212522	0	0	0	0	3
104	54	0.204912296	1.02415848	293.204179	293.203406	293.201988	293.205909	0.000210394867	0.000429212522	0	0	0	0	3
105	55	0.206090005	1.03400616	293.204089	293.203407	293.201988	293.205909	0.00021137607	0.000429212522	0	0	0	0	3
106	55	0.207912472	1.04385383	293.203462	293.203404	293.201988	293.205909	0.00021137607	0.000429212522	0	0	0	0	3
107	56	0.210135138	1.05370151	293.204715	293.203422	293.201988	293.205909	0.000227132598	0.000429212522	0	0	0	0	3
108	56	0.211822783	1.06354919	293.20359	293.203449	293.202711	293.205909	0.000223471003	0.000429212522	0	0	0	0	3
109	57	0.214740045	1.07339687	293.203616	293.203436	293.202711	293.204715	0.000222204405	0.000429212522	0	0	0	0	3
110	57	0.217518732	1.08324454	293.203016	293.203423	293.202711	293.204715	0.000222204405	0.000429212522	0	0	0	0	3
111	58	0.217960137	1.09309222	293.202557	293.203418	293.202557	293.204715	0.000222204405	0.000429212522	0	0	0	0	3
112	58	0.21892951	1.1029399	293.203925	293.203412	293.202557	293.204715	0.000222204405	0.000429212522	0	0	0	0	3
113	59	0.220945822	1.11278758	293.205908	293.203449	293.202557	293.205908	0.00022251954	0.000429212522	0	0	0	0	3
114	59	0.222551907	1.12263525	293.205207	293.203466	293.202557	293.205908	0.000238785333	0.000429212522	0	0	0	0	3
115	60	0.224679545	1.13248293	293.204674	293.203476	293.202557	293.205908	0.000249379041	0.000429212522	0	0	0	0	3
116	60	0.226285079	1.14233061	293.20346	293.203481	293.202557	293.205908	0.000254493781	0.000429212522	0	0	0	0	3
117	61	0.228653188	1.15217829	293.203415	293.203483	293.202557	293.205908	0.000255596883	0.000429212522	0	0	0	0	3
118	61	0.231319651	1.16202597	293.202784	293.203474	293.202557	293.205908	0.000255596883	0.000429212522	0	0	0	0	3
119	62	0.23384603	1.17187364	293.203169	293.203469	293.202557	293.205908	0.000255596883	0.000429212522	0	0	0	0	3
120	62	0.236375746	1.18172132	293.203019	293.203471	293.202557	293.205908	0.000255596883	0.000429212522	0	0	0	0	3
121	63	0.239742584	1.191569	293.20289	293.203468	293.202557	293.205908	0.000255596883	0.000429212522	0	0	0	0	3
122	63	0.242419808	1.20141668	293.202785	293.203469	293.202557	293.205908	0.000255596883	0.000429212522	0	0	0	0	3
123	63	0.245310283	1.21126435	293.20322	293.203479	293.202557	293.205908	0.000255596883	0.000429212522	0	0	0	0	3
124	64	0.248362822	1.22111203	293.203106	293.203488	293.202557	293.205908	0.00026096371	0.000429212522	0	0	0	0	3
125	64	0.251421139	1.23095971	293.203207	293.203493	293.202557	293.205908	0.000266425309	0.000429212522	0	0	0	0	3
126	65	0.254592767	1.24080739	293.203417	293.203499	293.202557	293.205908	0.000272527054	0.000429212522	0	0	0	0	3
127	65	0.25799955	1.25065506	293.203392	293.203503	293.202557	293.205908	0.000276279822	0.000429212522	0	0	0	0	3
128	66	0.261264542	1.26050274	293.203784	293.203511	293.202557	293.205908	0.000266037155	0.000429212522	0	0	0	0	3
129	66	0.264479529	1.27035042	293.204145	293.203518	293.202557	293.205908	0.0002650769	0.000429212522	0	0	0	0	3
130	67	0.267194228	1.2801981	293.20458	293.203534	293.202557	293.205908	0.000274295016	0.000429212522	0	0	0	0	3
131	67	0.268169143	1.29004578	293.203461	293.203526	293.202557	293.205908	0.00025319109	0.000429212522	0	0	0	0	3
132	68	0.269370399	1.29989345	293.203496	293.203521	293.202557	293.205908	0.00025319109	0.000429212522	0	0	0	0	3
133	68	0.271648209	1.30974113	293.203505	293.203519	293.202557	293.205908	0.000238561733	0.000429212522	0	0	0	0	3
134	69	0.273451527	1.31958881	293.203366	293.203495	293.202557	293.205908	0.000228900351	0.000429212522	0	0	0	0	3
135	70	0.275430408	1.32943649	293.203425	293.203488	293.202557	293.205908	0.000227240197	0.000429212522	0	0	0	0	3
136	70	0.277883173	1.33928416	293.203733	293.203488	293.202557	293.205908	0.000226802576	0.000429212522	0	0	0	0	3
137	71	0.280438986	1.34913184	293.203614	293.203487	293.202557	293.205908	0.000222435054	0.000429212522	0	0	0	0	3
138	72	0.283945062	1.35897952	293.204076	293.203496	293.202557	293.205908	0.000220773014	0.000429212522	0	0	0	0	3
139	72	0.286844991	1.3688272	293.203953	293.203506	293.202557	293.205908	0.000207349497	0.000429212522	0	0	0	0	3
140	73	0.288902756	1.37867487	293.204088	293.203516	293.202557	293.205908	0.000207349497	0.000429212522	0	0	0	0	3
141	73	0.292360911	1.38852255	293.203762	293.203529	293.202557	293.205908	0.000203177048	0.000429212522	0	0	0	0	3
142	74	0.295445583	1.39837023	293.203436	293.203536	293.202557	293.205908	0.000201335898	0.000429212522	0	0	0	0	3
143	74	0.299339914	1.40821791	293.203489	293.203545	293.202557	293.205908	0.000208644891	0.000429212522	0	0	0	0	3
144	74	0.301229454	1.41806558	293.203442	293.203557	293.202557	293.205908	0.000219846221	0.000429212522	0	0	0	0	3
145	75	0.304325613	1.42791326	293.203172	293.203563	293.202557	293.205908	0.000223849207	0.000429212522	0	0	0	0	3
146	75	0.30711373	1.43776094	293.203208	293.203573	293.202557	293.205908	0.000229028255	0.000429212522	0	0	0	0	3
147	76	0.310098397	1.44760862	293.203163	293.203581	293.202557	293.205908	0.000228910787	0.000429212522	0	0	0	0	3
148	76	0.313219474	1.4574563	293.203237	293.203587	293.202557	293.205908	0.000223334187	0.000429212522	0	0	0	0	3
149	77	0.316561424	1.46730397	293.203527	293.203595	293.202557	293.205908	0.000223475903	0.000429212522	0	0	0	0	3
150	77	0.319755105	1.47715165	293.203555	293.203602	293.202557	293.205908	0.000221205469	0.000429212522	0	0	0	0	3
151	78	0.32314622	1.48699933	293.203631	293.203607	293.202557	293.205908	0.000218433066	0.000429212522	0	0	0	0	3
152	78	0.326270604	1.49684701	293.204073	293.203619	293.202557	293.205908	0.000221006251	0.000429212522	0	0	0	0	3
153	79	0.328742236	1.50669468	293.204483	293.203625	293.202557	293.205908	0.000225550891	0.000429212522	0	0	0	0	3
154	79	0.330169713	1.51654236	293.204463	293.203625	293.202557	293.205908	0.00022128508	0.000429212522	0	0	0	0	3
155	80	0.33158615	1.52639004	293.204461	293.203629	293.202557	293.205908	0.000224686906	0.000429212522	0	0	0	0	3
156	80	0.333243971	1.53623772	293.203896	293.203628	293.202557	293.205908	0.000224686906	0.000429212522	0	0	0	0	3
157	81	0.335476199	1.54608539	293.206505	293.203681	293.202557	293.206505	0.000268725872	0.000430399064	0	0	0	0	3
158	82	0.336591377	1.55593307	293.202921	293.203656	293.202557	293.206505	0.000268725872	0.000431543229	0	0	0	0	3
159	82	0.33823337	1.56578075	293.204519	293.203668	293.202557	293.206505	0.000268725872	0.000431553991	0	0	0	0	3
160	83	0.339978388	1.57562843	293.203755	293.20367	293.202557	293.206505	0.000268725872	0.000431564381	0	0	0	0	3
161	83	0.341666788	1.58547611	293.205388	293.203708	293.202557	293.206505	0.00029636079	0.00043157442	0	0	0	0	3
162	84	0.343054533	1.59532378	293.204033	293.203716	293.202784	293.206505	0.000304021415	0.000431584123	0	0	0	0	3
163	84	0.344862829	1.60517146	293.203456	293.203711	293.202784	293.206505	0.00026648085	0.000431593509	0	0	0	0	3
164	85	0.346802392	1.61501914	293.20337	293.20367	293.202784	293.206505	0.000250215057	0.000431602591	0	0	0	0	3
165	85	0.349207709	1.62486682	293.203108	293.20364	293.202784	293.206505	0.000247541624	0.000431611386	0	0	0	0	3
166	86	0.352549577	1.63471449	293.203246	293.203612	293.202784	293.206505	0.000247541624	0.000431619905	0	0	0	0	3
167	86	0.353576163	1.64456217	293.202776	293.203608	293.202776	293.206505	0.000247541624	0.000431628163	0	0	0	0	3
168	87	0.356361501	1.65440985	293.203227	293.203603	293.202776	293.206505	0.000247541624	0.00043163617	0	0	0	0	3
169	87	0.35876454	1.66425753	293.203556	293.203619	293.202776	293.206505	0.000247541624	0.000431643938	0	0	0	0	3
170	88	0.362053622	1.6741052	293.203437	293.203623	293.202776	293.206505	0.000247541624	0.000431651478	0	0	0	0	3
171	88	0.364490032	1.68395288	293.203376	293.203631	293.202776	293.206505	0.000247541624	0.000431658799	0	0	0	0	3
172	88	0.367987573	1.69380056	293.203221	293.203639	293.202776	293.206505	0.00024729035	0.000431665911	0	0	0	0	3
173	89	0.370718847	1.70364824	293.203186	293.203647	293.202776	293.206505	0.00023713499	0.000431672822	0	0	0	0	3
174	89	0.37437411	1.71349592	293.203219	293.203645	293.202776	293.206505	0.000229161235	0.000431679542	0	0	0	0	3
175	90	0.377741345	1.72334359	293.203463	293.203653	293.202776	293.206505	0.000229161235	0.000431686077	0	0	0	0	3
176	90	0.381188052	1.73319127	293.203546	293.20366	293.202776	293.206505	0.000229161235	0.000431692436	0	0	0	0	3
177	91	0.384758514	1.74303895	293.203635	293.203665	293.202776	293.206505	0.000229161235	0.000431698626	0	0	0	0	3
178	91	0.387360092	1.75288663	293.203743	293.203674	293.202776	293.206505	0.000229161235	0.000431704652	0	0	0	0	3
179	92	0.390193966	1.7627343	293.204204	293.203683	293.202776	293.206505	0.000229161235	0.000431710522	0	0	0	0	3
180	92	0.392419755	1.77258198	293.204262	293.203681	293.202776	293.206505	0.000229161235	0.000431716241	0	0	0	0	3
181	93	0.393806935	1.78242966	293.204391	293.20367	293.202776	293.206505	0.000229161235	0.000431721816	0	0	0	0	3
182	94	0.395013574	1.79227734	293.204195	293.203677	293.202776	293.206505	0.000229161235	0.000431727251	0	0	0	0	3
183	94	0.39709718	1.80212501	293.204073	293.203685	293.202776	293.206505	0.000229161235	0.000431732552	0	0	0	0	3
184	95	0.398970291	1.81197269	293.203705	293.203688	293.202776	293.206505	0.000229161235	0.000431737724	0	0	0	0	3
185	95	0.400937051	1.82182037	293.203057	293.203683	293.202776	293.206505	0.000229161235	0.000431742771	0	0	0	0	3
186	96	0.403421108	1.83166805	293.203645	293.203686	293.202776	293.206505	0.000229161235	0.000431747698	0	0	0	0	3
187	97	0.405346123	1.84151572	293.204025	293.203691	293.202776	293.206505	0.000229161235	0.000431752509	0	0	0	0	3
188	97	0.407987848	1.8513634	293.203784	293.203694	293.202776	293.206505	0.000219674023	0.000431757208	0	0	0	0	3
189	98	0.411379703	1.86121108	293.204234	293.203698	293.202776	293.206505	0.000209883482	0.0004317618	0	0	0	0	3
190	98	0.413425385	1.87105876	293.20456	293.203706	293.202776	293.206505	0.000199857962	0.000431766286	0	0	0	0	3
191	99	0.416756244	1.88090644	293.203982	293.203707	293.202776	293.206505	0.000187025439	0.000431770672	0	0	0	0	3
192	99	0.419881882	1.89075411	293.203926	293.203711	293.202776	293.206505	0.000179680726	0.000431774961	0	0	0	0	3
193	100	0.422943341	1.90060179	293.203673	293.203717	293.202776	293.206505	0.000172035458	0.000431779155	0	0	0	0	3
194	100	0.425477609	1.91044947	293.203328	293.203716	293.202776	293.206505	0.000159778522	0.000431783258	0	0	0	0	3
195	101	0.428772118	1.92029715	293.203137	293.203705	293.202776	293.206505	0.000153970462	0.000431787273	0	0	0	0	3
196	101	0.431279068	1.93014482	293.203145	293.203707	293.202776	293.206505	0.000143637782	0.000431791202	0	0	0	0	3
197	102	0.434031915	1.9399925	293.203195	293.203707	293.202776	293.206505	0.000135332227	0.000431795049	0	0	0	0	3
198	102	0.437001913	1.94984018	293.203323	293.203711	293.202776	293.206505	0.000130045939	0.000431798815	0	0	0	0	3
199	103	0.439985487	1.95968786	293.203478	293.203717	293.202776	293.206505	0.00012186892	0.000431802504	0	0	0	0	3
200	103	0.443122204	1.96953553	293.203631	293.20372	293.202776	293.206505	0.000117657568	0.000431806118	0	0	0	0	3
201	104	0.446146973	1.97938321	293.203562	293.20372	293.202776	293.206505	0.000117090049	0.000431809658	0	0	0	0	3
202	105	0.448220487	1.98923089	293.203878	293.203725	293.202776	293.206505	0.000122136805	0.000431813128	0	0	0	0	3
203	105	0.451114818	1.99907857	293.204055	293.203724	293.202776	293.206505	0.000122136805	0.000431816529	0	0	0	0	3
204	106	0.453381073	2.00892625	293.204499	293.203723	293.202776	293.206505	0.000122136805	0.000431819864	0	0	0	0	3
205	107	0.455133466	2.01877392	293.204359	293.203724	293.202776	293.206505	0.000122136805	0.000431823133	0	0	0	0	3
206	107	0.456261658	2.0286216	293.205146	293.203728	293.202776	293.206505	0.000125057548	0.00043182634	0	0	0	0	3
207	108	0.45743904	2.03846928	293.204318	293.203731	293.202776	293.206505	0.000128403045	0.000431829486	0	0	0	0	3
208	108	0.459295611	2.04831696	293.204394	293.203691	293.202776	293.205388	0.000128403045	0.000431832572	0	0	0	0	3
209	109	0.461603918	2.05816463	293.204632	293.203716	293.202776	293.205388	0.000128403045	0.000431835601	0	0	0	0	3
210	109	0.463659154	2.06801231	293.204466	293.203717	293.202776	293.205388	0.000128403045	0.000431838573	0	0	0	0	3
211	110	0.466463571	2.07785999	293.204031	293.203724	293.202776	293.205388	0.000128403045	0.000431841491	0	0	0	0	3
212	110	0.469396992	2.08770767	293.20388	293.203705	293.202776	293.205146	0.000128403045	0.000431844356	0	0	0	0	3
213	111	0.471890701	2.09755534	293.204219	293.203712	293.202776	293.205146	0.000128403045	0.000431631509	0	0	0	0	3
214	111	0.475036056	2.10740302	293.204318	293.20373	293.202776	293.205146	0.000128403045	0.000431422463	0	0	0	0	3
215	112	0.477342844	2.1172507	293.203329	293.203728	293.202776	293.205146	0.000128403045	0.000431217117	0	0	0	0	3
216	113	0.479610909	2.12709838	293.203363	293.203733	293.202776	293.205146	0.00013035391	0.000431015374	0	0	0	0	3
217	113	0.482455804	2.13694606	293.203284	293.203736	293.202776	293.205146	0.000133061356	0.000430817139	0	0	0	0	3
218	113	0.485068198	2.14679373	293.203499	293.203739	293.203057	293.205146	0.000135851334	0.000430622322	0	0	0	0	3
219	114	0.488615305	2.15664141	293.203364	293.20374	293.203057	293.205146	0.000120298013	0.000430430835	0	0	0	0	3
220	114	0.491054945	2.16648909	293.20314	293.203732	293.203057	293.205146	0.00011610862	0.000430242594	0	0	0	0	3
221	115	0.493525335	2.17633677	293.202988	293.203725	293.202988	293.205146	0.000108876792	0.000430057516	0	0	0	0	3
222	115	0.496574209	2.18618444	293.203174	293.203719	293.202988	293.205146	0.00010060394	0.000429875523	0	0	0	0	3
223	115	0.499593291	2.19603212	293.203292	293.203722	293.202988	293.205146	9.49731989e-05	0.000429696538	0	0	0	0	3
224	116	0.502621412	2.2058798	293.203419	293.203726	293.202988	293.205146	9.49731989e-05	0.000429520488	0	0	0	0	3
225	116	0.505807868	2.21572748	293.203644	293.203739	293.202988	293.205146	8.69993996e-05	0.0004293473	0	0	0	0	3
226	117	0.509137983	2.22557515	293.20353	293.20374	293.202988	293.205146	8.01612733e-05	0.000429212522	0	0	0	0	3
227	117	0.512349617	2.23542283	293.203803	293.203747	293.202988	293.205146	8.15512352e-05	0.000429212522	0	0	0	0	3
228	118	0.515286855	2.24527051	293.204301	293.203763	293.202988	293.205146	9.25396838e-05	0.000429212522	0	0	0	0	3
229	118	0.517863758	2.25511819	293.20443	293.203776	293.202988	293.205146	0.000106120609	0.000429212522	0	0	0	0	3
230	119	0.518977469	2.26496586	293.204423	293.203772	293.202988	293.205146	0.000106120609	0.000429212522	0	0	0	0	3
231	120	0.520211918	2.27481354	293.204429	293.20377	293.202988	293.205146	0.000106120609	0.000429212522	0	0	0	0	3
232	120	0.522042556	2.28466122	293.203739	293.203763	293.202988	293.205146	9.95271303e-05	0.000429212522	0	0	0	0	3
233	121	0.524223208	2.2945089	293.205508	293.203788	293.202988	293.205508	0.000105303331	0.000429212522	0	0	0	0	3
234	121	0.525790049	2.30435658	293.204118	293.203788	293.202988	293.205508	0.000105303331	0.000429212522	0	0	0	0	3
235	122	0.528311257	2.31420425	293.204084	293.203795	293.202988	293.205508	0.000111681918	0.000429212522	0	0	0	0	3
236	122	0.530882186	2.32405193	293.203944	293.203809	293.202988	293.205508	0.000122542537	0.000429212522	0	0	0	0	3
237	123	0.533668087	2.33389961	293.203393	293.203803	293.202988	293.205508	0.000118315847	0.000429212522	0	0	0	0	3
238	124	0.535605152	2.34374729	293.205032	293.203818	293.202988	293.205508	0.000126791605	0.000429212522	0	0	0	0	3
239	124	0.538265263	2.35359496	293.204602	293.203835	293.202988	293.205508	0.000143495148	0.000429212522	0	0	0	0	3
240	124	0.539567676	2.36344264	293.203604	293.203822	293.202988	293.205508	0.000143495148	0.000429212522	0	0	0	0	3
241	125	0.541108901	2.37329032	293.203906	293.203811	293.202988	293.205508	0.000143495148	0.000429212522	0	0	0	0	3
242	125	0.543864732	2.383138	293.203389	293.203797	293.202988	293.205508	0.000143495148	0.000429212522	0	0	0	0	3
243	126	0.546761544	2.39298567	293.203153	293.20378	293.202988	293.205508	0.000143495148	0.000429212522	0	0	0	0	3
244	126	0.548488166	2.40283335	293.203626	293.20378	293.202988	293.205508	0.000143495148	0.000429212522	0	0	0	0	3
245	127	0.550615407	2.41268103	293.203372	293.203782	293.202988	293.205508	0.000143495148	0.000429212522	0	0	0	0	3
246	127	0.554315836	2.42252871	293.203331	293.203786	293.202988	293.205508	0.000143495148	0.000429212522	0	0	0	0	3
247	128	0.556912773	2.43237639	293.203312	293.203789	293.202988	293.205508	0.000143495148	0.000429212522	0	0	0	0	3
248	128	0.559800188	2.44222406	293.203092	293.203786	293.202988	293.205508	0.000143495148	0.000429212522	0	0	0	0	3
249	128	0.562802463	2.45207174	293.203318	293.203786	293.202988	293.205508	0.000143495148	0.000429212522	0	0	0	0	3
250	129	0.565930125	2.46191942	293.203511	293.203786	293.202988	293.205508	0.000143495148	0.000429212522	0	0	0	0	3
251	129	0.56921284	2.4717671	293.203648	293.203786	293.202988	293.205508	0.000143495148	0.000429212522	0	0	0	0	3
252	130	0.572541103	2.48161477	293.203665	293.203789	293.202988	293.205508	0.000143495148	0.000429212522	0	0	0	0	3
253	130	0.575499483	2.49146245	293.203879	293.203789	293.202988	293.205508	0.000143495148	0.000429212522	0	0	0	0	3
254	131	0.578478948	2.50131013	293.204333	293.203796	293.202988	293.205508	0.000143495148	0.000429212522	0	0	0	0	3
255	131	0.580321605	2.51115781	293.204466	293.203793	293.202988	293.205508	0.000143495148	0.000429212522	0	0	0	0	3
256	132	0.581588179	2.52100548	293.204253	293.20379	293.202988	293.205508	0.000143495148	0.000429212522	0	0	0	0	3
257	133	0.582855188	2.53085316	293.204104	293.203781	293.202988	293.205508	0.000143495148	0.000429212522	0	0	0	0	3
258	133	0.584765667	2.54070084	293.2038	293.203776	293.202988	293.205508	0.000143495148	0.000429212522	0	0	0	0	3
259	134	0.586799339	2.55054852	293.205228	293.20379	293.202988	293.205508	0.000129452875	0.000429212522	0	0	0	0	3
260	134	0.588591137	2.5603962	293.204148	293.20378	293.202988	293.205508	0.000129452875	0.000429212522	0	0	0	0	3
261	135	0.591512971	2.57024387	293.204233	293.203779	293.202988	293.205508	0.000129452875	0.000429212522	0	0	0	0	3
262	135	0.592543352	2.58009155	293.20395	293.203775	293.202988	293.205508	0.000129452875	0.000429212522	0	0	0	0	3
263	136	0.59518568	2.58993923	293.204883	293.203796	293.202988	293.205508	0.00012303329	0.000429212522	0	0	0	0	3
264	137	0.596126307	2.59978691	293.206249	293.203806	293.202988	293.206249	0.000115878618	0.000429212522	0	0	0	0	3
265	137	0.597046651	2.60963458	293.206153	293.203811	293.202988	293.206249	0.000115878618	0.000429212522	0	0	0	0	3
266	138	0.59816342	2.61948226	293.204163	293.203823	293.202988	293.206249	0.000115878618	0.000429212522	0	0	0	0	3
267	138	0.599261294	2.62932994	293.204832	293.203841	293.202988	293.206249	0.000122160742	0.000429212522	0	0	0	0	3
268	139	0.600346714	2.63917762	293.203079	293.203847	293.202988	293.206249	0.000128589768	0.000429212522	0	0	0	0	3
269	139	0.60146817	2.64902529	293.202882	293.203846	293.202882	293.206249	0.000128589768	0.000429212522	0	0	0	0	3
270	140	0.602769863	2.65887297	293.203595	293.203858	293.202882	293.206249	0.000139226714	0.000429212522	0	0	0	0	3
271	140	0.60438795	2.66872065	293.202867	293.203859	293.202867	293.206249	0.000140523401	0.000429212522	0	0	0	0	3
272	141	0.606572723	2.67856833	293.203225	293.203866	293.202867	293.206249	0.000147306667	0.000429212522	0	0	0	0	3
273	141	0.609109991	2.688416	293.202923	293.203864	293.202867	293.206249	0.000143886706	0.000429212522	0	0	0	0	3
274	142	0.611152463	2.69826368	293.203292	293.203869	293.202867	293.206249	0.000142276145	0.000429212522	0	0	0	0	3
275	142	0.613884412	2.70811136	293.203578	293.203874	293.202867	293.206249	0.000135257502	0.000429212522	0	0	0	0	3
276	143	0.616823932	2.71795904	293.203452	293.203869	293.202867	293.206249	0.000133477975	0.000429212522	0	0	0	0	3
277	143	0.619569704	2.72780672	293.203313	293.203866	293.202867	293.206249	0.000126850504	0.000429212522	0	0	0	0	3
278	144	0.623886168	2.73765439	293.203353	293.203848	293.202867	293.206249	0.000111302353	0.000429212522	0	0	0	0	3
279	144	0.626585753	2.74750207	293.203281	293.203822	293.202867	293.206249	0.00011086526	0.000429212522	0	0	0	0	3
280	145	0.630005367	2.75734975	293.203582	293.203801	293.202867	293.206249	0.00011086526	0.000429212522	0	0	0	0	3
281	145	0.633163281	2.76719743	293.203674	293.203791	293.202867	293.206249	0.00011086526	0.000429212522	0	0	0	0	3
282	146	0.636276814	2.7770451	293.203841	293.203786	293.202867	293.206249	0.00011086526	0.000429212522	0	0	0	0	3
283	146	0.637879968	2.78689278	293.203734	293.203786	293.202867	293.206249	9.86216293e-05	0.000429212522	0	0	0	0	3
284	147	0.640603632	2.79674046	293.204214	293.203763	293.202867	293.206249	0.000110450282	0.000429212522	0	0	0	0	3
285	147	0.64318666	2.80658814	293.20468	293.203779	293.202867	293.206249	0.000110450282	0.000429212522	0	0	0	0	3
286	148	0.64441589	2.81643581	293.204354	293.203778	293.202867	293.206249	0.000110450282	0.000429212522	0	0	0	0	3
287	148	0.645466715	2.82628349	293.20386	293.203775	293.202867	293.206249	0.000110450282	0.000429212522	0	0	0	0	3
288	149	0.647392039	2.83613117	293.203624	293.203782	293.202867	293.206249	0.000110450282	0.000429212522	0	0	0	0	3
289	150	0.649320849	2.84597885	293.204686	293.203776	293.202867	293.206249	0.000110450282	0.000429212522	0	0	0	0	3
290	150	0.651584275	2.85582653	293.204323	293.203768	293.202867	293.206249	0.000110450282	0.000429212522	0	0	0	0	3
291	151	0.653616055	2.8656742	293.204367	293.20378	293.202867	293.206249	0.000110450282	0.000429212522	0	0	0	0	3
292	151	0.656085711	2.87552188	293.203916	293.203781	293.202867	293.206249	0.000110450282	0.000429212522	0	0	0	0	3
293	152	0.658631467	2.88536956	293.203699	293.203789	293.202867	293.206249	0.000110450282	0.000429212522	0	0	0	0	3
294	153	0.661568758	2.89521724	293.204281	293.203818	293.202867	293.206249	0.000110450282	0.000429212522	0	0	0	0	3
295	153	0.663815932	2.90506491	293.20409	293.203826	293.202867	293.206249	0.000110450282	0.000429212522	0	0	0	0	3
296	154	0.667153001	2.91491259	293.204007	293.203839	293.202867	293.206249	0.000110450282	0.000429212522	0	0	0	0	3
297	154	0.66986863	2.92476027	293.20381	293.203855	293.202867	293.206249	0.000110450282	0.000429212522	0	0	0	0	3
298	155	0.672607542	2.93460795	293.203642	293.203862	293.202867	293.206249	0.000110450282	0.000429212522	0	0	0	0	3
299	155	0.675714936	2.94445562	293.203664	293.203876	293.202867	293.206249	0.000112654904	0.000429212522	0	0	0	0	3
300	156	0.678205751	2.9543033	293.203499	293.203882	293.202867	293.206249	0.000119040219	0.000429212522	0	0	0	0	3
301	157	0.681549576	2.96415098	293.203303	293.203876	293.202867	293.206249	0.000119040219	0.000429212522	0	0	0	0	3
302	157	0.68427967	2.97399866	293.203485	293.203873	293.202867	293.206249	0.000119040219	0.000429212522	0	0	0	0	3
303	157	0.687167866	2.98384633	293.203427	293.203868	293.202867	293.206249	0.000119040219	0.000429212522	0	0	0	0	3
304	158	0.690135894	2.99369401	293.20341	293.203856	293.202867	293.206249	0.000119040219	0.000429212522	0	0	0	0	3
305	158	0.693397606	3.00354169	293.203695	293.203839	293.202867	293.206249	0.000119040219	0.000429212522	0	0	0	0	3
306	159	0.69656592	3.01338937	293.203742	293.203826	293.202867	293.206249	0.000119040219	0.000429212522	0	0	0	0	3
307	159	0.699972252	3.02323705	293.203836	293.203822	293.202867	293.206249	0.000119040219	0.000429212522	0	0	0	0	3
308	160	0.703123121	3.03308472	293.204232	293.20383	293.202867	293.206249	0.000119040219	0.000429212522	0	0	0	0	3
309	161	0.705588616	3.0429324	293.204689	293.203848	293.202867	293.206249	0.000119040219	0.000429212522	0	0	0	0	3
310	161	0.707387259	3.05278008	293.204726	293.203837	293.202867	293.206249	0.000119040219	0.000429212522	0	0	0	0	3
311	162	0.708720511	3.06262776	293.204613	293.203841	293.202867	293.206249	0.000119040219	0.000429212522	0	0	0	0	3
312	163	0.710580402	3.07247543	293.203652	293.203829	293.202867	293.206249	0.000119040219	0.000429212522	0	0	0	0	3
313	163	0.712809491	3.08232311	293.205686	293.203862	293.202867	293.206249	0.000119040219	0.000429212522	0	0	0	0	3
314	164	0.713882783	3.09217079	293.203424	293.203836	293.202867	293.206249	0.000119040219	0.000429212522	0	0	0	0	3
315	165	0.716160251	3.10201847	293.204652	293.203832	293.202867	293.206153	0.000119040219	0.000429212522	0	0	0	0	3
316	165	0.718504865	3.11186614	293.204317	293.203824	293.202867	293.205686	0.000119040219	0.000429212522	0	0	0	0	3
317	166	0.720748952	3.12171382	293.203818	293.203821	293.202867	293.205686	0.000119040219	0.000429212522	0	0	0	0	3
318	167	0.723819127	3.1315615	293.203989	293.203816	293.202867	293.205686	0.000119040219	0.000429212522	0	0	0	0	3
319	167	0.726886307	3.14140918	293.204296	293.203834	293.202867	293.205686	0.000119040219	0.000429212522	0	0	0	0	3
320	168	0.729176315	3.15125686	293.203995	293.203845	293.202867	293.205686	0.000119040219	0.000429212522	0	0	0	0	3
321	168	0.732293083	3.16110453	293.203646	293.203843	293.202867	293.205686	0.000119040219	0.000429212522	0	0	0	0	3
322	169	0.734962104	3.17095221	293.203468	293.203847	293.202923	293.205686	0.000119040219	0.000429212522	0	0	0	0	3
323	169	0.7374039	3.18079989	293.203557	293.203852	293.202923	293.205686	0.000119040219	0.000429212522	0	0	0	0	3
324	170	0.740442842	3.19064757	293.203444	293.203861	293.203281	293.205686	0.000119040219	0.000429212522	0	0	0	0	3
325	170	0.74396121	3.20049524	293.203439	293.203858	293.203281	293.205686	0.000119040219	0.000429212522	0	0	0	0	3
326	171	0.746389974	3.21034292	293.203362	293.203855	293.203281	293.205686	0.000119040219	0.000429212522	0	0	0	0	3
327	171	0.749342526	3.2201906	293.203182	293.203849	293.203182	293.205686	0.000119040219	0.000429212522	0	0	0	0	3
328	171	0.75254549	3.23003828	293.203407	293.203849	293.203182	293.205686	0.000119040219	0.000429212522	0	0	0	0	3
329	172	0.756021848	3.23988595	293.203668	293.203861	293.203182	293.205686	0.000119040219	0.000429212522	0	0	0	0	3
330	172	0.759182136	3.24973363	293.203747	293.20387	293.203182	293.205686	0.000119040219	0.000429212522	0	0	0	0	3
331	173	0.762709479	3.25958131	293.203863	293.203877	293.203182	293.205686	0.000119040219	0.000429212522	0	0	0	0	3
332	173	0.765857864	3.26942899	293.204164	293.203889	293.203182	293.205686	0.000125397087	0.000429212522	0	0	0	0	3
333	174	0.768266302	3.27927667	293.204598	293.203903	293.203182	293.205686	0.000139450556	0.000429212522	0	0	0	0	3
334	175	0.770274351	3.28912434	293.204761	293.203918	293.203182	293.205686	0.000154506114	0.000429212522	0	0	0	0	3
335	175	0.771666373	3.29897202	293.204777	293.203921	293.203182	293.205686	0.000153140679	0.000429212522	0	0	0	0	3
336	176	0.773382268	3.3088197	293.204051	293.203908	293.203182	293.205686	0.000153140679	0.000429212522	0	0	0	0	3
337	176	0.775551282	3.31866738	293.205621	293.203932	293.203182	293.205686	0.000163960599	0.000429212522	0	0	0	0	3
338	177	0.777067778	3.32851505	293.204101	293.203934	293.203182	293.205686	0.000166482553	0.000429212522	0	0	0	0	3
339	178	0.779173283	3.33836273	293.204436	293.203947	293.203182	293.205686	0.00017902389	0.000429212522	0	0	0	0	3
340	178	0.781500798	3.34821041	293.203478	293.203928	293.203182	293.205686	0.00017902389	0.000429212522	0	0	0	0	3
341	179	0.783750541	3.35805809	293.204067	293.203923	293.203182	293.205686	0.000166483548	0.000429212522	0	0	0	0	3
342	179	0.786463934	3.36790576	293.20408	293.20392	293.203182	293.205686	0.000165246712	0.000429212522	0	0	0	0	3
343	180	0.789713029	3.37775344	293.204506	293.203934	293.203182	293.205686	0.000157647915	0.000429212522	0	0	0	0	3
344	180	0.791922653	3.38760112	293.204043	293.20394	293.203182	293.205686	0.000130828626	0.000429212522	0	0	0	0	3
345	181	0.794205244	3.3974488	293.204195	293.203937	293.203182	293.205686	0.000130828626	0.000429212522	0	0	0	0	3
346	181	0.797004678	3.40729647	293.203332	293.203922	293.203182	293.205686	0.000130828626	0.000429212522	0	0	0	0	3
347	182	0.799948586	3.41714415	293.203424	293.203909	293.203182	293.205686	0.000130828626	0.000429212522	0	0	0	0	3
348	182	0.802947277	3.42699183	293.203293	293.203897	293.203182	293.205686	0.000130828626	0.000429212522	0	0	0	0	3
349	182	0.806389428	3.43683951	293.203229	293.203885	293.203182	293.205686	0.000130828626	0.000429212522	0	0	0	0	3
350	183	0.809563457	3.44668719	293.203406	293.203879	293.203182	293.205686	0.000130828626	0.000429212522	0	0	0	0	3
351	183	0.812438569	3.45653486	293.203344	293.203874	293.203182	293.205686	0.000130828626	0.000429212522	0	0	0	0	3
352	184	0.81548654	3.46638254	293.203439	293.203879	293.203182	293.205686	0.000130828626	0.000429212522	0	0	0	0	3
353	184	0.818782789	3.47623022	293.203715	293.203883	293.203182	293.205686	0.000130828626	0.000429212522	0	0	0	0	3
354	185	0.821967634	3.4860779	293.203784	293.20389	293.203182	293.205686	0.000130828626	0.000429212522	0	0	0	0	3
355	185	0.824544873	3.49592557	293.203883	293.2039	293.203182	293.205686	0.000130828626	0.000429212522	0	0	0	0	3
356	186	0.826988273	3.50577325	293.203894	293.203905	293.203182	293.205686	0.000130828626	0.000429212522	0	0	0	0	3
357	186	0.829830546	3.51562093	293.204377	293.203919	293.203182	293.205686	0.000130828626	0.000429212522	0	0	0	0	3
358	187	0.832413421	3.52546861	293.204597	293.203935	293.203182	293.205686	0.000130828626	0.000429212522	0	0	0	0	3
359	187	0.833415013	3.53531628	293.204543	293.203932	293.203182	293.205686	0.000130828626	0.000429212522	0	0	0	0	3
360	188	0.83451384	3.54516396	293.204666	293.203924	293.203182	293.205686	0.000130828626	0.000429212522	0	0	0	0	3
361	189	0.83639095	3.55501164	293.20465	293.203923	293.203182	293.205686	0.000130828626	0.000429212522	0	0	0	0	3
362	189	0.838545544	3.56485932	293.204728	293.203929	293.203182	293.205686	0.000130828626	0.000429212522	0	0	0	0	3
363	190	0.840938106	3.574707	293.204509	293.203944	293.203182	293.205686	0.000130828626	0.000429212522	0	0	0	0	3
364	191	0.843126384	3.58455467	293.204435	293.203923	293.203182	293.205621	0.000130828626	0.000429212522	0	0	0	0	3
365	191	0.845773549	3.59440235	293.204608	293.20394	293.203182	293.205621	0.000130828626	0.000429212522	0	0	0	0	3
366	192	0.848462206	3.60425003	293.20407	293.203931	293.203182	293.205621	0.000130828626	0.000429212522	0	0	0	0	3
367	192	0.851301903	3.61409771	293.20422	293.20393	293.203182	293.205621	0.000130828626	0.000429212522	0	0	0	0	3
368	193	0.85378458	3.62394538	293.204125	293.203936	293.203182	293.205621	0.000130828626	0.000429212522	0	0	0	0	3
369	193	0.856822261	3.63379306	293.203966	293.203935	293.203182	293.205621	0.000112861755	0.000429212522	0	0	0	0	3
370	194	0.859553187	3.64364074	293.203331	293.203914	293.203182	293.205621	0.000103884774	0.000429212522	0	0	0	0	3
371	194	0.86180898	3.65348842	293.203409	293.203904	293.203182	293.205621	0.000103884774	0.000429212522	0	0	0	0	3
372	195	0.8647098	3.66333609	293.203309	293.203897	293.203182	293.205621	9.94404814e-05	0.000429212522	0	0	0	0	3
373	195	0.867911636	3.67318377	293.203216	293.20389	293.203182	293.205621	9.77942418e-05	0.000429212522	0	0	0	0	3
374	196	0.870571536	3.68303145	293.202961	293.203877	293.202961	293.205621	9.77942418e-05	0.000429212522	0	0	0	0	3
375	196	0.87357878	3.69287913	293.203257	293.203873	293.202961	293.205621	9.77942418e-05	0.000429212522	0	0	0	0	3
376	196	0.876608932	3.70272681	293.203433	293.203874	293.202961	293.205621	9.77942418e-05	0.000429212522	0	0	0	0	3
377	197	0.87959446	3.71257448	293.203503	293.203875	293.202961	293.205621	9.77942418e-05	0.000429212522	0	0	0	0	3
378	197	0.882776562	3.72242216	293.203706	293.203887	293.202961	293.205621	9.73831765e-05	0.000429212522	0	0	0	0	3
379	198	0.886143458	3.73226984	293.203652	293.203892	293.202961	293.205621	8.59364927e-05	0.000429212522	0	0	0	0	3
380	199	0.889430246	3.74211752	293.203906	293.203899	293.202961	293.205621	7.68449142e-05	0.000429212522	0	0	0	0	3
381	199	0.892597084	3.75196519	293.204446	293.203915	293.202961	293.205621	7.37402619e-05	0.000429212522	0	0	0	0	3
382	200	0.894912006	3.76181287	293.204533	293.203927	293.202961	293.205621	7.37402619e-05	0.000429212522	0	0	0	0	3
383	200	0.896072276	3.77166055	293.204778	293.203929	293.202961	293.205621	7.37402619e-05	0.000429212522	0	0	0	0	3
384	201	0.897205718	3.78150823	293.20431	293.20392	293.202961	293.205621	7.37402619e-05	0.000429212522	0	0	0	0	3
385	201	0.899265437	3.7913559	293.205157	293.203927	293.202961	293.205621	7.37402619e-05	0.000429212522	0	0	0	0	3
386	202	0.901300352	3.80120358	293.204436	293.203926	293.202961	293.205621	7.37402619e-05	0.000429212522	0	0	0	0	3
387	203	0.903615003	3.81105126	293.204294	293.203931	293.202961	293.205621	7.37402619e-05	0.000429212522	0	0	0	0	3
388	203	0.906275323	3.82089894	293.20402	293.203904	293.202961	293.205157	7.37402619e-05	0.000429212522	0	0	0	0	3
389	204	0.909216626	3.83074661	293.204299	293.203911	293.202961	293.205157	7.37402619e-05	0.000429212522	0	0	0	0	3
390	204	0.911850988	3.84059429	293.204209	293.203908	293.202961	293.205157	7.10822936e-05	0.000429212522	0	0	0	0	3
391	205	0.91513056	3.85044197	293.204304	293.203926	293.202961	293.205157	7.10822936e-05	0.000429212522	0	0	0	0	3
392	205	0.91779485	3.86028965	293.203922	293.203923	293.202961	293.205157	7.10822936e-05	0.000429212522	0	0	0	0	3
393	206	0.920434464	3.87013733	293.20367	293.203915	293.202961	293.205157	7.10822936e-05	0.000429212522	0	0	0	0	3
394	206	0.923151963	3.879985	293.203541	293.203893	293.202961	293.205157	7.10822936e-05	0.000429212522	0	0	0	0	3
395	207	0.926124004	3.88983268	293.203529	293.203882	293.202961	293.205157	7.10822936e-05	0.000429212522	0	0	0	0	3
396	207	0.928642553	3.89968036	293.203291	293.203866	293.202961	293.205157	7.799505e-05	0.000429212522	0	0	0	0	3
397	208	0.932401116	3.90952804	293.203349	293.203863	293.202961	293.205157	8.13205377e-05	0.000429212522	0	0	0	0	3
398	208	0.934853991	3.91937571	293.203283	293.203862	293.202961	293.205157	8.22816756e-05	0.000429212522	0	0	0	0	3
399	208	0.937639217	3.92922339	293.203138	293.203859	293.202961	293.205157	8.45763111e-05	0.000429212522	0	0	0	0	3
400	209	0.940795817	3.93907107	293.203369	293.203864	293.202961	293.205157	8.45763111e-05	0.000429212522	0	0	0	0	3
401	210	0.944147573	3.94891875	293.203663	293.20387	293.202961	293.205157	8.45763111e-05	0.000429212522	0	0	0	0	3
402	210	0.9473302	3.95876642	293.203696	293.203877	293.202961	293.205157	8.45763111e-05	0.000429212522	0	0	0	0	3
403	211	0.950685606	3.9686141	293.203871	293.203887	293.202961	293.205157	8.45763111e-05	0.000429212522	0	0	0	0	3
404	211	0.953278734	3.97846178	293.204004	293.203893	293.202961	293.205157	8.45763111e-05	0.000429212522	0	0	0	0	3
405	212	0.955606844	3.98830946	293.204532	293.203907	293.202961	293.205157	8.45763111e-05	0.000429212522	0	0	0	0	3
406	213	0.958559409	3.99815714	293.205237	293.203937	293.202961	293.205237	8.45763111e-05	0.000429212522	0	0	0	0	3
407	213	0.959073237	4.00800481	293.202073	293.20393	293.202073	293.205237	8.45763111e-05	0.000429212522	0	0	0	0	3
408	214	0.960103065	4.01785249	293.203446	293.203917	293.202073	293.205237	8.45763111e-05	0.000429212522	0	0	0	0	3
409	214	0.962297779	4.02770017	293.204183	293.203908	293.202073	293.205237	8.45763111e-05	0.000429212522	0	0	0	0	3
410	215	0.964072278	4.03754785	293.204608	293.203912	293.202073	293.205237	8.45763111e-05	0.000429212522	0	0	0	0	3
411	216	0.966508026	4.04739552	293.20436	293.203914	293.202073	293.205237	8.45763111e-05	0.000429212522	0	0	0	0	3
412	216	0.969397779	4.0572432	293.20439	293.203914	293.202073	293.205237	8.45763111e-05	0.000429212522	0	0	0	0	3
413	217	0.971782776	4.06709088	293.204731	293.203916	293.202073	293.205237	8.45763111e-05	0.000429212522	0	0	0	0	3
414	217	0.974884357	4.07693856	293.204263	293.203913	293.202073	293.205237	8.08298824e-05	0.000429212522	0	0	0	0	3
415	218	0.976942387	4.08678623	293.204639	293.203916	293.202073	293.205237	8.08298824e-05	0.000429212522	0	0	0	0	3
416	218	0.979849969	4.09663391	293.204035	293.203905	293.202073	293.205237	7.72651582e-05	0.000429212522	0	0	0	0	3
417	219	0.982646665	4.10648159	293.203896	293.203901	293.202073	293.205237	7.72651582e-05	0.000429212522	0	0	0	0	3
418	219	0.985560794	4.11632927	293.203288	293.203881	293.202073	293.205237	7.72651582e-05	0.000429212522	0	0	0	0	3
419	220	0.988873438	4.12617695	293.203554	293.203869	293.202073	293.205237	7.72651582e-05	0.000429212522	0	0	0	0	3
420	220	0.991630302	4.13602462	293.203357	293.203856	293.202073	293.205237	8.07379623e-05	0.000429212522	0	0	0	0	3
421	220	0.995155238	4.1458723	293.203207	293.20385	293.202073	293.205237	8.70276197e-05	0.000429212522	0	0	0	0	3
422	221	0.997769844	4.15571998	293.203331	293.203847	293.202073	293.205237	8.96859189e-05	0.000429212522	0	0	0	0	3
423	221	1	4.16556766	293.203076	293.203846	293.202073	293.205237	9.08580172e-05	0.000429212522	0	0	0	0	3
