Iteration	CPUTime	PhysTime	Travels	Value	AvValue	MinValue	MaxValue	Delta	Criteria	PrevAvRefValue	Progress	CriteriaType	CriteriaVarType	CriteriaPercentage
1	2	0.000239292501	0.00984767767	124.358357	124.358357	124.358357	124.358357	0	0	0	0	0	0	3
2	3	0.000461864813	0.0196953553	18.5190124	73.3544552	18.5190124	124.358357	51.003902	0	0	0	0	0	3
3	3	0.000677908924	0.029543033	7.35137141	52.3198043	7.35137141	124.358357	72.0385529	0	0	0	0	0	3
4	3	0.000890520582	0.0393907107	6.91745834	41.4800009	6.91745834	124.358357	82.8783563	0	0	0	0	0	3
5	4	0.00110745405	0.0492383884	6.55785487	34.6392816	6.55785487	124.358357	89.7190756	0	0	0	0	0	3
6	4	0.00148044698	0.059086066	7.77804728	27.8716968	6.55785487	124.358357	96.4866604	0	0	0	0	0	3
7	5	0.00191463425	0.0689337437	9.05299444	23.604124	6.55785487	124.358357	100.754233	0	0	0	0	0	3
8	5	0.00237309159	0.0787814214	8.47515062	20.6813591	6.55785487	124.358357	103.676998	0	0	0	0	0	3
9	6	0.00284780299	0.0886290991	7.89570419	18.5500684	6.55785487	124.358357	105.808289	0	0	0	0	0	3
10	6	0.00334366708	0.0984767767	6.87554954	16.8187433	6.55785487	124.358357	107.539614	0	0	0	0	0	3
11	6	0.00412847249	0.108324454	7.40768342	15.02974	6.55785487	124.358357	109.328617	0	0	0	0	0	3
12	7	0.00491303499	0.118172132	6.84190103	13.7222241	6.55785487	124.358357	110.636133	0	0	0	0	0	3
13	7	0.00568252719	0.12801981	7.08379505	12.8232897	6.55785487	124.358357	111.535068	0	0	0	0	0	3
14	8	0.00642099771	0.137867487	8.82676997	12.3636552	6.55785487	124.358357	111.994702	0	0	0	0	0	3
15	8	0.00704977096	0.147715165	7.36593986	11.917906	6.55785487	124.358357	112.440451	0	0	0	0	0	3
16	9	0.00806238643	0.157562843	9.39669054	11.6012477	6.55785487	124.358357	112.75711	0	0	0	0	0	3
17	9	0.00872819021	0.16741052	8.08747118	11.3332098	6.55785487	124.358357	113.025147	0	0	0	0	0	3
18	10	0.00937690945	0.177258198	7.98748345	11.1017436	6.55785487	124.358357	113.256614	0	0	0	0	0	3
19	10	0.0100558151	0.187105876	6.1655347	10.7684817	6.1655347	124.358357	113.589875	0	0	0	0	0	3
20	11	0.0109208156	0.196953553	7.36947844	10.4992583	6.1655347	124.358357	113.859099	0	0	0	0	0	3
21	12	0.0122399002	0.206801231	6.56121313	10.0748582	6.1655347	124.358357	114.283499	0	0	0	0	0	3
22	12	0.0136673304	0.216648909	8.45294356	9.90546376	6.1655347	124.358357	114.452893	0	0	0	0	0	3
23	13	0.0146824142	0.226496586	8.020812	9.77516642	6.1655347	124.358357	114.583191	0	0	0	0	0	3
24	13	0.0153970185	0.236344264	7.69067311	9.6784212	6.1655347	124.358357	114.679936	0	0	0	0	0	3
25	14	0.0161381137	0.246191942	7.611738	9.58351488	6.1655347	124.358357	114.774842	0	0	0	0	0	3
26	15	0.0172029459	0.25603962	7.13791532	9.43213656	6.1655347	124.358357	114.926221	0	0	0	0	0	3
27	15	0.0181916089	0.265887297	9.50215932	9.4359421	6.1655347	124.358357	114.926221	0	0	0	0	0	3
28	16	0.0198348944	0.275734975	9.82077912	9.46782516	6.1655347	124.358357	114.926221	0	0	0	0	0	3
29	16	0.0214866862	0.285582653	9.14909755	9.44332293	6.1655347	124.358357	114.926221	0	0	0	0	0	3
30	17	0.0232888397	0.29543033	11.3796002	9.59315731	6.1655347	124.358357	114.926221	0	0	0	0	0	3
31	17	0.023743698	0.305278008	7.60783815	9.55512453	6.1655347	124.358357	114.926221	0	0	0	0	0	3
32	18	0.0250962467	0.315125686	5.55799437	9.33970136	5.55799437	124.358357	115.018656	0	0	0	0	0	3
33	18	0.0267276297	0.324973363	4.65032239	9.05347421	4.65032239	124.358357	115.304883	0	0	0	0	0	3
34	19	0.0293359081	0.334821041	5.82976699	8.76685189	4.65032239	124.358357	115.591505	0	0	0	0	0	3
35	20	0.0316622466	0.344668719	4.94252167	8.48586467	4.65032239	124.358357	115.872493	0	0	0	0	0	3
36	20	0.0333730344	0.354516396	5.26329381	8.32066738	4.65032239	124.358357	116.03769	0	0	0	0	0	3
37	21	0.035871259	0.364364074	4.83715476	8.07806099	4.65032239	124.358357	116.280296	0	0	0	0	0	3
38	21	0.0389525603	0.374211752	1.56293064	7.56268845	1.56293064	124.358357	116.795669	0	0	0	0	0	3
39	22	0.0409889882	0.384059429	1.52838822	7.26289043	1.52838822	124.358357	117.095467	0	0	0	0	0	3
40	22	0.043735534	0.393907107	3.81016228	7.04606271	1.52838822	124.358357	117.312294	0	0	0	0	0	3
41	23	0.0463545784	0.403754785	4.53462096	6.90416567	1.52838822	124.358357	117.454192	0	0	0	0	0	3
42	23	0.0489745628	0.413602462	5.41925278	6.82472752	1.52838822	124.358357	117.53363	0	0	0	0	0	3
43	24	0.0515646362	0.42345014	6.51004799	6.80892128	1.52838822	124.358357	117.549436	0	0	0	0	0	3
44	24	0.0540285828	0.433297818	8.2615177	6.87516622	1.52838822	124.358357	117.549436	0	0	0	0	0	3
45	24	0.0567835894	0.443145495	8.23970691	6.94137053	1.52838822	124.358357	117.549436	0	0	0	0	0	3
46	25	0.0597792883	0.452993173	8.1225558	7.00056286	1.52838822	124.358357	117.549436	0	0	0	0	0	3
47	25	0.0629026431	0.462840851	7.70793372	7.03568651	1.52838822	124.358357	117.549436	0	0	0	0	0	3
48	26	0.0662688484	0.472688528	7.235848	7.04585395	1.52838822	124.358357	117.549436	0	0	0	0	0	3
49	26	0.0698564367	0.482536206	7.33834806	7.06087545	1.52838822	124.358357	117.549436	0	0	0	0	0	3
50	27	0.0725778776	0.492383884	6.55076994	7.04174811	1.52838822	124.358357	117.549436	0	0	0	0	0	3
51	27	0.0753412154	0.502231561	6.97506007	7.03930215	1.52838822	124.358357	117.549436	0	0	0	0	0	3
52	28	0.0776696209	0.512079239	6.87263521	6.67172475	1.52838822	18.5190124	16.9906242	0	0	0	0	0	3
53	28	0.0789351348	0.521926917	9.47572016	6.68334166	1.52838822	11.3796002	9.85121201	0	0	0	0	0	3
54	29	0.0800986661	0.531774594	10.0977106	6.7315457	1.52838822	11.3796002	9.85121201	0	0	0	0	0	3
55	29	0.0821323496	0.541622272	10.4286614	6.8236071	1.52838822	11.3796002	9.85121201	0	0	0	0	0	3
56	30	0.0842243421	0.55146995	9.44194901	6.89020249	1.52838822	11.3796002	9.85121201	0	0	0	0	0	3
57	31	0.0863671123	0.561317627	9.35493302	6.94851779	1.52838822	11.3796002	9.85121201	0	0	0	0	0	3
58	31	0.0872316101	0.571165305	8.53283765	6.95386144	1.52838822	11.3796002	9.85121201	0	0	0	0	0	3
59	32	0.088337208	0.581012983	5.92001733	6.93245179	1.52838822	11.3796002	9.85121201	0	0	0	0	0	3
60	32	0.0899822895	0.59086066	5.73229305	6.90454521	1.52838822	11.3796002	9.85121201	0	0	0	0	0	3
61	33	0.0925181201	0.600708338	5.99635048	6.87888034	1.52838822	11.3796002	8.35801528	0	0	0	0	0	3
62	33	0.0948495194	0.610556016	4.40658928	6.81077151	1.52838822	11.3796002	7.05049937	0	0	0	0	0	3
63	34	0.0969310607	0.620403693	5.33838202	6.77719914	1.52838822	11.3796002	6.15156493	0	0	0	0	0	3
64	34	0.0996440763	0.630251371	4.98086186	6.72282143	1.52838822	11.3796002	5.69193044	0	0	0	0	0	3
65	35	0.101759974	0.640099049	2.99203489	6.6237259	1.52838822	11.3796002	5.29418011	0	0	0	0	0	3
66	35	0.104234624	0.649946726	3.1033524	6.52928343	1.52838822	11.3796002	5.07196425	0	0	0	0	0	3
67	36	0.106712495	0.659794404	3.96538141	6.43545081	1.52838822	11.3796002	4.89775898	0	0	0	0	0	3
68	36	0.10894491	0.669642082	6.00198097	6.41481946	1.52838822	11.3796002	4.68692419	0	0	0	0	0	3
69	37	0.112126556	0.679489759	6.9883354	6.42264924	1.52838822	11.3796002	4.35366226	0	0	0	0	0	3
70	37	0.114476104	0.689337437	7.00203976	6.43735771	1.52838822	11.3796002	4.08443883	0	0	0	0	0	3
71	37	0.116932232	0.699185115	8.76953867	6.48378527	1.52838822	11.3796002	3.66003874	0	0	0	0	0	3
72	38	0.119696009	0.709032792	8.66057799	6.53882202	1.52838822	11.3796002	3.4906443	0	0	0	0	0	3
73	38	0.12283186	0.71888047	8.80621226	6.5789259	1.52838822	11.3796002	3.36034696	0	0	0	0	0	3
74	39	0.126044976	0.728728148	7.58639903	6.5948513	1.52838822	11.3796002	3.26360174	0	0	0	0	0	3
75	39	0.129458898	0.738575825	7.29741075	6.60901383	1.52838822	11.3796002	3.17833785	0	0	0	0	0	3
76	40	0.133043729	0.748423503	7.41078995	6.62724322	1.52838822	11.3796002	3.17833785	0	0	0	0	0	3
77	40	0.136435668	0.758271181	6.80349805	6.62769666	1.52838822	11.3796002	3.17833785	0	0	0	0	0	3
78	41	0.138924133	0.768118859	6.65389634	6.60469807	1.52838822	11.3796002	3.17833785	0	0	0	0	0	3
79	41	0.140956038	0.777966536	7.99348902	6.58436266	1.52838822	11.3796002	3.17833785	0	0	0	0	0	3
80	42	0.14207845	0.787814214	8.12481679	6.56357034	1.52838822	11.3796002	3.17833785	0	0	0	0	0	3
81	42	0.143103534	0.797661892	8.72499992	6.50962387	1.52838822	10.4286614	3.14030507	0	0	0	0	0	3
82	43	0.144825394	0.807509569	10.0216982	6.55544226	1.52838822	10.4286614	2.92488189	0	0	0	0	0	3
83	44	0.147204353	0.817357247	10.6654746	6.64656394	1.52838822	10.6654746	2.63865475	0	0	0	0	0	3
84	44	0.148677744	0.827204925	8.92154709	6.70075474	1.52838822	10.6654746	2.35203243	0	0	0	0	0	3
85	45	0.151010772	0.837052602	7.25326718	6.73001966	1.52838822	10.6654746	2.07104521	0	0	0	0	0	3
86	45	0.153475602	0.84690028	7.80651957	6.78593894	1.52838822	10.6654746	1.90584792	0	0	0	0	0	3
87	46	0.155804909	0.856747958	8.14178497	6.83301086	1.52838822	10.6654746	1.66324153	0	0	0	0	0	3
88	46	0.158921322	0.866595635	5.73174021	6.84564054	1.52838822	10.6654746	1.14786899	0	0	0	0	0	3
89	47	0.162133611	0.876443313	4.64227798	6.92032559	1.52838822	10.6654746	0.848070966	0	0	0	0	0	3
90	47	0.164419133	0.886290991	2.31842492	6.92407303	2.31842492	10.6654746	0.646055987	0	0	0	0	0	3
91	48	0.167939877	0.896138668	2.3386292	6.86295058	2.31842492	10.6654746	0.646055987	0	0	0	0	0	3
92	48	0.170567885	0.905986346	3.03933649	6.83114651	2.31842492	10.6654746	0.646055987	0	0	0	0	0	3
93	48	0.173969948	0.915834024	4.25437031	6.79060728	2.31842492	10.6654746	0.646055987	0	0	0	0	0	3
94	49	0.176617352	0.925681701	6.12199506	6.78226346	2.31842492	10.6654746	0.646055987	0	0	0	0	0	3
95	49	0.179797276	0.935529379	7.0047188	6.75890778	2.31842492	10.6654746	0.646055987	0	0	0	0	0	3
96	50	0.183483438	0.945377057	7.31565999	6.74290672	2.31842492	10.6654746	0.646055987	0	0	0	0	0	3
97	50	0.186813252	0.955224734	7.27861683	6.72441404	2.31842492	10.6654746	0.646055987	0	0	0	0	0	3
98	50	0.190305036	0.965072412	7.05827882	6.70945281	2.31842492	10.6654746	0.646055987	0	0	0	0	0	3
99	51	0.193620812	0.97492009	7.11233217	6.70602846	2.31842492	10.6654746	0.646055987	0	0	0	0	0	3
100	51	0.19616547	0.984767767	7.57198732	6.70551438	2.31842492	10.6654746	0.626928643	0	0	0	0	0	3
101	53	0.199248078	0.994615445	7.43687187	6.72663707	2.31842492	10.6654746	0.624482683	0	0	0	0	0	3
102	53	0.201622163	1.00446312	6.03586756	6.70821448	2.31842492	10.6654746	0.539041981	1.07847129	0	100	0	0	3
103	53	0.20365383	1.0143108	8.12520845	6.72802666	2.31842492	10.6654746	0.539041981	1.07847129	0	100	0	0	3
104	54	0.204912296	1.02415848	9.30195975	6.72613713	2.31842492	10.6654746	0.539041981	1.07847129	0	100	0	0	3
105	55	0.206090005	1.03400616	9.00766475	6.71632728	2.31842492	10.6654746	0.539041981	1.07847129	0	100	0	0	3
106	55	0.207912472	1.04385383	10.2240866	6.70712918	2.31842492	10.6654746	0.539041981	1.07847129	0	100	0	0	3
107	56	0.210135138	1.05370151	10.3713279	6.7263735	2.31842492	10.6654746	0.539041981	1.07847129	0	100	0	0	3
108	56	0.211822783	1.06354919	8.55203713	6.70603703	2.31842492	10.6654746	0.539041981	1.07847129	0	100	0	0	3
109	57	0.214740045	1.07339687	7.62329107	6.71463728	2.31842492	10.6654746	0.517632326	1.07847129	0	100	0	0	3
110	57	0.217518732	1.08324454	4.37290365	6.67106746	2.31842492	10.6654746	0.509253565	1.07847129	0	100	0	0	3
111	58	0.217960137	1.09309222	5.76139803	6.67999735	2.31842492	10.6654746	0.509253565	1.07847129	0	100	0	0	3
112	58	0.21892951	1.1029399	5.98745758	6.68840074	2.31842492	10.6654746	0.509253565	1.07847129	0	100	0	0	3
113	59	0.220945822	1.11278758	10.8094246	6.79648547	2.31842492	10.8094246	0.509253565	1.07847129	0	100	0	0	3
114	59	0.222551907	1.12263525	8.47152599	6.84206198	2.31842492	10.8094246	0.509253565	1.07847129	0	100	0	0	3
115	60	0.224679545	1.13248293	7.22857675	6.88902328	2.31842492	10.8094246	0.509253565	1.07847129	0	100	0	0	3
116	60	0.226285079	1.14233061	3.53059826	6.91193883	2.31842492	10.8094246	0.509253565	1.07847129	0	100	0	0	3
117	61	0.228653188	1.15217829	2.79907402	6.90940874	2.31842492	10.8094246	0.509253565	1.07847129	0	100	0	0	3
118	61	0.231319651	1.16202597	1.00556487	6.84161599	1.00556487	10.8094246	0.509253565	1.08204857	0	100	0	0	3
119	62	0.23384603	1.17187364	1.6786948	6.75219258	1.00556487	10.8094246	0.501423784	1.085205	0	100	0	0	3
120	62	0.236375746	1.18172132	2.84126198	6.66651905	1.00556487	10.8094246	0.486715314	1.08801072	0	100	0	0	3
121	63	0.239742584	1.191569	5.18460409	6.62039586	1.00556487	10.8094246	0.44028776	1.0905211	0	100	0	0	3
122	63	0.242419808	1.20141668	6.64000242	6.57874967	1.00556487	10.8094246	0.414449156	1.09278044	0	100	0	0	3
123	63	0.245310283	1.21126435	4.81177012	6.49228563	1.00556487	10.8094246	0.431787401	1.0948246	0	100	0	0	3
124	64	0.248362822	1.22111203	6.79241141	6.4417803	1.00556487	10.8094246	0.482292724	1.09668293	0	100	0	0	3
125	64	0.251421139	1.23095971	6.82443588	6.4217804	1.00556487	10.8094246	0.502292625	1.09837967	0	100	0	0	3
126	65	0.254592767	1.24080739	6.11572348	6.39013403	1.00556487	10.8094246	0.533938997	1.09993501	0	100	0	0	3
127	65	0.25799955	1.25065506	6.44114511	6.36224341	1.00556487	10.8094246	0.561829616	1.10136593	0	100	0	0	3
128	66	0.261264542	1.26050274	5.87119696	6.33740964	1.00556487	10.8094246	0.586663387	1.10268677	0	100	0	0	3
129	66	0.264479529	1.27035042	6.04587191	6.32367183	1.00556487	10.8094246	0.600401195	1.10390978	0	100	0	0	3
130	67	0.267194228	1.2801981	7.35275882	6.31892486	1.00556487	10.8094246	0.60514817	1.10504543	0	100	0	0	3
131	67	0.268169143	1.29004578	9.77797813	6.32959439	1.00556487	10.8094246	0.60514817	1.10610275	0	100	0	0	3
132	68	0.269370399	1.29989345	11.8208336	6.36238917	1.00556487	11.8208336	0.60514817	1.10869974	0	100	0	0	3
133	68	0.271648209	1.30974113	10.0436096	6.37882393	1.00556487	11.8208336	0.60514817	1.11112918	0	100	0	0	3
134	69	0.273451527	1.31958881	9.67460842	6.34512479	1.00556487	11.8208336	0.60514817	1.11340678	0	100	0	0	3
135	70	0.275430408	1.32943649	9.75439392	6.36840211	1.00556487	11.8208336	0.60514817	1.11554634	0	100	0	0	3
136	70	0.277883173	1.33928416	8.48575906	6.3930644	1.00556487	11.8208336	0.60514817	1.11756005	0	100	0	0	3
137	71	0.280438986	1.34913184	7.26670593	6.38321068	1.00556487	11.8208336	0.60514817	1.11945868	0	100	0	0	3
138	72	0.283945062	1.35897952	6.91857091	6.36589179	1.00556487	11.8208336	0.60514817	1.12125184	0	100	0	0	3
139	72	0.286844991	1.3688272	2.97321631	6.30443141	1.00556487	11.8208336	0.619641618	1.12294807	0	100	0	0	3
140	73	0.288902756	1.37867487	3.49176339	6.30089353	1.00556487	11.8208336	0.623179493	1.12455503	0	100	0	0	3
141	73	0.292360911	1.38852255	3.25740183	6.28977249	1.00556487	11.8208336	0.622166332	1.12607957	0	100	0	0	3
142	74	0.295445583	1.39837023	3.37310251	6.32831187	1.00556487	11.8208336	0.622166332	1.12752789	0	100	0	0	3
143	74	0.299339914	1.40821791	4.39362481	6.33692509	1.00556487	11.8208336	0.622166332	1.12890556	0	100	0	0	3
144	74	0.301229454	1.41806558	6.57646183	6.39615522	1.00556487	11.8208336	0.622166332	1.13021763	0	100	0	0	3
145	75	0.304325613	1.42791326	7.93611967	6.43917348	1.00556487	11.8208336	0.622166332	1.13146867	0	100	0	0	3
146	75	0.30711373	1.43776094	8.20852822	6.46379542	1.00556487	11.8208336	0.622166332	1.13266285	0	100	0	0	3
147	76	0.310098397	1.44760862	8.29385353	6.4821345	1.00556487	11.8208336	0.622166332	1.13380395	0	100	0	0	3
148	76	0.313219474	1.4574563	8.20220006	6.50362332	1.00556487	11.8208336	0.622166332	1.13489543	0	100	0	0	3
149	77	0.316561424	1.46730397	7.32951188	6.5101445	1.00556487	11.8208336	0.622166332	1.13594047	0	100	0	0	3
150	77	0.319755105	1.47715165	6.97149844	6.50599573	1.00556487	11.8208336	0.622166332	1.13694197	0	100	0	0	3
151	78	0.32314622	1.48699933	7.0415438	6.49893577	1.00556487	11.8208336	0.622166332	1.13790259	0	100	0	0	3
152	78	0.326270604	1.49684701	7.27321124	6.49521867	1.00556487	11.8208336	0.622166332	1.13882479	0	100	0	0	3
153	79	0.328742236	1.50669468	9.1280006	6.55498742	1.00556487	11.8208336	0.622166332	1.13971082	0	100	0	0	3
154	79	0.330169713	1.51654236	9.88227734	6.56731366	1.00556487	11.8208336	0.622166332	1.14056277	0	100	0	0	3
155	80	0.33158615	1.52639004	8.73112687	6.56434102	1.00556487	11.8208336	0.622166332	1.14138257	0	100	0	0	3
156	80	0.333243971	1.53623772	10.7061933	6.59571188	1.00556487	11.8208336	0.622166332	1.14217201	0	100	0	0	3
157	81	0.335476199	1.54608539	11.9040879	6.6367652	1.00556487	11.9040879	0.622166332	1.14309846	0	100	0	0	3
158	82	0.336591377	1.55593307	9.62683899	6.59749294	1.00556487	11.9040879	0.622166332	1.14399182	0	100	0	0	3
159	82	0.33823337	1.56578075	8.64648863	6.59801393	1.00556487	11.9040879	0.622166332	1.14485384	0	100	0	0	3
160	83	0.339978388	1.57562843	7.60167882	6.58811609	1.00556487	11.9040879	0.622166332	1.14568613	0	100	0	0	3
161	83	0.341666788	1.58547611	9.6375652	6.67916926	1.00556487	11.9040879	0.622166332	1.14649021	0	100	0	0	3
162	84	0.343054533	1.59532378	7.26465314	6.6889028	1.00556487	11.9040879	0.622166332	1.14726748	0	100	0	0	3
163	84	0.344862829	1.60517146	6.56381886	6.69250608	1.00556487	11.9040879	0.622166332	1.14801927	0	100	0	0	3
164	85	0.346802392	1.61501914	6.19100504	6.61882151	1.00556487	11.9040879	0.622166332	1.14874681	0	100	0	0	3
165	85	0.349207709	1.62486682	3.6238779	6.53845101	1.00556487	11.9040879	0.622166332	1.14945126	0	100	0	0	3
166	86	0.352549577	1.63471449	0.81561187	6.37740224	0.81561187	11.9040879	0.622166332	1.15045861	0	100	0	0	3
167	86	0.353576163	1.64456217	1.12662283	6.37096243	0.81561187	11.9040879	0.619636246	1.15143497	0	100	0	0	3
168	87	0.356361501	1.65440985	2.91679568	6.36186039	0.81561187	11.9040879	0.551843496	1.15238174	0	100	0	0	3
169	87	0.35876454	1.66425753	2.96542283	6.4098858	0.81561187	11.9040879	0.462420085	1.15330026	0	100	0	0	3
170	88	0.362053622	1.6741052	3.24373477	6.42189018	0.81561187	11.9040879	0.402733584	1.15419175	0	100	0	0	3
171	88	0.364490032	1.68395288	4.46517979	6.45538078	0.81561187	11.9040879	0.402733584	1.15505741	0	100	0	0	3
172	88	0.367987573	1.69380056	6.20257145	6.48184799	0.81561187	11.9040879	0.402733584	1.15589833	0	100	0	0	3
173	89	0.370718847	1.70364824	7.11364528	6.49199769	0.81561187	11.9040879	0.402733584	1.15671557	0	100	0	0	3
174	89	0.37437411	1.71349592	7.11613034	6.54730385	0.81561187	11.9040879	0.402733584	1.1575101	0	100	0	0	3
175	90	0.377741345	1.72334359	6.47663359	6.53968153	0.81561187	11.9040879	0.402733584	1.15828287	0	100	0	0	3
176	90	0.381188052	1.73319127	6.64904132	6.53587519	0.81561187	11.9040879	0.402733584	1.15903475	0	100	0	0	3
177	91	0.384758514	1.74303895	6.89370681	6.555928	0.81561187	11.9040879	0.402733584	1.15976658	0	100	0	0	3
178	91	0.387360092	1.75288663	6.90709556	6.56601322	0.81561187	11.9040879	0.402733584	1.16047915	0	100	0	0	3
179	92	0.390193966	1.7627343	6.4966616	6.58208431	0.81561187	11.9040879	0.402733584	1.16117321	0	100	0	0	3
180	92	0.392419755	1.77258198	7.75165984	6.61590592	0.81561187	11.9040879	0.402733584	1.16184948	0	100	0	0	3
181	93	0.393806935	1.78242966	9.75999216	6.63455397	0.81561187	11.9040879	0.402733584	1.16250862	0	100	0	0	3
182	94	0.395013574	1.79227734	10.5245412	6.64739833	0.81561187	11.9040879	0.402733584	1.16315129	0	100	0	0	3
183	94	0.39709718	1.80212501	9.28865923	6.64182962	0.81561187	11.9040879	0.402733584	1.16377809	0	100	0	0	3
184	95	0.398970291	1.81197269	8.54141623	6.60891725	0.81561187	11.9040879	0.402733584	1.1643896	0	100	0	0	3
185	95	0.400937051	1.82182037	9.90868648	6.6164588	0.81561187	11.9040879	0.402733584	1.16498638	0	100	0	0	3
186	96	0.403421108	1.83166805	9.15658418	6.61724179	0.81561187	11.9040879	0.402733584	1.16556894	0	100	0	0	3
187	97	0.405346123	1.84151572	7.59102173	6.59599253	0.81561187	11.9040879	0.402733584	1.1661378	0	100	0	0	3
188	97	0.407987848	1.8513634	6.30103994	6.57644393	0.81561187	11.9040879	0.402733584	1.16669343	0	100	0	0	3
189	98	0.411379703	1.86121108	5.97453428	6.55101039	0.81561187	11.9040879	0.402733584	1.16723629	0	100	0	0	3
190	98	0.413425385	1.87105876	4.67349636	6.60263411	0.81561187	11.9040879	0.402733584	1.16776681	0	100	0	0	3
191	99	0.416756244	1.88090644	3.59089158	6.5742403	0.81561187	11.9040879	0.402733584	1.16828541	0	100	0	0	3
192	99	0.419881882	1.89075411	3.94568597	6.59975948	0.81561187	11.9040879	0.36419421	1.16879248	0	100	0	0	3
193	100	0.422943341	1.90060179	4.36156885	6.62408188	0.81561187	11.9040879	0.355580992	1.16928841	0	100	0	0	3
194	100	0.425477609	1.91044947	6.25589767	6.68554694	0.81561187	11.9040879	0.33064569	1.16977356	0	100	0	0	3
195	101	0.428772118	1.92029715	6.56586453	6.68407155	0.81561187	11.9040879	0.33064569	1.17024827	0	100	0	0	3
196	101	0.431279068	1.93014482	7.76356538	6.67485319	0.81561187	11.9040879	0.33064569	1.17071289	0	100	0	0	3
197	102	0.434031915	1.9399925	7.65613881	6.6624457	0.81561187	11.9040879	0.33064569	1.17116772	0	100	0	0	3
198	102	0.437001913	1.94984018	7.64180946	6.64699695	0.81561187	11.9040879	0.33064569	1.17161308	0	100	0	0	3
199	103	0.439985487	1.95968786	7.18788306	6.62143698	0.81561187	11.9040879	0.33064569	1.17204925	0	100	0	0	3
200	103	0.443122204	1.96953553	6.90713755	6.60982052	0.81561187	11.9040879	0.33064569	1.17247652	0	100	0	0	3
201	104	0.446146973	1.97938321	7.91590341	6.63193836	0.81561187	11.9040879	0.33064569	1.17289516	0	100	0	0	3
202	105	0.448220487	1.98923089	7.39082469	6.63341381	0.81561187	11.9040879	0.33064569	1.17330543	0	100	0	0	3
203	105	0.451114818	1.99907857	7.67774608	6.6416134	0.81561187	11.9040879	0.33064569	1.17370758	0	100	0	0	3
204	106	0.453381073	2.00892625	7.23535984	6.6031033	0.81561187	11.9040879	0.33064569	1.17410184	0	100	0	0	3
205	107	0.455133466	2.01877392	8.27891426	6.58914512	0.81561187	11.9040879	0.33064569	1.17448844	0	100	0	0	3
206	107	0.456261658	2.0286216	8.4385119	6.58154506	0.81561187	11.9040879	0.33064569	1.17486761	0	100	0	0	3
207	108	0.45743904	2.03846928	8.68237896	6.5464032	0.81561187	11.9040879	0.33064569	1.17523956	0	100	0	0	3
208	108	0.459295611	2.04831696	10.0102422	6.5017518	0.81561187	10.5245412	0.33064569	1.17560448	0	100	0	0	3
209	109	0.461603918	2.05816463	10.367277	6.54524975	0.81561187	10.5245412	0.33064569	1.17596259	0	100	0	0	3
210	109	0.463659154	2.06801231	9.13877923	6.56023947	0.81561187	10.5245412	0.33064569	1.17631407	0	100	0	0	3
211	110	0.466463571	2.07785999	7.93267105	6.57630095	0.81561187	10.5245412	0.33064569	1.17665909	0	100	0	0	3
212	110	0.469396992	2.08770767	7.19212312	6.54997848	0.81561187	10.5245412	0.33064569	1.17699785	0	100	0	0	3
213	111	0.471890701	2.09755534	6.85610489	6.54820573	0.81561187	10.5245412	0.33064569	1.1773305	0	100	0	0	3
214	111	0.475036056	2.10740302	5.76779345	6.52913186	0.81561187	10.5245412	0.323686548	1.17765721	0	100	0	0	3
215	112	0.477342844	2.1172507	3.03464049	6.47240436	0.81561187	10.5245412	0.323686548	1.17797814	0	100	0	0	3
216	113	0.479610909	2.12709838	2.95753779	6.46381306	0.81561187	10.5245412	0.323686548	1.17829343	0	100	0	0	3
217	113	0.482455804	2.13694606	2.63684396	6.52530522	1.12662283	10.5245412	0.323686548	1.17860325	0	100	0	0	3
218	113	0.485068198	2.14679373	3.55301907	6.50840251	2.63684396	10.5245412	0.323686548	1.17890772	0	100	0	0	3
219	114	0.488615305	2.15664141	5.56389799	6.5587117	2.63684396	10.5245412	0.275661135	1.17920699	0	100	0	0	3
220	114	0.491054945	2.16648909	7.16861854	6.63523096	2.63684396	10.5245412	0.263656754	1.17950118	0	100	0	0	3
221	115	0.493525335	2.17633677	8.16559389	6.74883337	2.63684396	10.5245412	0.293452597	1.17979043	0	100	0	0	3
222	115	0.496574209	2.18618444	7.46653617	6.80752399	2.63684396	10.5245412	0.343710932	1.18007486	0	100	0	0	3
223	115	0.499593291	2.19603212	7.4920289	6.83930394	2.63684396	10.5245412	0.375490881	1.18035459	0	100	0	0	3
224	116	0.502621412	2.2058798	7.4426386	6.84747413	2.63684396	10.5245412	0.383661072	1.18062973	0	100	0	0	3
225	116	0.505807868	2.21572748	6.98870169	6.84342651	2.63684396	10.5245412	0.383661072	1.1809004	0	100	0	0	3
226	117	0.509137983	2.22557515	7.48447438	6.86907283	2.63684396	10.5245412	0.405259777	1.1811667	0	100	0	0	3
227	117	0.512349617	2.23542283	6.88410837	6.87522305	2.63684396	10.5245412	0.411409999	1.18142875	0	100	0	0	3
228	118	0.515286855	2.24527051	7.34192565	6.88521951	2.63684396	10.5245412	0.421406457	1.18168663	0	100	0	0	3
229	118	0.517863758	2.25511819	8.44017421	6.91548729	2.63684396	10.5245412	0.45167423	1.18194045	0	100	0	0	3
230	119	0.518977469	2.26496586	9.38944737	6.94609816	2.63684396	10.5245412	0.482285102	1.18219031	0	100	0	0	3
231	120	0.520211918	2.27481354	9.83638422	6.95998712	2.63684396	10.5245412	0.496174061	1.18243629	0	100	0	0	3
232	120	0.522042556	2.28466122	11.0919176	6.98868395	2.63684396	11.0919176	0.524870899	1.18267849	0	100	0	0	3
233	121	0.524223208	2.2945089	11.3213203	7.02878524	2.63684396	11.3213203	0.564972186	1.18291699	0	100	0	0	3
234	121	0.525790049	2.30435658	9.72151986	7.02498084	2.63684396	11.3213203	0.564972186	1.18315187	0	100	0	0	3
235	122	0.528311257	2.31420425	8.34706514	7.02879089	2.63684396	11.3213203	0.564977836	1.18338323	0	100	0	0	3
236	122	0.530882186	2.32405193	7.43832886	6.99330539	2.63684396	11.3213203	0.564977836	1.18361113	0	100	0	0	3
237	123	0.533668087	2.33389961	5.6965174	6.92431007	2.63684396	11.3213203	0.564977836	1.18383565	0	100	0	0	3
238	124	0.535605152	2.34374729	9.32096833	6.95009756	2.63684396	11.3213203	0.564977836	1.18405688	0	100	0	0	3
239	124	0.538265263	2.35359496	6.53343365	6.95475117	2.63684396	11.3213203	0.564977836	1.18427487	0	100	0	0	3
240	124	0.539567676	2.36344264	3.72455719	6.94786836	2.63684396	11.3213203	0.564977836	1.18448971	0	100	0	0	3
241	125	0.541108901	2.37329032	4.44802148	6.95413239	2.63684396	11.3213203	0.564977836	1.18470145	0	100	0	0	3
242	125	0.543864732	2.383138	2.44257903	6.94445091	2.44257903	11.3213203	0.564977836	1.18491017	0	100	0	0	3
243	126	0.546761544	2.39298567	1.74291706	6.89956735	1.74291706	11.3213203	0.564977836	1.18511592	0	100	0	0	3
244	126	0.548488166	2.40283335	4.86044374	6.9334133	1.74291706	11.3213203	0.564977836	1.18531878	0	100	0	0	3
245	127	0.550615407	2.41268103	5.39528892	6.92098735	1.74291706	11.3213203	0.564977836	1.18551881	0	100	0	0	3
246	127	0.554315836	2.42252871	5.34248655	6.88377981	1.74291706	11.3213203	0.564977836	1.18571605	0	100	0	0	3
247	128	0.556912773	2.43237639	7.0912254	6.87051222	1.74291706	11.3213203	0.564977836	1.18591058	0	100	0	0	3
248	128	0.559800188	2.44222406	8.26852272	6.88541206	1.74291706	11.3213203	0.564977836	1.18610243	0	100	0	0	3
249	128	0.562802463	2.45207174	7.54936563	6.88339993	1.74291706	11.3213203	0.564977836	1.18629168	0	100	0	0	3
250	129	0.565930125	2.46191942	6.88507071	6.87622835	1.74291706	11.3213203	0.564977836	1.18647837	0	100	0	0	3
251	129	0.56921284	2.4717671	6.95055092	6.87739438	1.74291706	11.3213203	0.564977836	1.18666256	0	100	0	0	3
252	130	0.572541103	2.48161477	7.29860884	6.86363316	1.74291706	11.3213203	0.564977836	1.18684429	0	100	0	0	3
253	130	0.575499483	2.49146245	6.61659567	6.84930268	1.74291706	11.3213203	0.564977836	1.18702361	0	100	0	0	3
254	131	0.578478948	2.50131013	7.12314704	6.83688254	1.74291706	11.3213203	0.564977836	1.18720058	0	100	0	0	3
255	131	0.580321605	2.51115781	7.18545744	6.83482845	1.74291706	11.3213203	0.564977836	1.18737523	0	100	0	0	3
256	132	0.581588179	2.52100548	8.99757002	6.83647856	1.74291706	11.3213203	0.564977836	1.18754761	0	100	0	0	3
257	133	0.582855188	2.53085316	9.57706522	6.8496305	1.74291706	11.3213203	0.564977836	1.18771776	0	100	0	0	3
258	133	0.584765667	2.54070084	10.6365349	6.88950397	1.74291706	11.3213203	0.564977836	1.18788574	0	100	0	0	3
259	134	0.586799339	2.55054852	11.1209195	6.9115538	1.74291706	11.3213203	0.564977836	1.18764521	0	100	0	0	3
260	134	0.588591137	2.5603962	9.66671153	6.88761296	1.74291706	11.3213203	0.564977836	1.18740773	0	100	0	0	3
261	135	0.591512971	2.57024387	8.68785563	6.89256651	1.74291706	11.3213203	0.564977836	1.18717323	0	100	0	0	3
262	135	0.592543352	2.58009155	9.33385377	6.88938257	1.74291706	11.3213203	0.564977836	1.18694167	0	100	0	0	3
263	136	0.59518568	2.58993923	12.437848	6.99887415	1.74291706	12.437848	0.564977836	1.18747219	0	100	0	0	3
264	137	0.596126307	2.59978691	13.8806256	7.05384379	1.74291706	13.8806256	0.590030736	1.18897116	0	100	0	0	3
265	137	0.597046651	2.60963458	14.6998719	7.14467249	1.74291706	14.6998719	0.680859437	1.19100197	0	100	0	0	3
266	138	0.59816342	2.61948226	5.14117136	7.20462526	1.74291706	14.6998719	0.740812201	1.19300802	0	100	0	0	3
267	138	0.599261294	2.62932994	6.93994458	7.28270341	1.74291706	14.6998719	0.774300898	1.19498975	0	100	0	0	3
268	139	0.600346714	2.63917762	3.22454545	7.35745201	1.74291706	14.6998719	0.849049498	1.19674249	0	100	0	0	3
269	139	0.60146817	2.64902529	-1.55349775	7.35698329	-1.55349775	14.6998719	0.798740305	1.20023118	0	100	0	0	3
270	140	0.602769863	2.65887297	-3.51311461	7.28874892	-3.51311461	14.6998719	0.72222105	1.20495531	0	100	0	0	3
271	140	0.60438795	2.66872065	-2.60672601	7.15005439	-3.51311461	14.6998719	0.608618635	1.20962353	0	100	0	0	3
272	141	0.606572723	2.67856833	0.486549729	6.99908212	-3.51311461	14.6998719	0.549928022	1.21423684	0	100	0	0	3
273	141	0.609109991	2.688416	0.17975379	6.83266684	-3.51311461	14.6998719	0.52478517	1.21879618	0	100	0	0	3
274	142	0.611152463	2.69826368	2.06906198	6.72760872	-3.51311461	14.6998719	0.629843293	1.22330251	0	100	0	0	3
275	142	0.613884412	2.70811136	3.95588577	6.64009173	-3.51311461	14.6998719	0.71736028	1.22775674	0	100	0	0	3
276	143	0.616823932	2.71795904	4.63818386	6.57707851	-3.51311461	14.6998719	0.780373495	1.23215978	0	100	0	0	3
277	143	0.619569704	2.72780672	6.38971308	6.54505697	-3.51311461	14.6998719	0.812395043	1.23651249	0	100	0	0	3
278	144	0.623886168	2.73765439	6.44427704	6.53139398	-3.51311461	14.6998719	0.826058027	1.24081575	0	100	0	0	3
279	144	0.626585753	2.74750207	7.65520276	6.5372619	-3.51311461	14.6998719	0.826058027	1.24507038	0	100	0	0	3
280	145	0.630005367	2.75734975	6.78540872	6.50110178	-3.51311461	14.6998719	0.85635023	1.2492772	0	100	0	0	3
281	145	0.633163281	2.76719743	6.69633358	6.47832963	-3.51311461	14.6998719	0.879122379	1.25343702	0	100	0	0	3
282	146	0.636276814	2.7770451	7.93418665	6.48166838	-3.51311461	14.6998719	0.879122379	1.25755062	0	100	0	0	3
283	146	0.637879968	2.78689278	6.38707746	6.40750116	-3.51311461	14.6998719	0.949950852	1.26161876	0	100	0	0	3
284	147	0.640603632	2.79674046	6.79485961	6.32449496	-3.51311461	14.6998719	1.03295705	1.2656422	0	100	0	0	3
285	147	0.64318666	2.80658814	7.16887623	6.29773491	-3.51311461	14.6998719	1.0597171	1.26962167	0	100	0	0	3
286	148	0.64441589	2.81643581	9.98751844	6.29229851	-3.51311461	14.6998719	1.0651535	1.27355788	0	100	0	0	3
287	148	0.645466715	2.82628349	9.81413966	6.29888295	-3.51311461	14.6998719	1.0651535	1.27745154	0	100	0	0	3
288	149	0.647392039	2.83613117	10.8157506	6.39010881	-3.51311461	14.6998719	1.0651535	1.28130334	0	100	0	0	3
289	150	0.649320849	2.84597885	9.66861538	6.39579271	-3.51311461	14.6998719	1.0651535	1.28511393	0	100	0	0	3
290	150	0.651584275	2.85582653	9.56960299	6.45595513	-3.51311461	14.6998719	1.0651535	1.28888399	0	100	0	0	3
291	151	0.653616055	2.8656742	7.80658742	6.51120884	-3.51311461	14.6998719	1.0651535	1.29261416	0	100	0	0	3
292	151	0.656085711	2.87552188	7.41237411	6.55822184	-3.51311461	14.6998719	1.0651535	1.29630505	0	100	0	0	3
293	152	0.658631467	2.88536956	6.36685285	6.65280358	-3.51311461	14.6998719	1.0651535	1.2999573	0	100	0	0	3
294	153	0.661568758	2.89521724	6.74503502	6.77904938	-3.51311461	14.6998719	1.0651535	1.30357151	0	100	0	0	3
295	153	0.663815932	2.90506491	4.59769834	6.76526979	-3.51311461	14.6998719	1.0651535	1.30714826	0	100	0	0	3
296	154	0.667153001	2.91491259	3.85400891	6.70691269	-3.51311461	14.6998719	1.0651535	1.31068814	0	100	0	0	3
297	154	0.66986863	2.92476027	3.05882835	6.6648723	-3.51311461	14.6998719	1.0651535	1.31419172	0	100	0	0	3
298	155	0.672607542	2.93460795	4.66514033	6.60796132	-3.51311461	14.6998719	1.0651535	1.31765954	0	100	0	0	3
299	155	0.675714936	2.94445562	4.74123032	6.5165545	-3.51311461	14.6998719	1.0651535	1.32109216	0	100	0	0	3
300	156	0.678205751	2.9543033	5.67243545	6.4714663	-3.51311461	14.6998719	1.0651535	1.3244901	0	100	0	0	3
301	157	0.681549576	2.96415098	7.25974382	6.48307548	-3.51311461	14.6998719	1.0651535	1.32785389	0	100	0	0	3
302	157	0.68427967	2.97399866	6.96043199	6.48106482	-3.51311461	14.6998719	1.0651535	1.33118405	0	100	0	0	3
303	157	0.687167866	2.98384633	7.4472891	6.48167239	-3.51311461	14.6998719	1.0651535	1.33448107	0	100	0	0	3
304	158	0.690135894	2.99369401	8.08975565	6.51982503	-3.51311461	14.6998719	1.0651535	1.33774544	0	100	0	0	3
305	158	0.693397606	3.00354169	7.14615796	6.52195994	-3.51311461	14.6998719	1.0651535	1.34097766	0	100	0	0	3
306	159	0.69656592	3.01338937	7.07920197	6.52663044	-3.51311461	14.6998719	1.0651535	1.34417818	0	100	0	0	3
307	159	0.699972252	3.02323705	7.03957839	6.51495357	-3.51311461	14.6998719	1.0651535	1.34734748	0	100	0	0	3
308	160	0.703123121	3.03308472	7.20177543	6.50068843	-3.51311461	14.6998719	1.0651535	1.35048601	0	100	0	0	3
309	161	0.705588616	3.0429324	8.21718324	6.47031806	-3.51311461	14.6998719	1.0651535	1.35359422	0	100	0	0	3
310	161	0.707387259	3.05278008	8.80744946	6.4267471	-3.51311461	14.6998719	1.0651535	1.35667254	0	100	0	0	3
311	162	0.708720511	3.06262776	9.12007564	6.40831299	-3.51311461	14.6998719	1.0651535	1.35972141	0	100	0	0	3
312	163	0.710580402	3.07247543	10.0007843	6.40849072	-3.51311461	14.6998719	1.0651535	1.36274123	0	100	0	0	3
313	163	0.712809491	3.08232311	11.2695523	6.47352563	-3.51311461	14.6998719	1.0651535	1.36573243	0	100	0	0	3
314	164	0.713882783	3.09217079	9.68870478	6.36982577	-3.51311461	14.6998719	1.0651535	1.36869542	0	100	0	0	3
315	165	0.716160251	3.10201847	8.88851804	6.35875707	-3.51311461	14.6998719	1.0651535	1.37163058	0	100	0	0	3
316	165	0.718504865	3.11186614	7.5877671	6.31927729	-3.51311461	11.2695523	1.0651535	1.37453831	0	100	0	0	3
317	166	0.720748952	3.12171382	6.33531787	6.33030361	-3.51311461	11.2695523	1.0651535	1.37741899	0	100	0	0	3
318	167	0.723819127	3.1315615	5.56938915	6.30617466	-3.51311461	11.2695523	1.0651535	1.380273	0	100	0	0	3
319	167	0.726886307	3.14140918	5.62554453	6.31611025	-3.51311461	11.2695523	1.06468478	1.38310071	0	100	0	0	3
320	168	0.729176315	3.15125686	5.24500368	6.36600976	-3.51311461	11.2695523	0.996450408	1.38590247	0	100	0	0	3
321	168	0.732293083	3.16110453	3.36278932	6.39302612	-2.60672601	11.2695523	0.857755875	1.38867864	0	100	0	0	3
322	169	0.734962104	3.17095221	2.13101666	6.41743367	0.17975379	11.2695523	0.706783613	1.39142958	0	100	0	0	3
323	169	0.7374039	3.18079989	3.28620445	6.45803415	0.17975379	11.2695523	0.540368328	1.39415562	0	100	0	0	3
324	170	0.740442842	3.19064757	5.10525636	6.54802434	2.06906198	11.2695523	0.486750871	1.39685711	0	100	0	0	3
325	170	0.74396121	3.20049524	5.66801998	6.59359344	2.13101666	11.2695523	0.486750871	1.39953436	0	100	0	0	3
326	171	0.746389974	3.21034292	7.93239896	6.67251636	2.13101666	11.2695523	0.486750871	1.40218771	0	100	0	0	3
327	171	0.749342526	3.2201906	9.02197768	6.76998847	2.13101666	11.2695523	0.486750871	1.40481748	0	100	0	0	3
328	171	0.75254549	3.23003828	7.71881069	6.80069476	2.13101666	11.2695523	0.508396247	1.40742397	0	100	0	0	3
329	172	0.756021848	3.23988595	7.00586211	6.81773557	2.13101666	11.2695523	0.52543706	1.4100075	0	100	0	0	3
330	172	0.759182136	3.24973363	6.68118301	6.79743065	2.13101666	11.2695523	0.52543706	1.41256836	0	100	0	0	3
331	173	0.762709479	3.25958131	6.93991572	6.80152776	2.13101666	11.2695523	0.52543706	1.41510686	0	100	0	0	3
332	173	0.765857864	3.26942899	7.16031567	6.81254401	2.13101666	11.2695523	0.52543706	1.41762329	0	100	0	0	3
333	174	0.768266302	3.27927667	7.79244962	6.80396584	2.13101666	11.2695523	0.52543706	1.42011793	0	100	0	0	3
334	175	0.770274351	3.28912434	8.39700409	6.8331758	2.13101666	11.2695523	0.540877291	1.42259106	0	100	0	0	3
335	175	0.771666373	3.29897202	9.08303556	6.85786789	2.13101666	11.2695523	0.565569377	1.42504297	0	100	0	0	3
336	176	0.773382268	3.3088197	10.3178614	6.89729813	2.13101666	11.2695523	0.604999618	1.42747392	0	100	0	0	3
337	176	0.775551282	3.31866738	11.0265516	6.9366301	2.13101666	11.2695523	0.63774715	1.42988418	0	100	0	0	3
338	177	0.777067778	3.32851505	9.68914459	6.94537182	2.13101666	11.2695523	0.639197159	1.43227401	0	100	0	0	3
339	178	0.779173283	3.33836273	8.62758609	6.91570278	2.13101666	11.2695523	0.639197159	1.43464368	0	100	0	0	3
340	178	0.781500798	3.34821041	7.23074099	6.88107886	2.13101666	11.2695523	0.639197159	1.43699343	0	100	0	0	3
341	179	0.783750541	3.35805809	8.64482216	6.86505883	2.13101666	11.2695523	0.639197159	1.43932352	0	100	0	0	3
342	179	0.786463934	3.36790576	7.39197651	6.86142126	2.13101666	11.2695523	0.639197159	1.44163419	0	100	0	0	3
343	180	0.789713029	3.37775344	5.61591687	6.82095478	2.13101666	11.2695523	0.639197159	1.44392569	0	100	0	0	3
344	180	0.791922653	3.38760112	4.34383398	6.7885635	2.13101666	11.2695523	0.639197159	1.44619825	0	100	0	0	3
345	181	0.794205244	3.3974488	3.96924673	6.74100878	2.13101666	11.2695523	0.639197159	1.4484521	0	100	0	0	3
346	181	0.797004678	3.40729647	1.18020462	6.6602909	1.18020462	11.2695523	0.639197159	1.45068748	0	100	0	0	3
347	182	0.799948586	3.41714415	2.29963889	6.63414093	1.18020462	11.2695523	0.639197159	1.45290462	0	100	0	0	3
348	182	0.802947277	3.42699183	3.52557454	6.63705345	1.18020462	11.2695523	0.639197159	1.45510372	0	100	0	0	3
349	182	0.806389428	3.43683951	5.23175299	6.64126658	1.18020462	11.2695523	0.639197159	1.45728502	0	100	0	0	3
350	183	0.809563457	3.44668719	5.77054238	6.66472934	1.18020462	11.2695523	0.639197159	1.45944873	0	100	0	0	3
351	183	0.812438569	3.45653486	6.99623855	6.69024282	1.18020462	11.2695523	0.639197159	1.46159506	0	100	0	0	3
352	184	0.81548654	3.46638254	7.01561549	6.68342928	1.18020462	11.2695523	0.639197159	1.46372422	0	100	0	0	3
353	184	0.818782789	3.47623022	6.28065334	6.667936	1.18020462	11.2695523	0.639197159	1.46583642	0	100	0	0	3
354	185	0.821967634	3.4860779	6.36666738	6.64411981	1.18020462	11.2695523	0.639197159	1.46793185	0	100	0	0	3
355	185	0.824544873	3.49592557	7.40480059	6.62678293	1.18020462	11.2695523	0.639197159	1.47001071	0	100	0	0	3
356	186	0.826988273	3.50577325	7.19654009	6.62452299	1.18020462	11.2695523	0.639197159	1.47207321	0	100	0	0	3
357	186	0.829830546	3.51562093	7.28308821	6.62775908	1.18020462	11.2695523	0.639197159	1.47411953	0	100	0	0	3
358	187	0.832413421	3.52546861	7.40654267	6.63235514	1.18020462	11.2695523	0.639197159	1.47614986	0	100	0	0	3
359	187	0.833415013	3.53531628	9.41963219	6.64001137	1.18020462	11.2695523	0.639197159	1.4781644	0	100	0	0	3
360	188	0.83451384	3.54516396	10.0107046	6.63857875	1.18020462	11.2695523	0.639197159	1.48016331	0	100	0	0	3
361	189	0.83639095	3.55501164	10.9214363	6.67065821	1.18020462	11.2695523	0.639197159	1.48214679	0	100	0	0	3
362	189	0.838545544	3.56485932	9.82767705	6.69789797	1.18020462	11.2695523	0.639197159	1.48411502	0	100	0	0	3
363	190	0.840938106	3.574707	10.0196173	6.71173999	1.18020462	11.2695523	0.639197159	1.48606816	0	100	0	0	3
364	191	0.843126384	3.58455467	8.64962503	6.66631889	1.18020462	11.0265516	0.639197159	1.48800639	0	100	0	0	3
365	191	0.845773549	3.59440235	8.44846169	6.6774927	1.18020462	11.0265516	0.639197159	1.48992988	0	100	0	0	3
366	192	0.848462206	3.60425003	5.53808299	6.61627651	1.18020462	11.0265516	0.639197159	1.4918388	0	100	0	0	3
367	192	0.851301903	3.61409771	6.26292823	6.59156833	1.18020462	11.0265516	0.639197159	1.49231619	0	100	0	0	3
368	193	0.85378458	3.62394538	4.72318691	6.56102359	1.18020462	11.0265516	0.639197159	1.49278999	0	100	0	0	3
369	193	0.856822261	3.63379306	3.21977949	6.50760274	1.18020462	11.0265516	0.629261562	1.49326025	0	100	0	0	3
370	194	0.859553187	3.64364074	2.37976202	6.44302448	1.18020462	11.0265516	0.579362059	1.49372699	0	100	0	0	3
371	194	0.86180898	3.65348842	2.71003276	6.40021918	1.18020462	11.0265516	0.552345699	1.49419026	0	100	0	0	3
372	195	0.8647098	3.66333609	3.56685175	6.40964304	1.18020462	11.0265516	0.545152638	1.49428259	0	100	0	0	3
373	195	0.867911636	3.67318377	4.68009652	6.45388552	1.18020462	11.0265516	0.545152638	1.49324859	0	100	0	0	3
374	196	0.870571536	3.68303145	7.18464911	6.52656527	1.18020462	11.0265516	0.545152638	1.49222218	0	100	0	0	3
375	196	0.87357878	3.69287913	6.40336135	6.55622496	1.18020462	11.0265516	0.545152638	1.49080211	0	100	0	0	3
376	196	0.876608932	3.70272681	6.42746962	6.57684261	1.18020462	11.0265516	0.545152638	1.48939239	0	100	0	0	3
377	197	0.87959446	3.71257448	6.78592908	6.55681255	1.18020462	11.0265516	0.545152638	1.48799294	0	100	0	0	3
378	197	0.882776562	3.72242216	6.58349686	6.50290116	1.18020462	11.0265516	0.545152638	1.48660362	0	100	0	0	3
379	198	0.886143458	3.73226984	7.11125444	6.4890817	1.18020462	11.0265516	0.545152638	1.48522433	0	100	0	0	3
380	199	0.889430246	3.74211752	6.76416202	6.48239259	1.18020462	11.0265516	0.545152638	1.48385497	0	100	0	0	3
381	199	0.892597084	3.75196519	6.99007605	6.48973447	1.18020462	11.0265516	0.545152638	1.48249542	0	100	0	0	3
382	200	0.894912006	3.76181287	8.40984949	6.51134505	1.18020462	11.0265516	0.545152638	1.48114559	0	100	0	0	3
383	200	0.896072276	3.77166055	8.81773628	6.51620493	1.18020462	11.0265516	0.545152638	1.47980536	0	100	0	0	3
384	201	0.897205718	3.78150823	9.80402787	6.52126776	1.18020462	11.0265516	0.545152638	1.47847464	0	100	0	0	3
385	201	0.899265437	3.7913559	10.2881189	6.5522163	1.18020462	11.0265516	0.545152638	1.47715332	0	100	0	0	3
386	202	0.901300352	3.80120358	9.52410108	6.57169098	1.18020462	11.0265516	0.545152638	1.4758413	0	100	0	0	3
387	203	0.903615003	3.81105126	9.57267552	6.57566996	1.18020462	11.0265516	0.545152638	1.4745385	0	100	0	0	3
388	203	0.906275323	3.82089894	8.13666254	6.53358679	1.18020462	10.9214363	0.545152638	1.4732448	0	100	0	0	3
389	204	0.909216626	3.83074661	7.75669202	6.52459792	1.18020462	10.9214363	0.515483598	1.47196012	0	100	0	0	3
390	204	0.911850988	3.84059429	6.88968439	6.49847384	1.18020462	10.9214363	0.480859682	1.47068436	0	100	0	0	3
391	205	0.91513056	3.85044197	5.76601864	6.4677434	1.18020462	10.9214363	0.464839655	1.46941743	0	100	0	0	3
392	205	0.91779485	3.86028965	4.95549205	6.40114643	1.18020462	10.9214363	0.461202081	1.46815924	0	100	0	0	3
393	206	0.920434464	3.87013733	2.59407598	6.30606801	1.18020462	10.9214363	0.514886771	1.46690969	0	100	0	0	3
394	206	0.923151963	3.879985	2.45272905	6.24439874	1.18020462	10.9214363	0.544164755	1.46566871	0	100	0	0	3
395	207	0.926124004	3.88983268	4.42059836	6.2353014	1.18020462	10.9214363	0.505707381	1.46443619	0	100	0	0	3
396	207	0.928642553	3.89968036	6.45916986	6.27797035	1.18020462	10.9214363	0.476438592	1.46321206	0	100	0	0	3
397	208	0.932401116	3.90952804	5.88013572	6.37232714	2.29963889	10.9214363	0.476438592	1.46199622	0	100	0	0	3
398	208	0.934853991	3.91937571	7.43102847	6.4804509	2.37976202	10.9214363	0.476438592	1.46078861	0	100	0	0	3
399	208	0.937639217	3.92922339	8.80993776	6.59440655	2.37976202	10.9214363	0.476438592	1.45958912	0	100	0	0	3
400	209	0.940795817	3.93907107	7.82704833	6.65825335	2.37976202	10.9214363	0.476438592	1.45839769	0	100	0	0	3
401	210	0.944147573	3.94891875	6.85784265	6.68415979	2.37976202	10.9214363	0.476438592	1.45721422	0	100	0	0	3
402	210	0.9473302	3.95876642	7.05711537	6.68630757	2.37976202	10.9214363	0.476438592	1.45603864	0	100	0	0	3
403	211	0.950685606	3.9686141	7.04857574	6.68787441	2.37976202	10.9214363	0.476438592	1.45487088	0	100	0	0	3
404	211	0.953278734	3.97846178	6.94640545	6.70283922	2.37976202	10.9214363	0.476438592	1.45371085	0	100	0	0	3
405	212	0.955606844	3.98830946	6.47927974	6.70695616	2.37976202	10.9214363	0.476438592	1.45255847	0	100	0	0	3
406	213	0.958559409	3.99815714	8.15888167	6.72552423	2.37976202	10.9214363	0.49022283	1.45141368	0	100	0	0	3
407	213	0.959073237	4.00800481	11.4873692	6.73533527	2.37976202	11.4873692	0.50003387	1.45035458	0	100	0	0	3
408	214	0.960103065	4.01785249	11.766066	6.76315328	2.37976202	11.766066	0.527851878	1.4494021	0	100	0	0	3
409	214	0.962297779	4.02770017	11.6304667	6.83260403	2.37976202	11.766066	0.597302629	1.44845584	0	100	0	0	3
410	215	0.964072278	4.03754785	10.1683597	6.85807641	2.37976202	11.766066	0.622775009	1.44751571	0	100	0	0	3
411	216	0.966508026	4.04739552	8.83572301	6.86832577	2.37976202	11.766066	0.633024368	1.44658167	0	100	0	0	3
412	216	0.969397779	4.0572432	8.42280251	6.84489781	2.37976202	11.766066	0.633024368	1.44565366	0	100	0	0	3
413	217	0.971782776	4.06709088	8.77464051	6.83120608	2.37976202	11.766066	0.633024368	1.44473162	0	100	0	0	3
414	217	0.974884357	4.07693856	6.2321962	6.760384	2.37976202	11.766066	0.633024368	1.44381548	0	100	0	0	3
415	218	0.976942387	4.08678623	8.75808528	6.7602132	2.37976202	11.766066	0.633024368	1.4429052	0	100	0	0	3
416	218	0.979849969	4.09663391	3.84063176	6.66356688	2.37976202	11.766066	0.633024368	1.44200072	0	100	0	0	3
417	219	0.982646665	4.10648159	3.17410306	6.6133902	2.37976202	11.766066	0.633024368	1.44110198	0	100	0	0	3
418	219	0.985560794	4.11632927	1.92074216	6.51894747	1.92074216	11.766066	0.633024368	1.44020893	0	100	0	0	3
419	220	0.988873438	4.12617695	2.94481516	6.46430541	1.92074216	11.766066	0.633024368	1.43932151	0	100	0	0	3
420	220	0.991630302	4.13602462	5.18620146	6.51127793	1.92074216	11.766066	0.633024368	1.43843968	0	100	0	0	3
421	220	0.995155238	4.1458723	5.76094521	6.57497895	1.92074216	11.766066	0.633024368	1.43756337	0	100	0	0	3
422	221	0.997769844	4.15571998	6.84288801	6.64425622	1.92074216	11.766066	0.633024368	1.43669254	0	100	0	0	3
423	221	1	4.16556766	8.3583467	6.73849575	1.92074216	11.766066	0.633024368	1.43582713	0	100	0	0	3
