Iteration	CPUTime	PhysTime	Travels	Value	AvValue	MinValue	MaxValue	Delta	Criteria	PrevAvRefValue	Progress	CriteriaType	CriteriaVarType	CriteriaPercentage
1	2	0.000239292501	0.00984767767	-0.00621645355	-0.00621645355	-0.00621645355	-0.00621645355	0	0	0	0	0	0	3
2	3	0.000461864813	0.0196953553	-0.00629499822	-0.00625430417	-0.00629499822	-0.00621645355	3.78506209e-05	0	0	0	0	0	3
3	3	0.000677908924	0.029543033	-0.00628682523	-0.00626466837	-0.00629499822	-0.00621645355	4.8214823e-05	0	0	0	0	0	3
4	3	0.000890520582	0.0393907107	-0.00628066551	-0.00626848768	-0.00629499822	-0.00621645355	5.20341373e-05	0	0	0	0	0	3
5	4	0.00110745405	0.0492383884	-0.00628402488	-0.00627153118	-0.00629499822	-0.00621645355	5.50776379e-05	0	0	0	0	0	3
6	4	0.00148044698	0.059086066	-0.00634485336	-0.00629000442	-0.00634485336	-0.00621645355	7.35508792e-05	0	0	0	0	0	3
7	5	0.00191463425	0.0689337437	-0.00645225769	-0.00632679908	-0.00645225769	-0.00621645355	0.000110345531	0	0	0	0	0	3
8	5	0.00237309159	0.0787814214	-0.00652791937	-0.00636565349	-0.00652791937	-0.00621645355	0.000149199941	0	0	0	0	0	3
9	6	0.00284780299	0.0886290991	-0.00655563187	-0.00639732172	-0.00655563187	-0.00621645355	0.000180868179	0	0	0	0	0	3
10	6	0.00334366708	0.0984767767	-0.00658446375	-0.00642507479	-0.00658446375	-0.00621645355	0.000208621245	0	0	0	0	0	3
11	6	0.00412847249	0.108324454	-0.0066577612	-0.00646930751	-0.0066577612	-0.00621645355	0.00025285396	0	0	0	0	0	3
12	7	0.00491303499	0.118172132	-0.00667898847	-0.00650279146	-0.00667898847	-0.00621645355	0.000286337911	0	0	0	0	0	3
13	7	0.00568252719	0.12801981	-0.00671862616	-0.00653201844	-0.00671862616	-0.00621645355	0.000315564893	0	0	0	0	0	3
14	8	0.00642099771	0.137867487	-0.00680856239	-0.0065638234	-0.00680856239	-0.00621645355	0.00034736985	0	0	0	0	0	3
15	8	0.00704977096	0.147715165	-0.0067711368	-0.0065823138	-0.00680856239	-0.00621645355	0.000365860255	0	0	0	0	0	3
16	9	0.00806238643	0.157562843	-0.00680166059	-0.00660986321	-0.00680856239	-0.00621645355	0.00039340966	0	0	0	0	0	3
17	9	0.00872819021	0.16741052	-0.00682784138	-0.00662649102	-0.00682784138	-0.00621645355	0.00041003747	0	0	0	0	0	3
18	10	0.00937690945	0.177258198	-0.00680322189	-0.00663871772	-0.00682784138	-0.00621645355	0.000422264176	0	0	0	0	0	3
19	10	0.0100558151	0.187105876	-0.00674224683	-0.00664570736	-0.00682784138	-0.00621645355	0.000429253813	0	0	0	0	0	3
20	11	0.0109208156	0.196953553	-0.00655281521	-0.00663834969	-0.00682784138	-0.00621645355	0.000429253813	0	0	0	0	0	3
21	12	0.0122399002	0.206801231	-0.00602336795	-0.00657207358	-0.00682784138	-0.00602336795	0.000429253813	0	0	0	0	0	3
22	12	0.0136673304	0.216648909	-0.00541289787	-0.00645100807	-0.00682784138	-0.00541289787	0.000429253813	0	0	0	0	0	3
23	13	0.0146824142	0.226496586	-0.00511499493	-0.00635864143	-0.00682784138	-0.00511499493	0.000429253813	0	0	0	0	0	3
24	13	0.0153970185	0.236344264	-0.00505967796	-0.00629835411	-0.00682784138	-0.00505967796	0.000429253813	0	0	0	0	0	3
25	14	0.0161381137	0.246191942	-0.00454149099	-0.00621767536	-0.00682784138	-0.00454149099	0.000429253813	0	0	0	0	0	3
26	15	0.0172029459	0.25603962	-0.00373225151	-0.00606383198	-0.00682784138	-0.00373225151	0.000581875376	0	0	0	0	0	3
27	15	0.0181916089	0.265887297	-0.00384751866	-0.00594338156	-0.00682784138	-0.00373225151	0.000702325799	0	0	0	0	0	3
28	16	0.0198348944	0.275734975	-0.00404879994	-0.00578641886	-0.00682784138	-0.00373225151	0.000859288496	0	0	0	0	0	3
29	16	0.0214866862	0.285582653	-0.0036930398	-0.00562549007	-0.00682784138	-0.0036930398	0.00102021729	0	0	0	0	0	3
30	17	0.0232888397	0.29543033	-0.00459642312	-0.00554585808	-0.00682784138	-0.0036930398	0.00109984928	0	0	0	0	0	3
31	17	0.023743698	0.305278008	-0.00324131723	-0.00550170997	-0.00682784138	-0.00324131723	0.00114399739	0	0	0	0	0	3
32	18	0.0250962467	0.315125686	-0.000792372926	-0.00524790279	-0.00682784138	-0.000792372926	0.00139780457	0	0	0	0	0	3
33	18	0.0267276297	0.324973363	-0.0014539764	-0.00501633167	-0.00682784138	-0.000792372926	0.00162937569	0	0	0	0	0	3
34	19	0.0293359081	0.334821041	-0.00119945075	-0.00467696982	-0.00682784138	-0.000792372926	0.00196873754	0	0	0	0	0	3
35	20	0.0316622466	0.344668719	-0.000748816964	-0.00438835438	-0.00682784138	-0.000748816964	0.00225735298	0	0	0	0	0	3
36	20	0.0333730344	0.354516396	-0.00030827363	-0.00417919892	-0.00682784138	-0.00030827363	0.00246650844	0	0	0	0	0	3
37	21	0.035871259	0.364364074	-0.000180325792	-0.00390070066	-0.00682784138	-0.000180325792	0.0027450067	0	0	0	0	0	3
38	21	0.0389525603	0.374211752	-0.000855406849	-0.0036598059	-0.00682784138	-0.000180325792	0.00298590146	0	0	0	0	0	3
39	22	0.0409889882	0.384059429	-0.000911443454	-0.00352326088	-0.00682784138	-0.000180325792	0.00312244648	0	0	0	0	0	3
40	22	0.043735534	0.393907107	-0.00157023374	-0.00340061282	-0.00682784138	-0.000180325792	0.00324509454	0	0	0	0	0	3
41	23	0.0463545784	0.403754785	-0.00222615754	-0.00333425582	-0.00682784138	-0.000180325792	0.00331145153	0	0	0	0	0	3
42	23	0.0489745628	0.413602462	-0.00274276085	-0.00330261271	-0.00682784138	-0.000180325792	0.00334309465	0	0	0	0	0	3
43	24	0.0515646362	0.42345014	-0.00319319548	-0.00329711672	-0.00682784138	-0.000180325792	0.00334859064	0	0	0	0	0	3
44	24	0.0540285828	0.433297818	-0.00394229396	-0.00332653971	-0.00682784138	-0.000180325792	0.00334859064	0	0	0	0	0	3
45	24	0.0567835894	0.443145495	-0.00483250959	-0.00339960584	-0.00682784138	-0.000180325792	0.00334859064	0	0	0	0	0	3
46	25	0.0597792883	0.452993173	-0.00564269439	-0.00351201296	-0.00682784138	-0.000180325792	0.00334859064	0	0	0	0	0	3
47	25	0.0629026431	0.462840851	-0.00639851353	-0.00365533866	-0.00682784138	-0.000180325792	0.00334859064	0	0	0	0	0	3
48	26	0.0662688484	0.472688528	-0.00658178374	-0.00380399094	-0.00682784138	-0.000180325792	0.00334859064	0	0	0	0	0	3
49	26	0.0698564367	0.482536206	-0.00678833165	-0.0039572565	-0.00682784138	-0.000180325792	0.00334859064	0	0	0	0	0	3
50	27	0.0725778776	0.492383884	-0.00653846607	-0.00405404369	-0.00682784138	-0.000180325792	0.00334859064	0	0	0	0	0	3
51	27	0.0753412154	0.502231561	-0.00571861968	-0.00411509641	-0.00682784138	-0.000180325792	0.00334859064	0	0	0	0	0	3
52	28	0.0776696209	0.512079239	-0.00433367935	-0.00411517533	-0.00682784138	-0.000180325792	0.00334859064	0	0	0	0	0	3
53	28	0.0789351348	0.521926917	-0.00433319681	-0.0041125087	-0.00682784138	-0.000180325792	0.00334859064	0	0	0	0	0	3
54	29	0.0800986661	0.531774594	-0.00434328853	-0.00410997499	-0.00682784138	-0.000180325792	0.00334859064	0	0	0	0	0	3
55	29	0.0821323496	0.541622272	-0.00424002052	-0.00410754961	-0.00682784138	-0.000180325792	0.00334859064	0	0	0	0	0	3
56	30	0.0842243421	0.55146995	-0.00362762515	-0.0040897897	-0.00682784138	-0.000180325792	0.00334859064	0	0	0	0	0	3
57	31	0.0863671123	0.561317627	-0.00574687536	-0.00412171027	-0.00682784138	-0.000180325792	0.00334859064	0	0	0	0	0	3
58	31	0.0872316101	0.571165305	-0.00201153724	-0.00408846795	-0.00682784138	-0.000180325792	0.00334859064	0	0	0	0	0	3
59	32	0.088337208	0.581012983	-0.000619707957	-0.00403084579	-0.00682784138	-0.000180325792	0.00334859064	0	0	0	0	0	3
60	32	0.0899822895	0.59086066	-0.00122361641	-0.00396409076	-0.00682784138	-0.000180325792	0.00334859064	0	0	0	0	0	3
61	33	0.0925181201	0.600708338	-0.00135695211	-0.00387538137	-0.00682784138	-0.000180325792	0.00334859064	0	0	0	0	0	3
62	33	0.0948495194	0.610556016	-0.00185296472	-0.00379933852	-0.00682784138	-0.000180325792	0.00334859064	0	0	0	0	0	3
63	34	0.0969310607	0.620403693	-0.00173175385	-0.00372801522	-0.00682784138	-0.000180325792	0.00334859064	0	0	0	0	0	3
64	34	0.0996440763	0.630251371	-0.00102625811	-0.00362551414	-0.00682784138	-0.000180325792	0.00334859064	0	0	0	0	0	3
65	35	0.101759974	0.640099049	-0.00141342746	-0.00355176533	-0.00682784138	-0.000180325792	0.00334859064	0	0	0	0	0	3
66	35	0.104234624	0.649946726	-0.00129219712	-0.00347340028	-0.00682784138	-0.000180325792	0.00334859064	0	0	0	0	0	3
67	36	0.106712495	0.659794404	-0.00182601807	-0.00339785806	-0.00682784138	-0.000180325792	0.00334859064	0	0	0	0	0	3
68	36	0.10894491	0.669642082	-0.0018268213	-0.00334007427	-0.00680322189	-0.000180325792	0.00334859064	0	0	0	0	0	3
69	37	0.112126556	0.679489759	-0.00232291756	-0.00328671309	-0.00678833165	-0.000180325792	0.00335899427	0	0	0	0	0	3
70	37	0.114476104	0.689337437	-0.00293804946	-0.00325640113	-0.00678833165	-0.000180325792	0.00338194856	0	0	0	0	0	3
71	37	0.116932232	0.699185115	-0.00383171614	-0.00324283323	-0.00678833165	-0.000180325792	0.00332924036	0	0	0	0	0	3
72	38	0.119696009	0.709032792	-0.004826817	-0.00324944074	-0.00678833165	-0.000180325792	0.00320817484	0	0	0	0	0	3
73	38	0.12283186	0.71888047	-0.00585648678	-0.00329604124	-0.00678833165	-0.000180325792	0.0031158082	0	0	0	0	0	3
74	39	0.126044976	0.728728148	-0.00651646696	-0.00337237939	-0.00678833165	-0.000180325792	0.00305552088	0	0	0	0	0	3
75	39	0.129458898	0.738575825	-0.00661096056	-0.00345874053	-0.00678833165	-0.000180325792	0.00297484214	0	0	0	0	0	3
76	40	0.133043729	0.748423503	-0.00675575567	-0.00355297741	-0.00678833165	-0.000180325792	0.00282099876	0	0	0	0	0	3
77	40	0.136435668	0.758271181	-0.00617216746	-0.00362588722	-0.00678833165	-0.000180325792	0.00270054833	0	0	0	0	0	3
78	41	0.138924133	0.768118859	-0.00500467546	-0.00365249105	-0.00678833165	-0.000180325792	0.00254358564	0	0	0	0	0	3
79	41	0.140956038	0.777966536	-0.00440625075	-0.00365975914	-0.00678833165	-0.000180325792	0.00238265685	0	0	0	0	0	3
80	42	0.14207845	0.787814214	-0.00399790158	-0.00366245056	-0.00678833165	-0.000180325792	0.00230302486	0	0	0	0	0	3
81	42	0.143103534	0.797661892	-0.00372180002	-0.00364891028	-0.00678833165	-0.000180325792	0.00225887674	0	0	0	0	0	3
82	43	0.144825394	0.807509569	-0.00376060277	-0.0036520298	-0.00678833165	-0.000180325792	0.00200506956	0	0	0	0	0	3
83	44	0.147204353	0.817357247	-0.00254633374	-0.0036621636	-0.00678833165	-0.000180325792	0.00177349844	0	0	0	0	0	3
84	44	0.148677744	0.827204925	-0.00181995283	-0.00366944611	-0.00678833165	-0.000180325792	0.00143413659	0	0	0	0	0	3
85	45	0.151010772	0.837052602	-0.000548633987	-0.00366255473	-0.00678833165	-0.000180325792	0.00114552115	0	0	0	0	0	3
86	45	0.153475602	0.84690028	-0.000377850942	-0.00365173574	-0.00678833165	-0.000180325792	0.000936365692	0	0	0	0	0	3
87	46	0.155804909	0.856747958	0.000139135441	-0.00362633266	-0.00678833165	0.000139135441	0.000878877043	0	0	0	0	0	3
88	46	0.158921322	0.866595635	0.000175379703	-0.0036000116	-0.00678833165	0.000175379703	0.000878877043	0	0	0	0	0	3
89	47	0.162133611	0.876443313	0.000362312371	-0.00356533763	-0.00678833165	0.000362312371	0.000878877043	0	0	0	0	0	3
90	47	0.164419133	0.886290991	-0.000103346712	-0.0035450185	-0.00678833165	0.000362312371	0.000878877043	0	0	0	0	0	3
91	48	0.167939877	0.896138668	-0.000898867641	-0.00351367836	-0.00678833165	0.000362312371	0.000878877043	0	0	0	0	0	3
92	48	0.170567885	0.905986346	-0.00159206325	-0.00350016978	-0.00678833165	0.000362312371	0.000878877043	0	0	0	0	0	3
93	48	0.173969948	0.915834024	-0.00245010004	-0.00348746528	-0.00678833165	0.000362312371	0.000878877043	0	0	0	0	0	3
94	49	0.176617352	0.925681701	-0.00345892475	-0.00349295594	-0.00678833165	0.000362312371	0.000878877043	0	0	0	0	0	3
95	49	0.179797276	0.935529379	-0.00455693909	-0.00351105456	-0.00678833165	0.000362312371	0.000878877043	0	0	0	0	0	3
96	50	0.183483438	0.945377057	-0.0055437637	-0.00354145932	-0.00678833165	0.000362312371	0.000878877043	0	0	0	0	0	3
97	50	0.186813252	0.955224734	-0.0062024531	-0.00356165821	-0.00678833165	0.000362312371	0.000878877043	0	0	0	0	0	3
98	50	0.190305036	0.965072412	-0.00655817673	-0.00357423797	-0.00678833165	0.000362312371	0.000878877043	0	0	0	0	0	3
99	51	0.193620812	0.97492009	-0.0067959102	-0.0035786221	-0.0067959102	0.000362312371	0.000878877043	0	0	0	0	0	3
100	51	0.19616547	0.984767767	-0.00689993721	-0.00355436805	-0.00689993721	0.000362312371	0.000878877043	0	0	0	0	0	3
101	53	0.199248078	0.994615445	-0.00655536762	-0.00356328772	-0.00689993721	0.000362312371	0.000878877043	0	0	0	0	0	3
102	53	0.201622163	1.00446312	-0.00523173877	-0.00354749069	-0.00689993721	0.000362312371	0.000878877043	0.000795042035	0	90.4	0	0	3
103	53	0.20365383	1.0143108	-0.0041795312	-0.00354315308	-0.00689993721	0.000362312371	0.000878877043	0.000795042035	0	90.4	0	0	3
104	54	0.204912296	1.02415848	-0.00402351124	-0.00354001524	-0.00689993721	0.000362312371	0.000878877043	0.000795042035	0	90.4	0	0	3
105	55	0.206090005	1.03400616	-0.00387781265	-0.00353575457	-0.00689993721	0.000362312371	0.000878877043	0.000795042035	0	90.4	0	0	3
106	55	0.207912472	1.04385383	-0.00405432466	-0.00353188133	-0.00689993721	0.000362312371	0.000878877043	0.000795042035	0	90.4	0	0	3
107	56	0.210135138	1.05370151	-0.00299944415	-0.0035208916	-0.00689993721	0.000362312371	0.000878877043	0.000795042035	0	90.4	0	0	3
108	56	0.211822783	1.06354919	-0.00282388237	-0.00347349576	-0.00689993721	0.000362312371	0.000845634725	0.000795042035	0	94	0	0	3
109	57	0.214740045	1.07339687	-0.00211124782	-0.00345224091	-0.00689993721	0.000362312371	0.000788012564	0.000795042035	0	100	0	0	3
110	57	0.217518732	1.08324454	-0.00406687481	-0.00348970383	-0.00689993721	0.000362312371	0.000721257529	0.000795042035	0	100	0	0	3
111	58	0.217960137	1.09309222	-0.00370369497	-0.00351957115	-0.00689993721	0.000362312371	0.000632548144	0.000795042035	0	100	0	0	3
112	58	0.21892951	1.1029399	-0.00324962438	-0.00356088354	-0.00689993721	0.000362312371	0.000556505289	0.000795042035	0	100	0	0	3
113	59	0.220945822	1.11278758	5.23747423e-05	-0.00353468439	-0.00689993721	0.000362312371	0.000485181998	0.000795042035	0	100	0	0	3
114	59	0.222551907	1.12263525	0.00163000192	-0.00349852756	-0.00689993721	0.00163000192	0.00042661288	0.000806607167	0	100	0	0	3
115	60	0.224679545	1.13248293	0.00288588927	-0.0034435318	-0.00689993721	0.00288588927	0.00042661288	0.000826969165	0	100	0	0	3
116	60	0.226285079	1.14233061	0.00262819397	-0.00339974245	-0.00689993721	0.00288588927	0.00042661288	0.000844422306	0	100	0	0	3
117	61	0.228653188	1.15217829	0.00217394685	-0.00333557468	-0.00689993721	0.00288588927	0.00042661288	0.000859548362	0	100	0	0	3
118	61	0.231319651	1.16202597	0.000356586848	-0.00328658451	-0.00689993721	0.00288588927	0.00042661288	0.00087278366	0	100	0	0	3
119	62	0.23384603	1.17187364	-0.000447501631	-0.0032552493	-0.00689993721	0.00288588927	0.00042661288	0.000884461865	0	100	0	0	3
120	62	0.236375746	1.18172132	-0.00141048602	-0.00324156408	-0.00689993721	0.00288588927	0.000427882028	0.000894842491	0	100	0	0	3
121	63	0.239742584	1.191569	-0.00287612685	-0.00323743492	-0.00689993721	0.00288588927	0.00043201119	0.00090413042	0	100	0	0	3
122	63	0.242419808	1.20141668	-0.00412497206	-0.00324473847	-0.00689993721	0.00288588927	0.00043201119	0.000912489556	0	100	0	0	3
123	63	0.245310283	1.21126435	-0.00455812901	-0.00324015149	-0.00689993721	0.00288588927	0.00043201119	0.000920052584	0	100	0	0	3
124	64	0.248362822	1.22111203	-0.00521125903	-0.00322272509	-0.00689993721	0.00288588927	0.000446721021	0.000926928064	0	100	0	0	3
125	64	0.251421139	1.23095971	-0.00582469496	-0.0032017839	-0.00689993721	0.00288588927	0.000467662209	0.000933205676	0	100	0	0	3
126	65	0.254592767	1.24080739	-0.00591540968	-0.00317755342	-0.00689993721	0.00288588927	0.000491892687	0.000938960154	0	100	0	0	3
127	65	0.25799955	1.25065506	-0.00636968398	-0.00316192905	-0.00689993721	0.00288588927	0.000507517053	0.000944254273	0	100	0	0	3
128	66	0.261264542	1.26050274	-0.00573378833	-0.00314740162	-0.00689993721	0.00288588927	0.000522044483	0.000949141153	0	100	0	0	3
129	66	0.264479529	1.27035042	-0.00456146973	-0.0031467999	-0.00689993721	0.00288588927	0.000522646203	0.000953666041	0	100	0	0	3
130	67	0.267194228	1.2801981	-0.00330025874	-0.00312982809	-0.00689993721	0.00288588927	0.000539618011	0.000957867723	0	100	0	0	3
131	67	0.268169143	1.29004578	-0.00369107937	-0.00312644034	-0.00689993721	0.00288588927	0.000543005763	0.000961779634	0	100	0	0	3
132	68	0.269370399	1.29989345	-0.00415720695	-0.00313141331	-0.00689993721	0.00288588927	0.000543005763	0.000965430751	0	100	0	0	3
133	68	0.271648209	1.30974113	-0.00475788919	-0.00315208331	-0.00689993721	0.00288588927	0.000543005763	0.000968846312	0	100	0	0	3
134	69	0.273451527	1.31958881	-0.00467144968	-0.00318520051	-0.00689993721	0.00288588927	0.000543005763	0.0009720484	0	100	0	0	3
135	70	0.275430408	1.32943649	-0.0047367027	-0.00322529262	-0.00689993721	0.00288588927	0.000536114384	0.000975056423	0	100	0	0	3
136	70	0.277883173	1.33928416	-0.00433043291	-0.00329587827	-0.00689993721	0.00288588927	0.000525295398	0.000977887503	0	100	0	0	3
137	71	0.280438986	1.34913184	-0.00506708072	-0.00338818287	-0.00689993721	0.00288588927	0.000499892317	0.000980556807	0	100	0	0	3
138	72	0.283945062	1.35897952	-0.00436849266	-0.00347912428	-0.00689993721	0.00288588927	0.000473571253	0.000983077816	0	100	0	0	3
139	72	0.286844991	1.3688272	-0.00363983574	-0.00357179671	-0.00689993721	0.00288588927	0.000452181758	0.000985462554	0	100	0	0	3
140	73	0.288902756	1.37867487	-0.00273015542	-0.00365782391	-0.00689993721	0.00288588927	0.00053138357	0.00098772178	0	100	0	0	3
141	73	0.292360911	1.38852255	-0.00267898793	-0.00369486318	-0.00689993721	0.00288588927	0.000568422837	0.000989865149	0	100	0	0	3
142	74	0.295445583	1.39837023	-0.00323144516	-0.00376085623	-0.00689993721	0.00288588927	0.000634415887	0.000991901348	0	100	0	0	3
143	74	0.299339914	1.40821791	-0.00377505659	-0.00380554688	-0.00689993721	0.00288588927	0.000679106538	0.000993838221	0	100	0	0	3
144	74	0.301229454	1.41806558	-0.00385247323	-0.00384247917	-0.00689993721	0.00288588927	0.000716038829	0.000995682862	0	100	0	0	3
145	75	0.304325613	1.42791326	-0.00465485511	-0.00387012553	-0.00689993721	0.00288588927	0.000743685191	0.000997441706	0	100	0	0	3
146	75	0.30711373	1.43776094	-0.00543858548	-0.0038873192	-0.00689993721	0.00288588927	0.000760878854	0.000999120602	0	100	0	0	3
147	76	0.310098397	1.44760862	-0.00632018015	-0.00389644415	-0.00689993721	0.00288588927	0.000770003805	0.00100072488	0	100	0	0	3
148	76	0.313219474	1.4574563	-0.00711400159	-0.00391514311	-0.00711400159	0.00288588927	0.000788702771	0.00100276886	0	100	0	0	3
149	77	0.316561424	1.46730397	-0.00723031274	-0.00392979763	-0.00723031274	0.00288588927	0.000803357284	0.00100499679	0	100	0	0	3
150	77	0.319755105	1.47715165	-0.00735645282	-0.00394121605	-0.00735645282	0.00288588927	0.00081477571	0.00100741958	0	100	0	0	3
151	78	0.32314622	1.48699933	-0.0074526012	-0.00397569828	-0.0074526012	0.00288588927	0.000849257932	0.00100995829	0	100	0	0	3
152	78	0.326270604	1.49684701	-0.00643122889	-0.00397349325	-0.0074526012	0.00288588927	0.000849257932	0.00101239546	0	100	0	0	3
153	79	0.328742236	1.50669468	-0.00499936342	-0.00396994064	-0.0074526012	0.00288588927	0.000849257932	0.00101473705	0	100	0	0	3
154	79	0.330169713	1.51654236	-0.0046025237	-0.00397371233	-0.0074526012	0.00288588927	0.000849257932	0.00101698858	0	100	0	0	3
155	80	0.33158615	1.52639004	-0.00417164852	-0.00397543087	-0.0074526012	0.00288588927	0.000849257932	0.00101915514	0	100	0	0	3
156	80	0.333243971	1.53623772	-0.00420716619	-0.00397935636	-0.0074526012	0.00288588927	0.000852916018	0.00102124147	0	100	0	0	3
157	81	0.335476199	1.54608539	-0.00156485886	-0.0039360342	-0.0074526012	0.00288588927	0.000852916018	0.00102325192	0	100	0	0	3
158	82	0.336591377	1.55593307	-0.0016809719	-0.00393260954	-0.0074526012	0.00288588927	0.000852916018	0.00102519058	0	100	0	0	3
159	82	0.33823337	1.56578075	0.000281534778	-0.00389267258	-0.0074526012	0.00288588927	0.000852916018	0.00102706121	0	100	0	0	3
160	83	0.339978388	1.57562843	0.000123828476	-0.00387820428	-0.0074526012	0.00288588927	0.000852916018	0.00102886734	0	100	0	0	3
161	83	0.341666788	1.58547611	0.00179193311	-0.00379686818	-0.0074526012	0.00288588927	0.000852916018	0.00103061224	0	100	0	0	3
162	84	0.343054533	1.59532378	0.00205339599	-0.0037322966	-0.0074526012	0.00288588927	0.000852916018	0.00103229898	0	100	0	0	3
163	84	0.344862829	1.60517146	0.00162558992	-0.00365907725	-0.0074526012	0.00288588927	0.000852916018	0.00103393041	0	100	0	0	3
164	85	0.346802392	1.61501914	0.00128662576	-0.00364231963	-0.0074526012	0.00288588927	0.000852916018	0.00103550922	0	100	0	0	3
165	85	0.349207709	1.62486682	0.000307290034	-0.00363416946	-0.0074526012	0.00288588927	0.000852916018	0.00103703791	0	100	0	0	3
166	86	0.352549577	1.63471449	-0.000538471348	-0.00366175143	-0.0074526012	0.00262819397	0.000852916018	0.00103851883	0	100	0	0	3
167	86	0.353576163	1.64456217	-0.00104633919	-0.00371999417	-0.0074526012	0.00217394685	0.000852916018	0.00103995418	0	100	0	0	3
168	87	0.356361501	1.65440985	-0.00194270724	-0.0037905232	-0.0074526012	0.00205339599	0.000852916018	0.00104134603	0	100	0	0	3
169	87	0.35876454	1.66425753	-0.00223231799	-0.00384791027	-0.0074526012	0.00205339599	0.000852916018	0.00104269634	0	100	0	0	3
170	88	0.362053622	1.6741052	-0.0028438952	-0.00388915926	-0.0074526012	0.00205339599	0.000852916018	0.00104400693	0	100	0	0	3
171	88	0.364490032	1.68395288	-0.00326071488	-0.00392615117	-0.0074526012	0.00205339599	0.000852916018	0.00104527954	0	100	0	0	3
172	88	0.367987573	1.69380056	-0.00429914248	-0.00396388998	-0.0074526012	0.00205339599	0.000852916018	0.00104651578	0	100	0	0	3
173	89	0.370718847	1.70364824	-0.00507940897	-0.00398427622	-0.0074526012	0.00205339599	0.000857835878	0.0010477172	0	100	0	0	3
174	89	0.37437411	1.71349592	-0.0060324738	-0.00402943213	-0.0074526012	0.00205339599	0.000902991789	0.00104888525	0	100	0	0	3
175	90	0.377741345	1.72334359	-0.00641151377	-0.00406354488	-0.0074526012	0.00205339599	0.000937104535	0.00105002129	0	100	0	0	3
176	90	0.381188052	1.73319127	-0.00658625258	-0.0040890435	-0.0074526012	0.00205339599	0.000962603154	0.00105112663	0	100	0	0	3
177	91	0.384758514	1.74303895	-0.00665949241	-0.00411504984	-0.0074526012	0.00205339599	0.000988609496	0.0010522025	0	100	0	0	3
178	91	0.387360092	1.75288663	-0.00650231962	-0.00410368332	-0.0074526012	0.00205339599	0.000988609496	0.00105325005	0	100	0	0	3
179	92	0.390193966	1.7627343	-0.00531977606	-0.00408913252	-0.0074526012	0.00205339599	0.000988609496	0.0010542704	0	100	0	0	3
180	92	0.392419755	1.77258198	-0.0046918357	-0.00408774853	-0.0074526012	0.00205339599	0.000988609496	0.00105526458	0	100	0	0	3
181	93	0.393806935	1.78242966	-0.00448676885	-0.00410900477	-0.0074526012	0.00205339599	0.000988609496	0.00105623359	0	100	0	0	3
182	94	0.395013574	1.79227734	-0.00455152166	-0.00411642646	-0.0074526012	0.00205339599	0.000985013145	0.00105717838	0	100	0	0	3
183	94	0.39709718	1.80212501	-0.00468220996	-0.00412527255	-0.0074526012	0.00205339599	0.000973189239	0.00105809984	0	100	0	0	3
184	95	0.398970291	1.81197269	-0.00444983791	-0.00411872982	-0.0074526012	0.00205339599	0.000940072035	0.00105899882	0	100	0	0	3
185	95	0.400937051	1.82182037	-0.00515979065	-0.00412697222	-0.0074526012	0.00205339599	0.000901679599	0.00105987615	0	100	0	0	3
186	96	0.403421108	1.83166805	-0.00492496226	-0.00413303258	-0.0074526012	0.00205339599	0.000837154309	0.00106073258	0	100	0	0	3
187	97	0.405346123	1.84151572	-0.00472013644	-0.00413810077	-0.0074526012	0.00205339599	0.0007499179	0.00106156886	0	100	0	0	3
188	97	0.407987848	1.8513634	-0.00521485499	-0.00414178712	-0.0074526012	0.00205339599	0.000662662843	0.0010623857	0	100	0	0	3
189	98	0.411379703	1.86121108	-0.00459257337	-0.00414754815	-0.0074526012	0.00205339599	0.000575751442	0.00106318375	0	100	0	0	3
190	98	0.413425385	1.87105876	-0.00328661005	-0.004145266	-0.0074526012	0.00205339599	0.000513378692	0.00106396367	0	100	0	0	3
191	99	0.416756244	1.88090644	-0.00247165225	-0.00412444055	-0.0074526012	0.00205339599	0.000513378692	0.00106472606	0	100	0	0	3
192	99	0.419881882	1.89075411	-0.00260116755	-0.0041263022	-0.0074526012	0.00205339599	0.000513378692	0.00106547151	0	100	0	0	3
193	100	0.422943341	1.90060179	-0.00267381829	-0.00411307546	-0.0074526012	0.00205339599	0.000513378692	0.00106620058	0	100	0	0	3
194	100	0.425477609	1.91044947	-0.00323872818	-0.00410594458	-0.0074526012	0.00205339599	0.000513378692	0.0010669138	0	100	0	0	3
195	101	0.428772118	1.92029715	-0.00416712159	-0.00411127999	-0.0074526012	0.00205339599	0.000513378692	0.00106761168	0	100	0	0	3
196	101	0.431279068	1.93014482	-0.00506717065	-0.00411689917	-0.0074526012	0.00205339599	0.000513378692	0.00106829471	0	100	0	0	3
197	102	0.434031915	1.9399925	-0.0059857389	-0.00412839961	-0.0074526012	0.00205339599	0.000513378692	0.00106896336	0	100	0	0	3
198	102	0.437001913	1.94984018	-0.00668439316	-0.00413667014	-0.0074526012	0.00205339599	0.000513378692	0.00106961808	0	100	0	0	3
199	103	0.439985487	1.95968786	-0.00716410052	-0.00413461976	-0.0074526012	0.00205339599	0.000513378692	0.0010702593	0	100	0	0	3
200	103	0.443122204	1.96953553	-0.0071568394	-0.00412777877	-0.0074526012	0.00205339599	0.000513378692	0.00107088744	0	100	0	0	3
201	104	0.446146973	1.97938321	-0.00766872986	-0.00413093724	-0.00766872986	0.00205339599	0.000513378692	0.00107174188	0	100	0	0	3
202	105	0.448220487	1.98923089	-0.00749832604	-0.00409670302	-0.00766872986	0.00205339599	0.000513378692	0.00107257924	0	100	0	0	3
203	105	0.451114818	1.99907857	-0.00695629316	-0.00410457402	-0.00766872986	0.00205339599	0.000513378692	0.00107340001	0	100	0	0	3
204	106	0.453381073	2.00892625	-0.00560625617	-0.00411413447	-0.00766872986	0.00205339599	0.000513378692	0.00107420469	0	100	0	0	3
205	107	0.455133466	2.01877392	-0.0049693838	-0.00412054888	-0.00766872986	0.00205339599	0.000513378692	0.00107499375	0	100	0	0	3
206	107	0.456261658	2.0286216	-0.00428779919	-0.00412148179	-0.00766872986	0.00205339599	0.000513378692	0.00107576763	0	100	0	0	3
207	108	0.45743904	2.03846928	-0.00406883741	-0.00411983896	-0.00766872986	0.00205339599	0.000513378692	0.00107652677	0	100	0	0	3
208	108	0.459295611	2.04831696	-0.00387532677	-0.00416223412	-0.00766872986	0.00205339599	0.000528064665	0.00107727159	0	100	0	0	3
209	109	0.461603918	2.05816463	-0.00296946249	-0.00416234424	-0.00766872986	0.00205339599	0.00052817478	0.00107800249	0	100	0	0	3
210	109	0.463659154	2.06801231	-0.00169342265	-0.00418006466	-0.00766872986	0.00205339599	0.000545895208	0.00107871985	0	100	0	0	3
211	110	0.466463571	2.07785999	-0.000909396941	-0.00416692525	-0.00766872986	0.00205339599	0.000545895208	0.00107942405	0	100	0	0	3
212	110	0.469396992	2.08770767	-0.000655807738	-0.00416505689	-0.00766872986	0.00205339599	0.000545895208	0.00108011544	0	100	0	0	3
213	111	0.471890701	2.09755534	-0.000144378005	-0.00415421535	-0.00766872986	0.00162558992	0.000545895208	0.00108079438	0	100	0	0	3
214	111	0.475036056	2.10740302	0.000961812097	-0.00411088752	-0.00766872986	0.00128662576	0.000545895208	0.00108146119	0	100	0	0	3
215	112	0.477342844	2.1172507	0.0005087623	-0.00410944936	-0.00766872986	0.000961812097	0.000545895208	0.0010821162	0	100	0	0	3
216	113	0.479610909	2.12709838	-8.31790391e-05	-0.00412088941	-0.00766872986	0.000961812097	0.000518313237	0.00108275972	0	100	0	0	3
217	113	0.482455804	2.13694606	-0.00105252199	-0.0041458519	-0.00766872986	0.000961812097	0.000460070497	0.00108314674	0	100	0	0	3
218	113	0.485068198	2.14679373	-0.00149523093	-0.00411738973	-0.00766872986	0.000961812097	0.000389541462	0.00108309837	0	100	0	0	3
219	114	0.488615305	2.15664141	-0.00236564802	-0.00411620723	-0.00766872986	0.000961812097	0.000332154399	0.00108293804	0	100	0	0	3
220	114	0.491054945	2.16648909	-0.00306816726	-0.00413110036	-0.00766872986	0.000961812097	0.000290905402	0.00108278043	0	100	0	0	3
221	115	0.493525335	2.17633677	-0.00416020506	-0.00416384979	-0.00766872986	0.000961812097	0.000253913499	0.00108262546	0	100	0	0	3
222	115	0.496574209	2.18618444	-0.00521851215	-0.00420485349	-0.00766872986	0.000961812097	0.000240963504	0.00108247308	0	100	0	0	3
223	115	0.499593291	2.19603212	-0.00606834675	-0.00424509687	-0.00766872986	0.000961812097	0.000260820648	0.00108232321	0	100	0	0	3
224	116	0.502621412	2.2058798	-0.00672713925	-0.00428480186	-0.00766872986	0.000961812097	0.000255369731	0.0010821758	0	100	0	0	3
225	116	0.505807868	2.21572748	-0.00670461257	-0.00429486335	-0.00766872986	0.000961812097	0.000231318475	0.00108203079	0	100	0	0	3
226	117	0.509137983	2.22557515	-0.00723857354	-0.00431522637	-0.00766872986	0.000961812097	0.000227477839	0.00108188812	0	100	0	0	3
227	117	0.512349617	2.23542283	-0.00705304554	-0.00432258609	-0.00766872986	0.000961812097	0.000234837564	0.00108174773	0	100	0	0	3
228	118	0.515286855	2.24527051	-0.00583279172	-0.00429264623	-0.00766872986	0.000961812097	0.000234837564	0.00108160957	0	100	0	0	3
229	118	0.517863758	2.25511819	-0.00435681127	-0.00424986359	-0.00766872986	0.000961812097	0.000234837564	0.00108147359	0	100	0	0	3
230	119	0.518977469	2.26496586	-0.00419438102	-0.00422584041	-0.00766872986	0.000961812097	0.000234837564	0.00108133973	0	100	0	0	3
231	120	0.520211918	2.27481354	-0.00403457866	-0.0042158765	-0.00766872986	0.000961812097	0.00022588307	0.00108120794	0	100	0	0	3
232	120	0.522042556	2.28466122	-0.00426246927	-0.00421361128	-0.00766872986	0.000961812097	0.00022588307	0.00108107818	0	100	0	0	3
233	121	0.524223208	2.2945089	-0.00268366118	-0.00418463492	-0.00766872986	0.000961812097	0.00022588307	0.00108095041	0	100	0	0	3
234	121	0.525790049	2.30435658	-0.00230708295	-0.00415371963	-0.00766872986	0.000961812097	0.00022588307	0.00108082457	0	100	0	0	3
235	122	0.528311257	2.31420425	-0.000910352179	-0.0040862092	-0.00766872986	0.000961812097	0.000236376897	0.00108070062	0	100	0	0	3
236	122	0.530882186	2.32405193	-0.00102349262	-0.0040093652	-0.00766872986	0.000961812097	0.000313220893	0.00108057852	0	100	0	0	3
237	123	0.533668087	2.33389961	-0.0021238104	-0.00395157219	-0.00766872986	0.000961812097	0.000371013908	0.00108045823	0	100	0	0	3
238	124	0.535605152	2.34374729	-0.001161777	-0.00389872739	-0.00766872986	0.000961812097	0.000423858706	0.00108033971	0	100	0	0	3
239	124	0.538265263	2.35359496	-0.000494098694	-0.00380252087	-0.00766872986	0.000961812097	0.000520065223	0.00108022292	0	100	0	0	3
240	124	0.539567676	2.36344264	-0.000598479249	-0.00374906243	-0.00766872986	0.000961812097	0.000573523662	0.00108010782	0	100	0	0	3
241	125	0.541108901	2.37329032	-0.000350263583	-0.00371544584	-0.00766872986	0.000961812097	0.000607140252	0.00107999438	0	100	0	0	3
242	125	0.543864732	2.383138	-0.000654277975	-0.00368167028	-0.00766872986	0.000961812097	0.000640915812	0.00107988256	0	100	0	0	3
243	126	0.546761544	2.39298567	-0.00164754	-0.00366184652	-0.00766872986	0.000961812097	0.000660739577	0.00107977232	0	100	0	0	3
244	126	0.548488166	2.40283335	-0.001864514	-0.0036612212	-0.00766872986	0.000961812097	0.000661364894	0.00107966364	0	100	0	0	3
245	127	0.550615407	2.41268103	-0.00245872085	-0.00364933592	-0.00766872986	0.000961812097	0.000673250173	0.00107955648	0	100	0	0	3
246	127	0.554315836	2.42252871	-0.00334561218	-0.00362679591	-0.00766872986	0.000961812097	0.000695790188	0.00107945081	0	100	0	0	3
247	128	0.556912773	2.43237639	-0.00408111323	-0.00360744509	-0.00766872986	0.000961812097	0.000715141002	0.00107934659	0	100	0	0	3
248	128	0.559800188	2.44222406	-0.00524663778	-0.00359302134	-0.00766872986	0.000961812097	0.000729564751	0.0010792438	0	100	0	0	3
249	128	0.562802463	2.45207174	-0.00596967939	-0.00357675761	-0.00766872986	0.000961812097	0.000745828481	0.00107914241	0	100	0	0	3
250	129	0.565930125	2.46191942	-0.00647854274	-0.00356383686	-0.00766872986	0.000961812097	0.000758749237	0.00107904239	0	100	0	0	3
251	129	0.56921284	2.4717671	-0.00657565198	-0.00355286616	-0.00766872986	0.000961812097	0.000769719934	0.00107894371	0	100	0	0	3
252	130	0.572541103	2.48161477	-0.0069257734	-0.00354318521	-0.00749832604	0.000961812097	0.000779400883	0.00107884635	0	100	0	0	3
253	130	0.575499483	2.49146245	-0.00659899067	-0.00354977858	-0.00723857354	0.000961812097	0.000779400883	0.00107875028	0	100	0	0	3
254	131	0.578478948	2.50131013	-0.00550931061	-0.0035182059	-0.00723857354	0.000961812097	0.000804380192	0.00107865547	0	100	0	0	3
255	131	0.580321605	2.51115781	-0.00459258444	-0.00349652377	-0.00723857354	0.000961812097	0.000826062327	0.0010785619	0	100	0	0	3
256	132	0.581588179	2.52100548	-0.0044759419	-0.00348592293	-0.00723857354	0.000961812097	0.000836663165	0.00107846955	0	100	0	0	3
257	133	0.582855188	2.53085316	-0.0044470513	-0.00348839612	-0.00723857354	0.000961812097	0.000836663165	0.00107837839	0	100	0	0	3
258	133	0.584765667	2.54070084	-0.00459928875	-0.00349969725	-0.00723857354	0.000961812097	0.000836663165	0.00107828839	0	100	0	0	3
259	134	0.586799339	2.55054852	-0.00344064368	-0.00349328584	-0.00723857354	0.000961812097	0.000836663165	0.00107819955	0	100	0	0	3
260	134	0.588591137	2.5603962	-0.00291527961	-0.00349465192	-0.00723857354	0.000961812097	0.000836663165	0.00107811183	0	100	0	0	3
261	135	0.591512971	2.57024387	-0.00164454603	-0.00348132616	-0.00723857354	0.000961812097	0.000841259934	0.00107802521	0	100	0	0	3
262	135	0.592543352	2.58009155	-0.00169944039	-0.00352397169	-0.00723857354	0.000961812097	0.000841259934	0.00107793967	0	100	0	0	3
263	136	0.59518568	2.58993923	-0.000262525296	-0.00352234769	-0.00723857354	0.000961812097	0.000841259934	0.0010778552	0	100	0	0	3
264	137	0.596126307	2.59978691	0.00159114468	-0.00355143585	-0.00723857354	0.00159114468	0.000841259934	0.00107748266	0	100	0	0	3
265	137	0.597046651	2.60963458	0.00240501923	-0.00362285405	-0.00723857354	0.00240501923	0.000841259934	0.00107763819	0	100	0	0	3
266	138	0.59816342	2.61948226	0.00185768862	-0.00365107994	-0.00723857354	0.00240501923	0.000841259934	0.00107779182	0	100	0	0	3
267	138	0.599261294	2.62932994	0.00254544187	-0.00366185486	-0.00723857354	0.00254544187	0.000841259934	0.00107803676	0	100	0	0	3
268	139	0.600346714	2.63917762	0.00212628929	-0.00367153087	-0.00723857354	0.00254544187	0.000841259934	0.00107827875	0	100	0	0	3
269	139	0.60146817	2.64902529	0.00115594844	-0.00367386376	-0.00723857354	0.00254544187	0.000841259934	0.00107851784	0	100	0	0	3
270	140	0.602769863	2.65887297	0.00130108071	-0.00365778496	-0.00723857354	0.00254544187	0.000841259934	0.00107875408	0	100	0	0	3
271	140	0.60438795	2.66872065	0.000562302369	-0.00361022586	-0.00723857354	0.00254544187	0.000841259934	0.00107898753	0	100	0	0	3
272	141	0.606572723	2.67856833	-0.000225867773	-0.00353280067	-0.00723857354	0.00254544187	0.000841259934	0.00107921823	0	100	0	0	3
273	141	0.609109991	2.688416	-0.00157899971	-0.00344307953	-0.00723857354	0.00254544187	0.000879506563	0.00107944623	0	100	0	0	3
274	142	0.611152463	2.69826368	-0.00223574099	-0.0033499285	-0.00723857354	0.00254544187	0.000972657597	0.00107967158	0	100	0	0	3
275	142	0.613884412	2.70811136	-0.00271690755	-0.00324247153	-0.00723857354	0.00254544187	0.00108011457	0.00107989433	0	99.9	0	0	3
276	143	0.616823932	2.71795904	-0.00330103086	-0.00314464943	-0.00723857354	0.00254544187	0.00117793666	0.00108011452	0	91.6	0	0	3
277	143	0.619569704	2.72780672	-0.00407032008	-0.0030442113	-0.00705304554	0.00254544187	0.00127837479	0.00108033219	0	84.5	0	0	3
278	144	0.623886168	2.73765439	-0.00526027998	-0.00301454095	-0.0069257734	0.00254544187	0.00127810528	0.00108054738	0	84.5	0	0	3
279	144	0.626585753	2.74750207	-0.00606119697	-0.00301406327	-0.0069257734	0.00254544187	0.00123580032	0.00108076015	0	87.4	0	0	3
280	145	0.630005367	2.75734975	-0.00640459451	-0.00308659812	-0.0069257734	0.00254544187	0.00121177715	0.00108097052	0	89.2	0	0	3
281	145	0.633163281	2.76719743	-0.00653636761	-0.00317119995	-0.0069257734	0.00254544187	0.00120181323	0.00108117854	0	89.9	0	0	3
282	146	0.636276814	2.7770451	-0.00653441901	-0.0032522382	-0.0069257734	0.00254544187	0.00119954801	0.00108138425	0	90.1	0	0	3
283	146	0.637879968	2.78689278	-0.00670566913	-0.00328406742	-0.0069257734	0.00254544187	0.00117057165	0.00108158769	0	92.3	0	0	3
284	147	0.640603632	2.79674046	-0.005745565	-0.00335292409	-0.0069257734	0.00254544187	0.00113965637	0.0010817889	0	94.9	0	0	3
285	147	0.64318666	2.80658814	-0.00434182592	-0.00338864086	-0.0069257734	0.00254544187	0.00107214593	0.0010819879	0	100	0	0	3
286	148	0.64441589	2.81643581	-0.00422456618	-0.00345130697	-0.0069257734	0.00254544187	0.000995301933	0.00108218474	0	100	0	0	3
287	148	0.645466715	2.82628349	-0.0045928884	-0.0035162489	-0.0069257734	0.00254544187	0.000937508918	0.00108237945	0	100	0	0	3
288	149	0.647392039	2.83613117	-0.00534465265	-0.00358131405	-0.0069257734	0.00254544187	0.00088466412	0.00108257207	0	100	0	0	3
289	150	0.649320849	2.84597885	-0.00446324166	-0.0036374881	-0.0069257734	0.00254544187	0.000788457604	0.00108276263	0	100	0	0	3
290	150	0.651584275	2.85582653	-0.00351575078	-0.00370884612	-0.0069257734	0.00254544187	0.000734999165	0.00108295117	0	100	0	0	3
291	151	0.653616055	2.8656742	-0.00245646298	-0.00372205468	-0.0069257734	0.00254544187	0.000707991417	0.0010831377	0	100	0	0	3
292	151	0.656085711	2.87552188	-0.00258316903	-0.00374278959	-0.0069257734	0.00254544187	0.000728726325	0.00108332228	0	100	0	0	3
293	152	0.658631467	2.88536956	-0.00309686222	-0.00380262438	-0.0069257734	0.00254544187	0.00078856111	0.00108350492	0	100	0	0	3
294	153	0.661568758	2.89521724	-0.00250284118	-0.00382374703	-0.0069257734	0.00254544187	0.00080968376	0.00108368566	0	100	0	0	3
295	153	0.663815932	2.90506491	-0.00223496921	-0.00382212204	-0.0069257734	0.00254544187	0.00080968376	0.00108386452	0	100	0	0	3
296	154	0.667153001	2.91491259	-0.00169084842	-0.00378597986	-0.0069257734	0.00254544187	0.00080968376	0.00108404154	0	100	0	0	3
297	154	0.66986863	2.92476027	-0.00199188767	-0.00375791875	-0.0069257734	0.00254544187	0.00080968376	0.00108421675	0	100	0	0	3
298	155	0.672607542	2.93460795	-0.00266432504	-0.00372477487	-0.0069257734	0.00254544187	0.00080968376	0.00108439017	0	100	0	0	3
299	155	0.675714936	2.94445562	-0.0031235221	-0.00367074741	-0.0069257734	0.00254544187	0.00080968376	0.00108456182	0	100	0	0	3
300	156	0.678205751	2.9543033	-0.00356097233	-0.0036085702	-0.0069257734	0.00254544187	0.00080968376	0.00108473175	0	100	0	0	3
301	157	0.681549576	2.96415098	-0.00456779887	-0.00355867538	-0.0069257734	0.00254544187	0.00080968376	0.00108489996	0	100	0	0	3
302	157	0.68427967	2.97399866	-0.00521902465	-0.00351199846	-0.0069257734	0.00254544187	0.00080968376	0.0010850665	0	100	0	0	3
303	157	0.687167866	2.98384633	-0.00594991359	-0.00347430426	-0.00670566913	0.00254544187	0.00080968376	0.00108513856	0	100	0	0	3
304	158	0.690135894	2.99369401	-0.0067158935	-0.00347759394	-0.0067158935	0.00254544187	0.00080968376	0.00108506914	0	100	0	0	3
305	158	0.693397606	3.00354169	-0.00690968017	-0.00352233035	-0.00690968017	0.00254544187	0.00080968376	0.0010850004	0	100	0	0	3
306	159	0.69656592	3.01338937	-0.00705874663	-0.00360175246	-0.00705874663	0.00254544187	0.00080968376	0.00108493233	0	100	0	0	3
307	159	0.699972252	3.02323705	-0.00718746003	-0.00369557321	-0.00718746003	0.00254544187	0.00080968376	0.00108486493	0	100	0	0	3
308	160	0.703123121	3.03308472	-0.00632769969	-0.00375661489	-0.00718746003	0.00254544187	0.00080968376	0.00108479818	0	100	0	0	3
309	161	0.705588616	3.0429324	-0.00486606882	-0.0037659297	-0.00718746003	0.00254544187	0.00080968376	0.00108473208	0	100	0	0	3
310	161	0.707387259	3.05278008	-0.0042833723	-0.0037791335	-0.00718746003	0.00254544187	0.00080968376	0.00108466661	0	100	0	0	3
311	162	0.708720511	3.06262776	-0.00395234479	-0.00379394076	-0.00718746003	0.00254544187	0.00080968376	0.00108460177	0	100	0	0	3
312	163	0.710580402	3.07247543	-0.00422538272	-0.00385342477	-0.00718746003	0.00254544187	0.0008393615	0.00108453755	0	100	0	0	3
313	163	0.712809491	3.08232311	-0.0026596043	-0.00384975202	-0.00718746003	0.00254544187	0.0008393615	0.00108447393	0	100	0	0	3
314	164	0.713882783	3.09217079	-0.00261311311	-0.00391842562	-0.00718746003	0.00254544187	0.00090436235	0.00108441092	0	100	0	0	3
315	165	0.716160251	3.10201847	-0.000298494228	-0.0038929176	-0.00718746003	0.00254544187	0.00090436235	0.00108434849	0	100	0	0	3
316	165	0.718504865	3.11186614	-1.55468069e-05	-0.00386579167	-0.00718746003	0.00254544187	0.00090436235	0.00108428665	0	100	0	0	3
317	166	0.720748952	3.12171382	-0.000482640732	-0.00385600028	-0.00718746003	0.00254544187	0.00090436235	0.00108422539	0	100	0	0	3
318	167	0.723819127	3.1315615	-0.00064669441	-0.00383331884	-0.00718746003	0.00212628929	0.00090436235	0.00108416469	0	100	0	0	3
319	167	0.726886307	3.14140918	3.70025869e-05	-0.00379062631	-0.00718746003	0.00130108071	0.00090436235	0.00108410456	0	100	0	0	3
320	168	0.729176315	3.15125686	0.00013245061	-0.00376371719	-0.00718746003	0.00130108071	0.00090436235	0.00108404497	0	100	0	0	3
321	168	0.732293083	3.16110453	-0.000536547629	-0.00373696116	-0.00718746003	0.000562302369	0.00090436235	0.00108398593	0	100	0	0	3
322	169	0.734962104	3.17095221	-0.00130469582	-0.00374052097	-0.00718746003	0.00013245061	0.00090436235	0.00108392742	0	100	0	0	3
323	169	0.7374039	3.18079989	-0.00172818288	-0.00376165506	-0.00718746003	0.00013245061	0.00090436235	0.00108386945	0	100	0	0	3
324	170	0.740442842	3.19064757	-0.00253623328	-0.00377546726	-0.00718746003	0.00013245061	0.00090436235	0.001083812	0	100	0	0	3
325	170	0.74396121	3.20049524	-0.00337279771	-0.00378847927	-0.00718746003	0.00013245061	0.00090436235	0.00108375506	0	100	0	0	3
326	171	0.746389974	3.21034292	-0.00421894602	-0.00381846277	-0.00718746003	0.00013245061	0.00090436235	0.00108369863	0	100	0	0	3
327	171	0.749342526	3.2201906	-0.00540530466	-0.0038652957	-0.00718746003	0.00013245061	0.00090436235	0.0010836427	0	100	0	0	3
328	171	0.75254549	3.23003828	-0.006201582	-0.00391733594	-0.00718746003	0.00013245061	0.00090436235	0.00108356251	0	100	0	0	3
329	172	0.756021848	3.23988595	-0.00649838254	-0.00394137087	-0.00718746003	0.00013245061	0.0009273076	0.00108348302	0	100	0	0	3
330	172	0.759182136	3.24973363	-0.006674283	-0.00396334838	-0.00718746003	0.00013245061	0.000876750258	0.00108340423	0	100	0	0	3
331	173	0.762709479	3.25958131	-0.00676310827	-0.00397485966	-0.00718746003	0.00013245061	0.00080365971	0.00108332613	0	100	0	0	3
332	173	0.765857864	3.26942899	-0.00608263947	-0.0039639103	-0.00718746003	0.00013245061	0.000722621455	0.00108324871	0	100	0	0	3
333	174	0.768266302	3.27927667	-0.00460677005	-0.00391500431	-0.00718746003	0.00013245061	0.000690792244	0.00108317196	0	100	0	0	3
334	175	0.770274351	3.28912434	-0.00371190166	-0.00387813187	-0.00718746003	0.00013245061	0.000621935566	0.00108309587	0	100	0	0	3
335	175	0.771666373	3.29897202	-0.00344293525	-0.00383470181	-0.00718746003	0.00013245061	0.000586218796	0.00108302043	0	100	0	0	3
336	176	0.773382268	3.3088197	-0.00353610275	-0.00382070532	-0.00718746003	0.00013245061	0.000523552689	0.00108294564	0	100	0	0	3
337	176	0.775551282	3.31866738	-0.00199073044	-0.00378665137	-0.00718746003	0.00013245061	0.000500555397	0.00108287149	0	100	0	0	3
338	177	0.777067778	3.32851505	-0.00161409549	-0.00375517832	-0.00718746003	0.00013245061	0.000500555397	0.00108279796	0	100	0	0	3
339	178	0.779173283	3.33836273	2.37670953e-05	-0.00367157885	-0.00718746003	0.00013245061	0.000500555397	0.00108272505	0	100	0	0	3
340	178	0.781500798	3.34821041	-0.000965419542	-0.00361237476	-0.00718746003	0.00013245061	0.000500555397	0.00108265276	0	100	0	0	3
341	179	0.783750541	3.35805809	-0.00083522998	-0.00356675676	-0.00718746003	0.00013245061	0.000500555397	0.00108258107	0	100	0	0	3
342	179	0.786463934	3.36790576	-0.000932789316	-0.00352993934	-0.00718746003	0.00013245061	0.000500555397	0.00108250998	0	100	0	0	3
343	180	0.789713029	3.37775344	0.000590663315	-0.00344724642	-0.00718746003	0.000590663315	0.000527613244	0.00108243948	0	100	0	0	3
344	180	0.791922653	3.38760112	0.000798095534	-0.00338356166	-0.00718746003	0.000798095534	0.000591297998	0.00108236956	0	100	0	0	3
345	181	0.794205244	3.3974488	0.00118488935	-0.00332444541	-0.00718746003	0.00118488935	0.000650414249	0.00108230022	0	100	0	0	3
346	181	0.797004678	3.40729647	1.94043664e-05	-0.0032725443	-0.00718746003	0.00118488935	0.000702315362	0.00108223144	0	100	0	0	3
347	182	0.799948586	3.41714415	-0.00088120739	-0.00325927844	-0.00718746003	0.00118488935	0.000715581221	0.00108216323	0	100	0	0	3
348	182	0.802947277	3.42699183	-0.00201089736	-0.00325701102	-0.00718746003	0.00118488935	0.000717848642	0.00108209557	0	100	0	0	3
349	182	0.806389428	3.43683951	-0.00329785145	-0.00327019587	-0.00718746003	0.00118488935	0.000717848642	0.00108202846	0	100	0	0	3
350	183	0.809563457	3.44668719	-0.00429454866	-0.00329789209	-0.00718746003	0.00118488935	0.000717848642	0.00108196189	0	100	0	0	3
351	183	0.812438569	3.45653486	-0.00515729633	-0.00333283668	-0.00718746003	0.00118488935	0.000717848642	0.00108189585	0	100	0	0	3
352	184	0.81548654	3.46638254	-0.00589761767	-0.00336037113	-0.00718746003	0.00118488935	0.000717848642	0.00108183035	0	100	0	0	3
353	184	0.818782789	3.47623022	-0.00614484015	-0.00339088346	-0.00718746003	0.00118488935	0.000717848642	0.00108176536	0	100	0	0	3
354	185	0.821967634	3.4860779	-0.00629366562	-0.00340463669	-0.00718746003	0.00118488935	0.000717848642	0.00108170089	0	100	0	0	3
355	185	0.824544873	3.49592557	-0.00629520456	-0.00338694279	-0.00718746003	0.00118488935	0.000717848642	0.00108163693	0	100	0	0	3
356	186	0.826988273	3.50577325	-0.00634876092	-0.00335510487	-0.00718746003	0.00118488935	0.000717848642	0.00108157348	0	100	0	0	3
357	186	0.829830546	3.51562093	-0.00526831581	-0.00330785727	-0.00718746003	0.00118488935	0.000717848642	0.00108151052	0	100	0	0	3
358	187	0.832413421	3.52546861	-0.0040400046	-0.0032223539	-0.00676310827	0.00118488935	0.000752505764	0.00108144805	0	100	0	0	3
359	187	0.833415013	3.53531628	-0.00390850496	-0.00315253147	-0.00676310827	0.00118488935	0.000822328191	0.00108138607	0	100	0	0	3
360	188	0.83451384	3.54516396	-0.0037619984	-0.0031249572	-0.00676310827	0.00118488935	0.000849902459	0.00108132457	0	100	0	0	3
361	189	0.83639095	3.55501164	-0.00376903185	-0.00311817773	-0.00676310827	0.00118488935	0.00085668193	0.00108126355	0	100	0	0	3
362	189	0.838545544	3.56485932	-0.00257975433	-0.00310067541	-0.00676310827	0.00118488935	0.000874184247	0.00108120299	0	100	0	0	3
363	190	0.840938106	3.574707	-0.00132499022	-0.00305203792	-0.00676310827	0.00118488935	0.000922821734	0.0010811429	0	100	0	0	3
364	191	0.843126384	3.58455467	-0.000205712382	-0.00301095514	-0.00676310827	0.00118488935	0.000963904518	0.00108108327	0	100	0	0	3
365	191	0.845773549	3.59440235	0.00100123517	-0.00293366445	-0.00676310827	0.00118488935	0.00104119521	0.00108102409	0	100	0	0	3
366	192	0.848462206	3.60425003	0.00122807954	-0.0028944512	-0.00676310827	0.00122807954	0.00108040846	0.00108096536	0	100	0	0	3
367	192	0.851301903	3.61409771	0.00170448466	-0.00284693761	-0.00676310827	0.00170448466	0.00112792205	0.00108090707	0	95.8	0	0	3
368	193	0.85378458	3.62394538	0.00196716399	-0.00279697978	-0.00676310827	0.00196716399	0.00117787988	0.00108084922	0	91.7	0	0	3
369	193	0.856822261	3.63379306	0.0020931901	-0.00273492846	-0.00676310827	0.0020931901	0.0012399312	0.00108061995	0	87.1	0	0	3
370	194	0.859553187	3.64364074	0.000839210119	-0.00272544081	-0.00676310827	0.0020931901	0.00124941885	0.00108037886	0	86.4	0	0	3
371	194	0.86180898	3.65348842	0.000123178381	-0.00272633574	-0.00676310827	0.0020931901	0.00124941885	0.00108013956	0	86.4	0	0	3
372	195	0.8647098	3.66333609	-0.000927876809	-0.00273847966	-0.00676310827	0.0020931901	0.00124941885	0.00107990204	0	86.4	0	0	3
373	195	0.867911636	3.67318377	-0.002130712	-0.00275262657	-0.00676310827	0.0020931901	0.00124941885	0.00107966627	0	86.4	0	0	3
374	196	0.870571536	3.68303145	-0.00360308121	-0.00278839808	-0.00676310827	0.0020931901	0.00124941885	0.00107943223	0	86.3	0	0	3
375	196	0.87357878	3.69287913	-0.00463061226	-0.00283576547	-0.00676310827	0.0020931901	0.00124941885	0.00107919991	0	86.3	0	0	3
376	196	0.876608932	3.70272681	-0.00538783785	-0.00287981967	-0.00676310827	0.0020931901	0.00124941885	0.00107896929	0	86.3	0	0	3
377	197	0.87959446	3.71257448	-0.0060919226	-0.00292739614	-0.00676310827	0.0020931901	0.00124941885	0.00107874034	0	86.3	0	0	3
378	197	0.882776562	3.72242216	-0.00624750362	-0.00295174353	-0.00676310827	0.0020931901	0.00124941885	0.00107851305	0	86.3	0	0	3
379	198	0.886143458	3.73226984	-0.00681836661	-0.00297127528	-0.00681836661	0.0020931901	0.00124941885	0.0010782874	0	86.3	0	0	3
380	199	0.889430246	3.74211752	-0.00667720063	-0.00297066889	-0.00681836661	0.0020931901	0.00124941885	0.00107806338	0	86.2	0	0	3
381	199	0.892597084	3.75196519	-0.00526417241	-0.00293737926	-0.00681836661	0.0020931901	0.00124941885	0.00107784096	0	86.2	0	0	3
382	200	0.894912006	3.76181287	-0.0042994813	-0.00285915461	-0.00681836661	0.0020931901	0.00123846948	0.00107762013	0	87	0	0	3
383	200	0.896072276	3.77166055	-0.00384760371	-0.00279002321	-0.00681836661	0.0020931901	0.0011895635	0.00107740087	0	90.5	0	0	3
384	201	0.897205718	3.78150823	-0.00386014814	-0.00276549542	-0.00681836661	0.0020931901	0.00115269105	0.00107718316	0	93.4	0	0	3
385	201	0.899265437	3.7913559	-0.00286352627	-0.00275232774	-0.00681836661	0.0020931901	0.00110926099	0.001076967	0	97	0	0	3
386	202	0.901300352	3.80120358	-0.00243107354	-0.00273986908	-0.00681836661	0.0020931901	0.00109526451	0.00107675236	0	98.3	0	0	3
387	203	0.903615003	3.81105126	-0.00142655345	-0.00270603641	-0.00681836661	0.0020931901	0.00108061495	0.00107653922	0	99.6	0	0	3
388	203	0.906275323	3.82089894	-0.000855224744	-0.00268023975	-0.00681836661	0.0020931901	0.00107493857	0.00107632757	0	100	0	0	3
389	204	0.909216626	3.83074661	-8.97925513e-05	-0.00263481759	-0.00681836661	0.0020931901	0.00103676125	0.0010761174	0	100	0	0	3
390	204	0.911850988	3.84059429	0.000327339734	-0.00261819287	-0.00681836661	0.0020931901	0.000994181889	0.00107590869	0	100	0	0	3
391	205	0.91513056	3.85044197	0.00112749591	-0.00255505275	-0.00681836661	0.0020931901	0.00101170401	0.00107570142	0	100	0	0	3
392	205	0.91779485	3.86028965	0.00102523276	-0.00251275509	-0.00681836661	0.0020931901	0.00101718424	0.00107549559	0	100	0	0	3
393	206	0.920434464	3.87013733	0.000386613823	-0.00248762907	-0.00681836661	0.0020931901	0.000959617342	0.00107529116	0	100	0	0	3
394	206	0.923151963	3.879985	-0.0002938759	-0.00251790615	-0.00681836661	0.0020931901	0.000917007615	0.00107508814	0	100	0	0	3
395	207	0.926124004	3.88983268	-0.000998629794	-0.00253885799	-0.00681836661	0.0020931901	0.000917007615	0.0010748865	0	100	0	0	3
396	207	0.928642553	3.89968036	-0.00193177097	-0.00259070977	-0.00681836661	0.0020931901	0.000917007615	0.00107468624	0	100	0	0	3
397	208	0.932401116	3.90952804	-0.00290789692	-0.00265348107	-0.00681836661	0.0020931901	0.000917007615	0.00107448733	0	100	0	0	3
398	208	0.934853991	3.91937571	-0.00389365641	-0.00271470475	-0.00681836661	0.0020931901	0.000917007615	0.00107428977	0	100	0	0	3
399	208	0.937639217	3.92922339	-0.0051309699	-0.00278033855	-0.00681836661	0.0020931901	0.000917007615	0.00107409353	0	100	0	0	3
400	209	0.940795817	3.93907107	-0.00599558734	-0.00284259674	-0.00681836661	0.0020931901	0.000917007615	0.00107389862	0	100	0	0	3
401	210	0.944147573	3.94891875	-0.00633435939	-0.00289531467	-0.00681836661	0.0020931901	0.000917007615	0.001073705	0	100	0	0	3
402	210	0.9473302	3.95876642	-0.00658014801	-0.00293404207	-0.00681836661	0.0020931901	0.000917007615	0.00107351268	0	100	0	0	3
403	211	0.950685606	3.9686141	-0.00659951262	-0.00295820088	-0.00681836661	0.0020931901	0.000917007615	0.00107332164	0	100	0	0	3
404	211	0.953278734	3.97846178	-0.00621840485	-0.00294296005	-0.00681836661	0.0020931901	0.000917007615	0.00107313186	0	100	0	0	3
405	212	0.955606844	3.98830946	-0.00503114549	-0.00289948515	-0.00681836661	0.0020931901	0.00089931372	0.00107294333	0	100	0	0	3
406	213	0.958559409	3.99815714	-0.00273108778	-0.00283047184	-0.00681836661	0.0020931901	0.000867475801	0.00107275605	0	100	0	0	3
407	213	0.959073237	4.00800481	-0.00345414294	-0.00276781424	-0.00681836661	0.0020931901	0.000820228195	0.00107256999	0	100	0	0	3
408	214	0.960103065	4.01785249	-0.0038563462	-0.00272186358	-0.00681836661	0.0020931901	0.000734724822	0.00107238515	0	100	0	0	3
409	214	0.962297779	4.02770017	-0.00434238364	-0.00272303373	-0.00681836661	0.0020931901	0.000664902395	0.00107206989	0	100	0	0	3
410	215	0.964072278	4.03754785	-0.00368099771	-0.00272695658	-0.00681836661	0.0020931901	0.000637328127	0.00107175668	0	100	0	0	3
411	216	0.966508026	4.04739552	-0.00256780966	-0.00271540324	-0.00681836661	0.0020931901	0.000630548656	0.0010714455	0	100	0	0	3
412	216	0.969397779	4.0572432	-0.00130610096	-0.00266991451	-0.00681836661	0.0020931901	0.000613046339	0.00107113633	0	100	0	0	3
413	217	0.971782776	4.06709088	-7.47250131e-05	-0.00262491763	-0.00681836661	0.0020931901	0.000564408852	0.00107082914	0	100	0	0	3
414	217	0.974884357	4.07693856	0.000558513503	-0.0025744234	-0.00681836661	0.0020931901	0.000523326068	0.00107052393	0	100	0	0	3
415	218	0.976942387	4.08678623	0.00164585275	-0.00254825271	-0.00681836661	0.0020931901	0.000483646207	0.00107022066	0	100	0	0	3
416	218	0.979849969	4.09663391	0.00170843395	-0.00252602222	-0.00681836661	0.0020931901	0.000483646207	0.00106991932	0	100	0	0	3
417	219	0.982646665	4.10648159	0.00165891652	-0.00251402002	-0.00681836661	0.0020931901	0.000483646207	0.0010696199	0	100	0	0	3
418	219	0.985560794	4.11632927	0.000166402788	-0.00254506584	-0.00681836661	0.0020931901	0.000483646207	0.00106932238	0	100	0	0	3
419	220	0.988873438	4.12617695	-0.000565617309	-0.00257945211	-0.00681836661	0.0020931901	0.000483646207	0.00106902673	0	100	0	0	3
420	220	0.991630302	4.13602462	-0.00136923524	-0.00265999322	-0.00681836661	0.00170843395	0.000483646207	0.00106873294	0	100	0	0	3
421	220	0.995155238	4.1458723	-0.00266572266	-0.00273061355	-0.00681836661	0.00170843395	0.000483646207	0.00106844099	0	100	0	0	3
422	221	0.997769844	4.15571998	-0.0035704248	-0.00279411227	-0.00681836661	0.00170843395	0.000483646207	0.00106815087	0	100	0	0	3
423	221	1	4.16556766	-0.00468216251	-0.00286525015	-0.00681836661	0.00170843395	0.000483646207	0.00106786255	0	100	0	0	3
