Iteration	CPUTime	PhysTime	Travels	Value	AvValue	MinValue	MaxValue	Delta	Criteria	PrevAvRefValue	Progress	CriteriaType	CriteriaVarType	CriteriaPercentage
1	3	9.23472925e-05	0.00984767767	0	0	0	0	0	0	0	0	0	0	3
2	4	0.000192213384	0.0196953553	0	0	0	0	0	0	0	0	0	0	3
3	4	0.000291291591	0.029543033	0	0	0	0	0	0	0	0	0	0	3
4	5	0.000384554122	0.0393907107	0	0	0	0	0	0	0	0	0	0	3
5	5	0.000479593701	0.0492383884	0	0	0	0	0	0	0	0	0	0	3
6	7	0.000647949827	0.059086066	0	0	0	0	0	0	0	0	0	0	3
7	7	0.000861756473	0.0689337437	0	0	0	0	0	0	0	0	0	0	3
8	8	0.00108107564	0.0787814214	0	0	0	0	0	0	0	0	0	0	3
9	8	0.00131386986	0.0886290991	0	0	0	0	0	0	0	0	0	0	3
10	9	0.0015453664	0.0984767767	0	0	0	0	0	0	0	0	0	0	3
11	10	0.00190403487	0.108324454	0	0	0	0	0	0	0	0	0	0	3
12	10	0.00222220483	0.118172132	0	0	0	0	0	0	0	0	0	0	3
13	11	0.00233459074	0.12801981	0	0	0	0	0	0	0	0	0	0	3
14	12	0.00246588317	0.137867487	0	0	0	0	0	0	0	0	0	0	3
15	13	0.00263967106	0.147715165	0	0	0	0	0	0	0	0	0	0	3
16	13	0.00293799959	0.157562843	0	0	0	0	0	0	0	0	0	0	3
17	14	0.00312291115	0.16741052	0	0	0	0	0	0	0	0	0	0	3
18	14	0.00335905763	0.177258198	0	0	0	0	0	0	0	0	0	0	3
19	15	0.00358167492	0.187105876	0	0	0	0	0	0	0	0	0	0	3
20	15	0.00381486729	0.196953553	0	0	0	0	0	0	0	0	0	0	3
21	16	0.00429210182	0.206801231	0	0	0	0	0	0	0	0	0	0	3
22	16	0.00476260133	0.216648909	0	0	0	0	0	0	0	0	0	0	3
23	17	0.00524415024	0.226496586	0	0	0	0	0	0	0	0	0	0	3
24	18	0.00566855574	0.236344264	0	0	0	0	0	0	0	0	0	0	3
25	18	0.00615515784	0.246191942	0	0	0	0	0	0	0	0	0	0	3
26	19	0.00716333819	0.25603962	0	0	0	0	0	0	0	0	0	0	3
27	19	0.00783806457	0.265887297	0	0	0	0	0	0	0	0	0	0	3
28	20	0.00858442219	0.275734975	0	0	0	0	0	0	0	0	0	0	3
29	20	0.00960392862	0.285582653	0	0	0	0	0	0	0	0	0	0	3
30	21	0.0109113983	0.29543033	0	0	0	0	0	0	0	0	0	0	3
31	21	0.0127832534	0.305278008	0	0	0	0	0	0	0	0	0	0	3
32	21	0.0140628175	0.315125686	0	0	0	0	0	0	0	0	0	0	3
33	22	0.0153713335	0.324973363	0	0	0	0	0	0	0	0	0	0	3
34	22	0.0168639654	0.334821041	0	0	0	0	0	0	0	0	0	0	3
35	23	0.0184715168	0.344668719	0	0	0	0	0	0	0	0	0	0	3
36	23	0.0200768919	0.354516396	0	0	0	0	0	0	0	0	0	0	3
37	24	0.0217816155	0.364364074	0	0	0	0	0	0	0	0	0	0	3
38	24	0.0229347217	0.374211752	0	0	0	0	0	0	0	0	0	0	3
39	25	0.024433855	0.384059429	0	0	0	0	0	0	0	0	0	0	3
40	25	0.0256424944	0.393907107	0	0	0	0	0	0	0	0	0	0	3
41	26	0.0267673033	0.403754785	0	0	0	0	0	0	0	0	0	0	3
42	26	0.0273488377	0.413602462	0	0	0	0	0	0	0	0	0	0	3
43	27	0.0282008629	0.42345014	0	0	0	0	0	0	0	0	0	0	3
44	28	0.0293613566	0.433297818	0	0	0	0	0	0	0	0	0	0	3
45	28	0.030252838	0.443145495	0	0	0	0	0	0	0	0	0	0	3
46	29	0.0310865355	0.452993173	0	0	0	0	0	0	0	0	0	0	3
47	29	0.0322794168	0.462840851	0	0	0	0	0	0	0	0	0	0	3
48	30	0.0335132932	0.472688528	0	0	0	0	0	0	0	0	0	0	3
49	30	0.0349420076	0.482536206	0	0	0	0	0	0	0	0	0	0	3
50	31	0.03650693	0.492383884	0	0	0	0	0	0	0	0	0	0	3
51	31	0.0378426053	0.502231561	0	0	0	0	0	0	0	0	0	0	3
52	32	0.0391715561	0.512079239	0	0	0	0	0	0	0	0	0	0	3
53	32	0.0402662821	0.521926917	0	0	0	0	0	0	0	0	0	0	3
54	33	0.0419412871	0.531774594	0	0	0	0	0	0	0	0	0	0	3
55	33	0.0434903324	0.541622272	0	0	0	0	0	0	0	0	0	0	3
56	34	0.0450838527	0.55146995	0	0	0	0	0	0	0	0	0	0	3
57	34	0.046407568	0.561317627	0	0	0	0	0	0	0	0	0	0	3
58	35	0.0477654592	0.571165305	0	0	0	0	0	0	0	0	0	0	3
59	35	0.0492999819	0.581012983	0	0	0	0	0	0	0	0	0	0	3
60	35	0.0509499143	0.59086066	0	0	0	0	0	0	0	0	0	0	3
61	36	0.0525228563	0.600708338	0	0	0	0	0	0	0	0	0	0	3
62	36	0.0541952888	0.610556016	0	0	0	0	0	0	0	0	0	0	3
63	37	0.0554604025	0.620403693	0	0	0	0	0	0	0	0	0	0	3
64	38	0.0566314946	0.630251371	0	0	0	0	0	0	0	0	0	0	3
65	38	0.0578586098	0.640099049	0	0	0	0	0	0	0	0	0	0	3
66	39	0.0582279026	0.649946726	0	0	0	0	0	0	0	0	0	0	3
67	39	0.0588948105	0.659794404	0	0	0	0	0	0	0	0	0	0	3
68	40	0.0599265222	0.669642082	0	0	0	0	0	0	0	0	0	0	3
69	41	0.061087731	0.679489759	0	0	0	0	0	0	0	0	0	0	3
70	42	0.0620505312	0.689337437	0	0	0	0	0	0	0	0	0	0	3
71	42	0.0630700732	0.699185115	0	0	0	0	0	0	0	0	0	0	3
72	43	0.0644443771	0.709032792	0	0	0	0	0	0	0	0	0	0	3
73	43	0.0655348315	0.71888047	0	0	0	0	0	0	0	0	0	0	3
74	44	0.0671173732	0.728728148	0	0	0	0	0	0	0	0	0	0	3
75	44	0.0682092772	0.738575825	0	0	0	0	0	0	0	0	0	0	3
76	45	0.0694522998	0.748423503	0	0	0	0	0	0	0	0	0	0	3
77	45	0.0708309806	0.758271181	0	0	0	0	0	0	0	0	0	0	3
78	46	0.0722745653	0.768118859	0	0	0	0	0	0	0	0	0	0	3
79	46	0.0739206629	0.777966536	0	0	0	0	0	0	0	0	0	0	3
80	47	0.0750304958	0.787814214	0	0	0	0	0	0	0	0	0	0	3
81	47	0.0765735744	0.797661892	0	0	0	0	0	0	0	0	0	0	3
82	48	0.0778113057	0.807509569	0	0	0	0	0	0	0	0	0	0	3
83	48	0.0791634223	0.817357247	0	0	0	0	0	0	0	0	0	0	3
84	49	0.0806755044	0.827204925	0	0	0	0	0	0	0	0	0	0	3
85	49	0.082319417	0.837052602	0	0	0	0	0	0	0	0	0	0	3
86	49	0.0838965264	0.84690028	0	0	0	0	0	0	0	0	0	0	3
87	50	0.0855756599	0.856747958	0	0	0	0	0	0	0	0	0	0	3
88	50	0.0871659312	0.866595635	0	0	0	0	0	0	0	0	0	0	3
89	51	0.0883265183	0.876443313	0	0	0	0	0	0	0	0	0	0	3
90	52	0.089204308	0.886290991	0	0	0	0	0	0	0	0	0	0	3
91	52	0.0899001123	0.896138668	0	0	0	0	0	0	0	0	0	0	3
92	53	0.0908801795	0.905986346	0	0	0	0	0	0	0	0	0	0	3
93	54	0.0919359244	0.915834024	0	0	0	0	0	0	0	0	0	0	3
94	54	0.0929714979	0.925681701	0	0	0	0	0	0	0	0	0	0	3
95	55	0.0943091796	0.935529379	0	0	0	0	0	0	0	0	0	0	3
96	55	0.0957191023	0.945377057	0	0	0	0	0	0	0	0	0	0	3
97	56	0.0971466588	0.955224734	0	0	0	0	0	0	0	0	0	0	3
98	56	0.0987605851	0.965072412	0	0	0	0	0	0	0	0	0	0	3
99	57	0.0997843029	0.97492009	0	0	0	0	0	0	0	0	0	0	3
100	57	0.101302094	0.984767767	0	0	0	0	0	0	0	0	0	0	3
101	59	0.102918459	0.994615445	0	0	0	0	0	0	0	0	0	0	3
102	59	0.104569798	1.00446312	0	0	0	0	0	5e-06	0	0	0	0	3
103	59	0.105717532	1.0143108	0	0	0	0	0	5e-06	0	0	0	0	3
104	60	0.10742332	1.02415848	0	0	0	0	0	5e-06	0	0	0	0	3
105	60	0.108682568	1.03400616	0	0	0	0	0	5e-06	0	0	0	0	3
106	61	0.110110344	1.04385383	0	0	0	0	0	5e-06	0	0	0	0	3
107	61	0.11162589	1.05370151	0	0	0	0	0	5e-06	0	0	0	0	3
108	62	0.113191861	1.06354919	0	0	0	0	0	5e-06	0	0	0	0	3
109	62	0.114800027	1.07339687	0	0	0	0	0	5e-06	0	0	0	0	3
110	63	0.116558323	1.08324454	0	0	0	0	0	5e-06	0	0	0	0	3
111	63	0.118056296	1.09309222	0	0	0	0	0	5e-06	0	0	0	0	3
112	64	0.119170361	1.1029399	0	0	0	0	0	5e-06	0	0	0	0	3
113	65	0.120264101	1.11278758	0	0	0	0	0	5e-06	0	0	0	0	3
114	65	0.120858592	1.12263525	0	0	0	0	0	5e-06	0	0	0	0	3
115	66	0.121351903	1.13248293	0	0	0	0	0	5e-06	0	0	0	0	3
116	66	0.122212343	1.14233061	0	0	0	0	0	5e-06	0	0	0	0	3
117	67	0.123271544	1.15217829	0	0	0	0	0	5e-06	0	0	0	0	3
118	68	0.124254372	1.16202597	0	0	0	0	0	5e-06	0	0	0	0	3
119	68	0.125596522	1.17187364	0	0	0	0	0	5e-06	0	0	0	0	3
120	69	0.126514166	1.18172132	0	0	0	0	0	5e-06	0	0	0	0	3
121	69	0.128020041	1.191569	0	0	0	0	0	5e-06	0	0	0	0	3
122	70	0.129157197	1.20141668	0	0	0	0	0	5e-06	0	0	0	0	3
123	71	0.130419765	1.21126435	0	0	0	0	0	5e-06	0	0	0	0	3
124	71	0.131632663	1.22111203	0	0	0	0	0	5e-06	0	0	0	0	3
125	72	0.13274659	1.23095971	0	0	0	0	0	5e-06	0	0	0	0	3
126	72	0.134267535	1.24080739	0	0	0	0	0	5e-06	0	0	0	0	3
127	73	0.135681836	1.25065506	0	0	0	0	0	5e-06	0	0	0	0	3
128	74	0.137194281	1.26050274	0	0	0	0	0	5e-06	0	0	0	0	3
129	74	0.138142115	1.27035042	0	0	0	0	0	5e-06	0	0	0	0	3
130	75	0.139506709	1.2801981	0	0	0	0	0	5e-06	0	0	0	0	3
131	75	0.140694753	1.29004578	0	0	0	0	0	5e-06	0	0	0	0	3
132	76	0.141996612	1.29989345	0	0	0	0	0	5e-06	0	0	0	0	3
133	76	0.143483317	1.30974113	0	0	0	0	0	5e-06	0	0	0	0	3
134	77	0.145118561	1.31958881	0	0	0	0	0	5e-06	0	0	0	0	3
135	77	0.146636387	1.32943649	0	0	0	0	0	5e-06	0	0	0	0	3
136	78	0.148243706	1.33928416	0	0	0	0	0	5e-06	0	0	0	0	3
137	78	0.149775833	1.34913184	0	0	0	0	0	5e-06	0	0	0	0	3
138	79	0.150892269	1.35897952	0	0	0	0	0	5e-06	0	0	0	0	3
139	80	0.152092963	1.3688272	0	0	0	0	0	5e-06	0	0	0	0	3
140	80	0.152444692	1.37867487	0	0	0	0	0	5e-06	0	0	0	0	3
141	81	0.152992581	1.38852255	0	0	0	0	0	5e-06	0	0	0	0	3
142	82	0.154014265	1.39837023	0	0	0	0	0	5e-06	0	0	0	0	3
143	82	0.15511864	1.40821791	0	0	0	0	0	5e-06	0	0	0	0	3
144	83	0.156214035	1.41806558	0	0	0	0	0	5e-06	0	0	0	0	3
145	84	0.156704289	1.42791326	0	0	0	0	0	5e-06	0	0	0	0	3
146	85	0.157876095	1.43776094	0	0	0	0	0	5e-06	0	0	0	0	3
147	85	0.158026569	1.44760862	0	0	0	0	0	5e-06	0	0	0	0	3
148	85	0.158381695	1.4574563	0	0	0	0	0	5e-06	0	0	0	0	3
149	86	0.158970906	1.46730397	0	0	0	0	0	5e-06	0	0	0	0	3
150	87	0.159432915	1.47715165	0	0	0	0	0	5e-06	0	0	0	0	3
151	87	0.16047411	1.48699933	0	0	0	0	0	5e-06	0	0	0	0	3
152	88	0.160882038	1.49684701	0	0	0	0	0	5e-06	0	0	0	0	3
153	88	0.161973111	1.50669468	0	0	0	0	0	5e-06	0	0	0	0	3
154	89	0.162857565	1.51654236	0	0	0	0	0	5e-06	0	0	0	0	3
155	90	0.164200625	1.52639004	0	0	0	0	0	5e-06	0	0	0	0	3
156	90	0.165667618	1.53623772	0	0	0	0	0	5e-06	0	0	0	0	3
157	91	0.166837508	1.54608539	0	0	0	0	0	5e-06	0	0	0	0	3
158	91	0.168123962	1.55593307	0	0	0	0	0	5e-06	0	0	0	0	3
159	92	0.169448066	1.56578075	0	0	0	0	0	5e-06	0	0	0	0	3
160	92	0.171083319	1.57562843	0	0	0	0	0	5e-06	0	0	0	0	3
161	92	0.172305353	1.58547611	0	0	0	0	0	5e-06	0	0	0	0	3
162	93	0.173607835	1.59532378	0	0	0	0	0	5e-06	0	0	0	0	3
163	93	0.175079191	1.60517146	0	0	0	0	0	5e-06	0	0	0	0	3
164	94	0.17670598	1.61501914	0	0	0	0	0	5e-06	0	0	0	0	3
165	94	0.178285205	1.62486682	0	0	0	0	0	5e-06	0	0	0	0	3
166	95	0.180039999	1.63471449	0	0	0	0	0	5e-06	0	0	0	0	3
167	95	0.181622014	1.64456217	0	0	0	0	0	5e-06	0	0	0	0	3
168	96	0.18288601	1.65440985	0	0	0	0	0	5e-06	0	0	0	0	3
169	97	0.183775223	1.66425753	0	0	0	0	0	5e-06	0	0	0	0	3
170	97	0.184708265	1.6741052	0	0	0	0	0	5e-06	0	0	0	0	3
171	98	0.185783197	1.68395288	0	0	0	0	0	5e-06	0	0	0	0	3
172	99	0.186654415	1.69380056	0	0	0	0	0	5e-06	0	0	0	0	3
173	99	0.187741155	1.70364824	0	0	0	0	0	5e-06	0	0	0	0	3
174	100	0.188793004	1.71349592	0	0	0	0	0	5e-06	0	0	0	0	3
175	101	0.190048196	1.72334359	0	0	0	0	0	5e-06	0	0	0	0	3
176	101	0.191407778	1.73319127	0	0	0	0	0	5e-06	0	0	0	0	3
177	102	0.19306294	1.74303895	0	0	0	0	0	5e-06	0	0	0	0	3
178	103	0.194016179	1.75288663	0	0	0	0	0	5e-06	0	0	0	0	3
179	103	0.195601742	1.7627343	0	0	0	0	0	5e-06	0	0	0	0	3
180	104	0.197116851	1.77258198	0	0	0	0	0	5e-06	0	0	0	0	3
181	104	0.198594813	1.78242966	0	0	0	0	0	5e-06	0	0	0	0	3
182	105	0.200036183	1.79227734	0	0	0	0	0	5e-06	0	0	0	0	3
183	105	0.20160832	1.80212501	0	0	0	0	0	5e-06	0	0	0	0	3
184	105	0.203002323	1.81197269	0	0	0	0	0	5e-06	0	0	0	0	3
185	106	0.204387832	1.82182037	0	0	0	0	0	5e-06	0	0	0	0	3
186	106	0.205921512	1.83166805	0	0	0	0	0	5e-06	0	0	0	0	3
187	107	0.207498274	1.84151572	0	0	0	0	0	5e-06	0	0	0	0	3
188	107	0.209096916	1.8513634	0	0	0	0	0	5e-06	0	0	0	0	3
189	108	0.210874745	1.86121108	0	0	0	0	0	5e-06	0	0	0	0	3
190	108	0.212495521	1.87105876	0	0	0	0	0	5e-06	0	0	0	0	3
191	109	0.213646264	1.88090644	0	0	0	0	0	5e-06	0	0	0	0	3
192	110	0.214494602	1.89075411	0	0	0	0	0	5e-06	0	0	0	0	3
193	110	0.215083712	1.90060179	0	0	0	0	0	5e-06	0	0	0	0	3
194	111	0.215634505	1.91044947	0	0	0	0	0	5e-06	0	0	0	0	3
195	111	0.216454094	1.92029715	0	0	0	0	0	5e-06	0	0	0	0	3
196	112	0.217487461	1.93014482	0	0	0	0	0	5e-06	0	0	0	0	3
197	113	0.218401835	1.9399925	0	0	0	0	0	5e-06	0	0	0	0	3
198	113	0.219798542	1.94984018	0	0	0	0	0	5e-06	0	0	0	0	3
199	114	0.221105571	1.95968786	0	0	0	0	0	5e-06	0	0	0	0	3
200	114	0.222473294	1.96953553	0	0	0	0	0	5e-06	0	0	0	0	3
201	116	0.223949664	1.97938321	0	0	0	0	0	5e-06	0	0	0	0	3
202	116	0.225312894	1.98923089	0	0	0	0	0	5e-06	0	0	0	0	3
203	117	0.226694301	1.99907857	0	0	0	0	0	5e-06	0	0	0	0	3
204	117	0.227701662	2.00892625	0	0	0	0	0	5e-06	0	0	0	0	3
205	118	0.228595135	2.01877392	0	0	0	0	0	5e-06	0	0	0	0	3
206	118	0.230301789	2.0286216	0	0	0	0	0	5e-06	0	0	0	0	3
207	119	0.231488713	2.03846928	0	0	0	0	0	5e-06	0	0	0	0	3
208	119	0.232907811	2.04831696	0	0	0	0	0	5e-06	0	0	0	0	3
209	119	0.234319307	2.05816463	0	0	0	0	0	5e-06	0	0	0	0	3
210	120	0.235639397	2.06801231	0	0	0	0	0	5e-06	0	0	0	0	3
211	120	0.237075915	2.07785999	0	0	0	0	0	5e-06	0	0	0	0	3
212	121	0.238587857	2.08770767	0	0	0	0	0	5e-06	0	0	0	0	3
213	121	0.240199887	2.09755534	0	0	0	0	0	5e-06	0	0	0	0	3
214	122	0.241933193	2.10740302	0	0	0	0	0	5e-06	0	0	0	0	3
215	122	0.243325248	2.1172507	0	0	0	0	0	5e-06	0	0	0	0	3
216	123	0.244652537	2.12709838	0	0	0	0	0	5e-06	0	0	0	0	3
217	123	0.245912354	2.13694606	0	0	0	0	0	5e-06	0	0	0	0	3
218	124	0.246576765	2.14679373	0	0	0	0	0	5e-06	0	0	0	0	3
219	124	0.247102701	2.15664141	0	0	0	0	0	5e-06	0	0	0	0	3
220	125	0.248047812	2.16648909	0	0	0	0	0	5e-06	0	0	0	0	3
221	126	0.249085994	2.17633677	0	0	0	0	0	5e-06	0	0	0	0	3
222	126	0.250006631	2.18618444	0	0	0	0	0	5e-06	0	0	0	0	3
223	127	0.251326228	2.19603212	0	0	0	0	0	5e-06	0	0	0	0	3
224	127	0.25265683	2.2058798	0	0	0	0	0	5e-06	0	0	0	0	3
225	128	0.253812016	2.21572748	0	0	0	0	0	5e-06	0	0	0	0	3
226	128	0.254830478	2.22557515	0	0	0	0	0	5e-06	0	0	0	0	3
227	129	0.256327826	2.23542283	0	0	0	0	0	5e-06	0	0	0	0	3
228	129	0.25757473	2.24527051	0	0	0	0	0	5e-06	0	0	0	0	3
229	130	0.258680251	2.25511819	0	0	0	0	0	5e-06	0	0	0	0	3
230	130	0.260170402	2.26496586	0	0	0	0	0	5e-06	0	0	0	0	3
231	131	0.261421797	2.27481354	0	0	0	0	0	5e-06	0	0	0	0	3
232	131	0.263081146	2.28466122	0	0	0	0	0	5e-06	0	0	0	0	3
233	132	0.264590649	2.2945089	0	0	0	0	0	5e-06	0	0	0	0	3
234	132	0.265999712	2.30435658	0	0	0	0	0	5e-06	0	0	0	0	3
235	132	0.267425659	2.31420425	0	0	0	0	0	5e-06	0	0	0	0	3
236	133	0.269063321	2.32405193	0	0	0	0	0	5e-06	0	0	0	0	3
237	133	0.270769684	2.33389961	0	0	0	0	0	5e-06	0	0	0	0	3
238	134	0.272390917	2.34374729	0	0	0	0	0	5e-06	0	0	0	0	3
239	134	0.274103199	2.35359496	0	0	0	0	0	5e-06	0	0	0	0	3
240	135	0.27531349	2.36344264	0	0	0	0	0	5e-06	0	0	0	0	3
241	135	0.276445677	2.37329032	0	0	0	0	0	5e-06	0	0	0	0	3
242	136	0.277520091	2.383138	0	0	0	0	0	5e-06	0	0	0	0	3
243	137	0.27813548	2.39298567	0	0	0	0	0	5e-06	0	0	0	0	3
244	137	0.27870407	2.40283335	0	0	0	0	0	5e-06	0	0	0	0	3
245	138	0.279618208	2.41268103	0	0	0	0	0	5e-06	0	0	0	0	3
246	138	0.280664476	2.42252871	0	0	0	0	0	5e-06	0	0	0	0	3
247	139	0.281218506	2.43237639	0	0	0	0	0	5e-06	0	0	0	0	3
248	140	0.282061746	2.44222406	0	0	0	0	0	5e-06	0	0	0	0	3
249	140	0.282258171	2.45207174	0	0	0	0	0	5e-06	0	0	0	0	3
250	141	0.282665868	2.46191942	0	0	0	0	0	5e-06	0	0	0	0	3
251	141	0.282991417	2.4717671	0	0	0	0	0	5e-06	0	0	0	0	3
252	141	0.283308658	2.48161477	0	0	0	0	0	5e-06	0	0	0	0	3
253	142	0.283652579	2.49146245	0	0	0	0	0	5e-06	0	0	0	0	3
254	142	0.284089644	2.50131013	0	0	0	0	0	5e-06	0	0	0	0	3
255	143	0.28462114	2.51115781	0	0	0	0	0	5e-06	0	0	0	0	3
256	143	0.285144599	2.52100548	0	0	0	0	0	5e-06	0	0	0	0	3
257	144	0.285684999	2.53085316	0	0	0	0	0	5e-06	0	0	0	0	3
258	144	0.286265809	2.54070084	0	0	0	0	0	5e-06	0	0	0	0	3
259	145	0.286908609	2.55054852	0	0	0	0	0	5e-06	0	0	0	0	3
260	146	0.287637462	2.5603962	0	0	0	0	0	5e-06	0	0	0	0	3
261	146	0.288476905	2.57024387	0	0	0	0	0	5e-06	0	0	0	0	3
262	147	0.289456234	2.58009155	0	0	0	0	0	5e-06	0	0	0	0	3
263	147	0.290595441	2.58993923	0	0	0	0	0	5e-06	0	0	0	0	3
264	148	0.291901253	2.59978691	0	0	0	0	0	5e-06	0	0	0	0	3
265	148	0.293381231	2.60963458	0	0	0	0	0	5e-06	0	0	0	0	3
266	149	0.294617552	2.61948226	0	0	0	0	0	5e-06	0	0	0	0	3
267	149	0.296101751	2.62932994	0	0	0	0	0	5e-06	0	0	0	0	3
268	150	0.297574255	2.63917762	0	0	0	0	0	5e-06	0	0	0	0	3
269	150	0.29900055	2.64902529	0	0	0	0	0	5e-06	0	0	0	0	3
270	150	0.300562459	2.65887297	0	0	0	0	0	5e-06	0	0	0	0	3
271	151	0.302297997	2.66872065	0	0	0	0	0	5e-06	0	0	0	0	3
272	151	0.30389161	2.67856833	0	0	0	0	0	5e-06	0	0	0	0	3
273	152	0.305640686	2.688416	0	0	0	0	0	5e-06	0	0	0	0	3
274	152	0.307253969	2.69826368	0	0	0	0	0	5e-06	0	0	0	0	3
275	153	0.308504453	2.70811136	0	0	0	0	0	5e-06	0	0	0	0	3
276	153	0.309573521	2.71795904	0	0	0	0	0	5e-06	0	0	0	0	3
277	154	0.31018586	2.72780672	0	0	0	0	0	5e-06	0	0	0	0	3
278	154	0.31110069	2.73765439	0	0	0	0	0	5e-06	0	0	0	0	3
279	155	0.312259509	2.74750207	0	0	0	0	0	5e-06	0	0	0	0	3
280	156	0.313315969	2.75734975	0	0	0	0	0	5e-06	0	0	0	0	3
281	156	0.314141682	2.76719743	0	0	0	0	0	5e-06	0	0	0	0	3
282	157	0.315392435	2.7770451	0	0	0	0	0	5e-06	0	0	0	0	3
283	158	0.316409475	2.78689278	0	0	0	0	0	5e-06	0	0	0	0	3
284	158	0.318254025	2.79674046	0	0	0	0	0	5e-06	0	0	0	0	3
285	159	0.319210286	2.80658814	0	0	0	0	0	5e-06	0	0	0	0	3
286	159	0.320688622	2.81643581	0	0	0	0	0	5e-06	0	0	0	0	3
287	160	0.321983301	2.82628349	0	0	0	0	0	5e-06	0	0	0	0	3
288	160	0.323406882	2.83613117	0	0	0	0	0	5e-06	0	0	0	0	3
289	161	0.324916738	2.84597885	0	0	0	0	0	5e-06	0	0	0	0	3
290	161	0.326197397	2.85582653	0	0	0	0	0	5e-06	0	0	0	0	3
291	162	0.327815789	2.8656742	0	0	0	0	0	5e-06	0	0	0	0	3
292	162	0.329318323	2.87552188	0	0	0	0	0	5e-06	0	0	0	0	3
293	162	0.330857732	2.88536956	0	0	0	0	0	5e-06	0	0	0	0	3
294	163	0.332390025	2.89521724	0	0	0	0	0	5e-06	0	0	0	0	3
295	163	0.334020067	2.90506491	0	0	0	0	0	5e-06	0	0	0	0	3
296	164	0.335654167	2.91491259	0	0	0	0	0	5e-06	0	0	0	0	3
297	164	0.337387744	2.92476027	0	0	0	0	0	5e-06	0	0	0	0	3
298	165	0.33901746	2.93460795	0	0	0	0	0	5e-06	0	0	0	0	3
299	165	0.340316724	2.94445562	0	0	0	0	0	5e-06	0	0	0	0	3
300	166	0.340894297	2.9543033	0	0	0	0	0	5e-06	0	0	0	0	3
301	167	0.341535188	2.96415098	0	0	0	0	0	5e-06	0	0	0	0	3
302	168	0.342435522	2.97399866	0	0	0	0	0	5e-06	0	0	0	0	3
303	168	0.343586415	2.98384633	0	0	0	0	0	5e-06	0	0	0	0	3
304	169	0.344672114	2.99369401	0	0	0	0	0	5e-06	0	0	0	0	3
305	169	0.344865742	3.00354169	0	0	0	0	0	5e-06	0	0	0	0	3
306	170	0.345320997	3.01338937	0	0	0	0	0	5e-06	0	0	0	0	3
307	170	0.345738462	3.02323705	0	0	0	0	0	5e-06	0	0	0	0	3
308	171	0.346161894	3.03308472	0	0	0	0	0	5e-06	0	0	0	0	3
309	171	0.346786442	3.0429324	0	0	0	0	0	5e-06	0	0	0	0	3
310	172	0.3472328	3.05278008	0	0	0	0	0	5e-06	0	0	0	0	3
311	172	0.3476891	3.06262776	0	0	0	0	0	5e-06	0	0	0	0	3
312	173	0.348167864	3.07247543	0	0	0	0	0	5e-06	0	0	0	0	3
313	173	0.348639726	3.08232311	0	0	0	0	0	5e-06	0	0	0	0	3
314	174	0.34910641	3.09217079	0	0	0	0	0	5e-06	0	0	0	0	3
315	174	0.349643819	3.10201847	0	0	0	0	0	5e-06	0	0	0	0	3
316	175	0.350239133	3.11186614	0	0	0	0	0	5e-06	0	0	0	0	3
317	175	0.350861638	3.12171382	0	0	0	0	0	5e-06	0	0	0	0	3
318	176	0.351572162	3.1315615	0	0	0	0	0	5e-06	0	0	0	0	3
319	177	0.352428948	3.14140918	0	0	0	0	0	5e-06	0	0	0	0	3
320	177	0.353235908	3.15125686	0	0	0	0	0	5e-06	0	0	0	0	3
321	178	0.354101676	3.16110453	0	0	0	0	0	5e-06	0	0	0	0	3
322	178	0.355283343	3.17095221	0	0	0	0	0	5e-06	0	0	0	0	3
323	179	0.356580265	3.18079989	0	0	0	0	0	5e-06	0	0	0	0	3
324	179	0.357982304	3.19064757	0	0	0	0	0	5e-06	0	0	0	0	3
325	179	0.359642112	3.20049524	0	0	0	0	0	5e-06	0	0	0	0	3
326	180	0.360819179	3.21034292	0	0	0	0	0	5e-06	0	0	0	0	3
327	180	0.36257744	3.2201906	0	0	0	0	0	5e-06	0	0	0	0	3
328	181	0.364104242	3.23003828	0	0	0	0	0	5e-06	0	0	0	0	3
329	181	0.365745268	3.23988595	0	0	0	0	0	5e-06	0	0	0	0	3
330	182	0.367470743	3.24973363	0	0	0	0	0	5e-06	0	0	0	0	3
331	182	0.368942471	3.25958131	0	0	0	0	0	5e-06	0	0	0	0	3
332	183	0.370653895	3.26942899	0	0	0	0	0	5e-06	0	0	0	0	3
333	183	0.371802014	3.27927667	0	0	0	0	0	5e-06	0	0	0	0	3
334	184	0.37237739	3.28912434	0	0	0	0	0	5e-06	0	0	0	0	3
335	184	0.372982193	3.29897202	0	0	0	0	0	5e-06	0	0	0	0	3
336	185	0.373808318	3.3088197	0	0	0	0	0	5e-06	0	0	0	0	3
337	186	0.374946885	3.31866738	0	0	0	0	0	5e-06	0	0	0	0	3
338	186	0.376039713	3.32851505	0	0	0	0	0	5e-06	0	0	0	0	3
339	187	0.377093582	3.33836273	0	0	0	0	0	5e-06	0	0	0	0	3
340	187	0.378496643	3.34821041	0	0	0	0	0	5e-06	0	0	0	0	3
341	188	0.379879668	3.35805809	0	0	0	0	0	5e-06	0	0	0	0	3
342	189	0.381303746	3.36790576	0	0	0	0	0	5e-06	0	0	0	0	3
343	189	0.382772662	3.37775344	0	0	0	0	0	5e-06	0	0	0	0	3
344	190	0.383542516	3.38760112	0	0	0	0	0	5e-06	0	0	0	0	3
345	190	0.384671196	3.3974488	0	0	0	0	0	5e-06	0	0	0	0	3
346	191	0.385646395	3.40729647	0	0	0	0	0	5e-06	0	0	0	0	3
347	191	0.386748411	3.41714415	0	0	0	0	0	5e-06	0	0	0	0	3
348	192	0.388368868	3.42699183	0	0	0	0	0	5e-06	0	0	0	0	3
349	192	0.389816708	3.43683951	0	0	0	0	0	5e-06	0	0	0	0	3
350	192	0.390981274	3.44668719	0	0	0	0	0	5e-06	0	0	0	0	3
351	193	0.392161423	3.45653486	0	0	0	0	0	5e-06	0	0	0	0	3
352	193	0.393471241	3.46638254	0	0	0	0	0	5e-06	0	0	0	0	3
353	194	0.394932814	3.47623022	0	0	0	0	0	5e-06	0	0	0	0	3
354	194	0.396529457	3.4860779	0	0	0	0	0	5e-06	0	0	0	0	3
355	195	0.398118684	3.49592557	0	0	0	0	0	5e-06	0	0	0	0	3
356	195	0.399854025	3.50577325	0	0	0	0	0	5e-06	0	0	0	0	3
357	196	0.401466045	3.51562093	0	0	0	0	0	5e-06	0	0	0	0	3
358	196	0.402733731	3.52546861	0	0	0	0	0	5e-06	0	0	0	0	3
359	197	0.403589908	3.53531628	0	0	0	0	0	5e-06	0	0	0	0	3
360	198	0.404307077	3.54516396	0	0	0	0	0	5e-06	0	0	0	0	3
361	198	0.405154913	3.55501164	0	0	0	0	0	5e-06	0	0	0	0	3
362	199	0.406229027	3.56485932	0	0	0	0	0	5e-06	0	0	0	0	3
363	199	0.407452718	3.574707	0	0	0	0	0	5e-06	0	0	0	0	3
364	200	0.408933958	3.58455467	0	0	0	0	0	5e-06	0	0	0	0	3
365	200	0.410495666	3.59440235	0	0	0	0	0	5e-06	0	0	0	0	3
366	201	0.412090043	3.60425003	0	0	0	0	0	5e-06	0	0	0	0	3
367	202	0.412956101	3.61409771	0	0	0	0	0	5e-06	0	0	0	0	3
368	202	0.414381569	3.62394538	0	0	0	0	0	5e-06	0	0	0	0	3
369	203	0.41615126	3.63379306	0	0	0	0	0	5e-06	0	0	0	0	3
370	203	0.417309787	3.64364074	0	0	0	0	0	5e-06	0	0	0	0	3
371	203	0.418968974	3.65348842	0	0	0	0	0	5e-06	0	0	0	0	3
372	204	0.420093171	3.66333609	0	0	0	0	0	5e-06	0	0	0	0	3
373	204	0.421894983	3.67318377	0	0	0	0	0	5e-06	0	0	0	0	3
374	205	0.423168389	3.68303145	0	0	0	0	0	5e-06	0	0	0	0	3
375	205	0.424528409	3.69287913	0	0	0	0	0	5e-06	0	0	0	0	3
376	206	0.426087451	3.70272681	0	0	0	0	0	5e-06	0	0	0	0	3
377	206	0.427716925	3.71257448	0	0	0	0	0	5e-06	0	0	0	0	3
378	207	0.429333526	3.72242216	0	0	0	0	0	5e-06	0	0	0	0	3
379	207	0.431044683	3.73226984	0	0	0	0	0	5e-06	0	0	0	0	3
380	208	0.432324714	3.74211752	0	0	0	0	0	5e-06	0	0	0	0	3
381	208	0.433483148	3.75196519	0	0	0	0	0	5e-06	0	0	0	0	3
382	209	0.434536146	3.76181287	0	0	0	0	0	5e-06	0	0	0	0	3
383	209	0.435121273	3.77166055	0	0	0	0	0	5e-06	0	0	0	0	3
384	210	0.435624108	3.78150823	0	0	0	0	0	5e-06	0	0	0	0	3
385	211	0.43651098	3.7913559	0	0	0	0	0	5e-06	0	0	0	0	3
386	211	0.437551707	3.80120358	0	0	0	0	0	5e-06	0	0	0	0	3
387	212	0.438322899	3.81105126	0	0	0	0	0	5e-06	0	0	0	0	3
388	212	0.439539475	3.82089894	0	0	0	0	0	5e-06	0	0	0	0	3
389	213	0.440906809	3.83074661	0	0	0	0	0	5e-06	0	0	0	0	3
390	213	0.442056519	3.84059429	0	0	0	0	0	5e-06	0	0	0	0	3
391	214	0.443606494	3.85044197	0	0	0	0	0	5e-06	0	0	0	0	3
392	215	0.444588057	3.86028965	0	0	0	0	0	5e-06	0	0	0	0	3
393	215	0.445952776	3.87013733	0	0	0	0	0	5e-06	0	0	0	0	3
394	216	0.447302768	3.879985	0	0	0	0	0	5e-06	0	0	0	0	3
395	216	0.448759799	3.88983268	0	0	0	0	0	5e-06	0	0	0	0	3
396	217	0.450134163	3.89968036	0	0	0	0	0	5e-06	0	0	0	0	3
397	217	0.451593601	3.90952804	0	0	0	0	0	5e-06	0	0	0	0	3
398	218	0.453100442	3.91937571	0	0	0	0	0	5e-06	0	0	0	0	3
399	218	0.454528921	3.92922339	0	0	0	0	0	5e-06	0	0	0	0	3
400	218	0.456180457	3.93907107	0	0	0	0	0	5e-06	0	0	0	0	3
401	219	0.457761453	3.94891875	0	0	0	0	0	5e-06	0	0	0	0	3
402	220	0.459401115	3.95876642	0	0	0	0	0	5e-06	0	0	0	0	3
403	220	0.460983884	3.9686141	0	0	0	0	0	5e-06	0	0	0	0	3
404	221	0.462661752	3.97846178	0	0	0	0	0	5e-06	0	0	0	0	3
405	221	0.464218761	3.98830946	0	0	0	0	0	5e-06	0	0	0	0	3
406	222	0.465374286	3.99815714	0	0	0	0	0	5e-06	0	0	0	0	3
407	223	0.466411719	4.00800481	0	0	0	0	0	5e-06	0	0	0	0	3
408	223	0.466904533	4.01785249	0	0	0	0	0	5e-06	0	0	0	0	3
409	224	0.467860435	4.02770017	0	0	0	0	0	5e-06	0	0	0	0	3
410	224	0.468908125	4.03754785	0	0	0	0	0	5e-06	0	0	0	0	3
411	225	0.469913776	4.04739552	0	0	0	0	0	5e-06	0	0	0	0	3
412	226	0.471393542	4.0572432	0	0	0	0	0	5e-06	0	0	0	0	3
413	226	0.472474855	4.06709088	0	0	0	0	0	5e-06	0	0	0	0	3
414	227	0.473854094	4.07693856	0	0	0	0	0	5e-06	0	0	0	0	3
415	227	0.475594116	4.08678623	0	0	0	0	0	5e-06	0	0	0	0	3
416	228	0.476630594	4.09663391	0	0	0	0	0	5e-06	0	0	0	0	3
417	228	0.478180976	4.10648159	0	0	0	0	0	5e-06	0	0	0	0	3
418	229	0.479646151	4.11632927	0	0	0	0	0	5e-06	0	0	0	0	3
419	229	0.481313754	4.12617695	0	0	0	0	0	5e-06	0	0	0	0	3
420	230	0.482629395	4.13602462	0	0	0	0	0	5e-06	0	0	0	0	3
421	230	0.484309556	4.1458723	0	0	0	0	0	5e-06	0	0	0	0	3
422	230	0.485886208	4.15571998	0	0	0	0	0	5e-06	0	0	0	0	3
423	231	0.487385676	4.16556766	0	0	0	0	0	5e-06	0	0	0	0	3
424	231	0.489045333	4.17541533	0	0	0	0	0	5e-06	0	0	0	0	3
425	232	0.490776145	4.18526301	0	0	0	0	0	5e-06	0	0	0	0	3
426	232	0.492401102	4.19511069	0	0	0	0	0	5e-06	0	0	0	0	3
427	233	0.494103072	4.20495837	0	0	0	0	0	5e-06	0	0	0	0	3
428	233	0.495670403	4.21480604	0	0	0	0	0	5e-06	0	0	0	0	3
429	234	0.496818514	4.22465372	0	0	0	0	0	5e-06	0	0	0	0	3
430	235	0.497863285	4.2345014	0	0	0	0	0	5e-06	0	0	0	0	3
431	235	0.498343131	4.24434908	0	0	0	0	0	5e-06	0	0	0	0	3
432	236	0.499155911	4.25419675	0	0	0	0	0	5e-06	0	0	0	0	3
433	237	0.500198286	4.26404443	0	0	0	0	0	5e-06	0	0	0	0	3
434	237	0.500782026	4.27389211	0	0	0	0	0	5e-06	0	0	0	0	3
435	238	0.501839174	4.28373979	0	0	0	0	0	5e-06	0	0	0	0	3
436	238	0.503054274	4.29358747	0	0	0	0	0	5e-06	0	0	0	0	3
437	239	0.503906556	4.30343514	0	0	0	0	0	5e-06	0	0	0	0	3
438	239	0.505194405	4.31328282	0	0	0	0	0	5e-06	0	0	0	0	3
439	240	0.505761185	4.3231305	0	0	0	0	0	5e-06	0	0	0	0	3
440	240	0.506505098	4.33297818	0	0	0	0	0	5e-06	0	0	0	0	3
441	241	0.507826923	4.34282585	0	0	0	0	0	5e-06	0	0	0	0	3
442	241	0.508873765	4.35267353	0	0	0	0	0	5e-06	0	0	0	0	3
443	242	0.509836419	4.36252121	0	0	0	0	0	5e-06	0	0	0	0	3
444	242	0.510726445	4.37236889	0	0	0	0	0	5e-06	0	0	0	0	3
445	243	0.512363627	4.38221656	0	0	0	0	0	5e-06	0	0	0	0	3
446	243	0.513786718	4.39206424	0	0	0	0	0	5e-06	0	0	0	0	3
447	244	0.515282997	4.40191192	0	0	0	0	0	5e-06	0	0	0	0	3
448	244	0.516659894	4.4117596	0	0	0	0	0	5e-06	0	0	0	0	3
449	245	0.517862633	4.42160728	0	0	0	0	0	5e-06	0	0	0	0	3
450	245	0.519220163	4.43145495	0	0	0	0	0	5e-06	0	0	0	0	3
451	246	0.520606563	4.44130263	0	0	0	0	0	5e-06	0	0	0	0	3
452	246	0.522144442	4.45115031	0	0	0	0	0	5e-06	0	0	0	0	3
453	246	0.523596637	4.46099799	0	0	0	0	0	5e-06	0	0	0	0	3
454	247	0.525149841	4.47084566	0	0	0	0	0	5e-06	0	0	0	0	3
455	247	0.526651075	4.48069334	0	0	0	0	0	5e-06	0	0	0	0	3
456	248	0.527766626	4.49054102	0	0	0	0	0	5e-06	0	0	0	0	3
457	249	0.528682412	4.5003887	0	0	0	0	0	5e-06	0	0	0	0	3
458	249	0.529292003	4.51023637	0	0	0	0	0	5e-06	0	0	0	0	3
459	250	0.5298079	4.52008405	0	0	0	0	0	5e-06	0	0	0	0	3
460	250	0.530713252	4.52993173	0	0	0	0	0	5e-06	0	0	0	0	3
461	251	0.53168736	4.53977941	0	0	0	0	0	5e-06	0	0	0	0	3
462	252	0.532645636	4.54962709	0	0	0	0	0	5e-06	0	0	0	0	3
463	252	0.534038212	4.55947476	0	0	0	0	0	5e-06	0	0	0	0	3
464	253	0.535424562	4.56932244	0	0	0	0	0	5e-06	0	0	0	0	3
465	254	0.536969678	4.57917012	0	0	0	0	0	5e-06	0	0	0	0	3
466	254	0.538757625	4.5890178	0	0	0	0	0	5e-06	0	0	0	0	3
467	255	0.539740353	4.59886547	0	0	0	0	0	5e-06	0	0	0	0	3
468	255	0.541329417	4.60871315	0	0	0	0	0	5e-06	0	0	0	0	3
469	256	0.54287956	4.61856083	0	0	0	0	0	5e-06	0	0	0	0	3
470	256	0.544321384	4.62840851	0	0	0	0	0	5e-06	0	0	0	0	3
471	257	0.545950691	4.63825618	0	0	0	0	0	5e-06	0	0	0	0	3
472	257	0.547219307	4.64810386	0	0	0	0	0	5e-06	0	0	0	0	3
473	257	0.548674512	4.65795154	0	0	0	0	0	5e-06	0	0	0	0	3
474	258	0.550109694	4.66779922	0	0	0	0	0	5e-06	0	0	0	0	3
475	258	0.55175374	4.67764689	0	0	0	0	0	5e-06	0	0	0	0	3
476	259	0.553402585	4.68749457	0	0	0	0	0	5e-06	0	0	0	0	3
477	259	0.555025066	4.69734225	0	0	0	0	0	5e-06	0	0	0	0	3
478	260	0.556713693	4.70718993	0	0	0	0	0	5e-06	0	0	0	0	3
479	260	0.558302349	4.71703761	0	0	0	0	0	5e-06	0	0	0	0	3
480	261	0.55945108	4.72688528	0	0	0	0	0	5e-06	0	0	0	0	3
481	262	0.560723018	4.73673296	0	0	0	0	0	5e-06	0	0	0	0	3
482	262	0.561060392	4.74658064	0	0	0	0	0	5e-06	0	0	0	0	3
483	263	0.561704441	4.75642832	0	0	0	0	0	5e-06	0	0	0	0	3
484	263	0.562830751	4.76627599	0	0	0	0	0	5e-06	0	0	0	0	3
485	264	0.56358858	4.77612367	0	0	0	0	0	5e-06	0	0	0	0	3
486	264	0.564588388	4.78597135	0	0	0	0	0	5e-06	0	0	0	0	3
487	265	0.565920651	4.79581903	0	0	0	0	0	5e-06	0	0	0	0	3
488	266	0.566773653	4.8056667	0	0	0	0	0	5e-06	0	0	0	0	3
489	266	0.567734001	4.81551438	0	0	0	0	0	5e-06	0	0	0	0	3
490	267	0.569038592	4.82536206	0	0	0	0	0	5e-06	0	0	0	0	3
491	267	0.57036616	4.83520974	0	0	0	0	0	5e-06	0	0	0	0	3
492	267	0.571510819	4.84505742	0	0	0	0	0	5e-06	0	0	0	0	3
493	268	0.572273024	4.85490509	0	0	0	0	0	5e-06	0	0	0	0	3
494	268	0.573672144	4.86475277	0	0	0	0	0	5e-06	0	0	0	0	3
495	269	0.575143483	4.87460045	0	0	0	0	0	5e-06	0	0	0	0	3
496	269	0.576587669	4.88444813	0	0	0	0	0	5e-06	0	0	0	0	3
497	270	0.578210735	4.8942958	0	0	0	0	0	5e-06	0	0	0	0	3
498	270	0.579476495	4.90414348	0	0	0	0	0	5e-06	0	0	0	0	3
499	271	0.58097718	4.91399116	0	0	0	0	0	5e-06	0	0	0	0	3
500	271	0.582327371	4.92383884	0	0	0	0	0	5e-06	0	0	0	0	3
501	272	0.583758262	4.93368651	0	0	0	0	0	5e-06	0	0	0	0	3
502	272	0.585315048	4.94353419	0	0	0	0	0	5e-06	0	0	0	0	3
503	273	0.586914507	4.95338187	0	0	0	0	0	5e-06	0	0	0	0	3
504	273	0.58861391	4.96322955	0	0	0	0	0	5e-06	0	0	0	0	3
505	274	0.590203302	4.97307722	0	0	0	0	0	5e-06	0	0	0	0	3
506	275	0.591479158	4.9829249	0	0	0	0	0	5e-06	0	0	0	0	3
507	275	0.59210839	4.99277258	0	0	0	0	0	5e-06	0	0	0	0	3
508	276	0.592621254	5.00262026	0	0	0	0	0	5e-06	0	0	0	0	3
509	276	0.593492463	5.01246794	0	0	0	0	0	5e-06	0	0	0	0	3
510	277	0.594452408	5.02231561	0	0	0	0	0	5e-06	0	0	0	0	3
511	277	0.59541151	5.03216329	0	0	0	0	0	5e-06	0	0	0	0	3
512	278	0.596727671	5.04201097	0	0	0	0	0	5e-06	0	0	0	0	3
513	278	0.59689842	5.05185865	0	0	0	0	0	5e-06	0	0	0	0	3
514	279	0.597405971	5.06170632	0	0	0	0	0	5e-06	0	0	0	0	3
515	279	0.5981943	5.071554	0	0	0	0	0	5e-06	0	0	0	0	3
516	280	0.598517714	5.08140168	0	0	0	0	0	5e-06	0	0	0	0	3
517	280	0.598896752	5.09124936	0	0	0	0	0	5e-06	0	0	0	0	3
518	281	0.599374291	5.10109703	0	0	0	0	0	5e-06	0	0	0	0	3
519	281	0.599945298	5.11094471	0	0	0	0	0	5e-06	0	0	0	0	3
520	282	0.600794807	5.12079239	0	0	0	0	0	5e-06	0	0	0	0	3
521	282	0.601678255	5.13064007	0	0	0	0	0	5e-06	0	0	0	0	3
522	283	0.602771821	5.14048775	0	0	0	0	0	5e-06	0	0	0	0	3
523	284	0.603583355	5.15033542	0	0	0	0	0	5e-06	0	0	0	0	3
524	284	0.604529626	5.1601831	0	0	0	0	0	5e-06	0	0	0	0	3
525	285	0.606009176	5.17003078	0	0	0	0	0	5e-06	0	0	0	0	3
526	285	0.607208009	5.17987846	0	0	0	0	0	5e-06	0	0	0	0	3
527	286	0.60854835	5.18972613	0	0	0	0	0	5e-06	0	0	0	0	3
528	286	0.610130266	5.19957381	0	0	0	0	0	5e-06	0	0	0	0	3
529	286	0.611460789	5.20942149	0	0	0	0	0	5e-06	0	0	0	0	3
530	287	0.613111019	5.21926917	0	0	0	0	0	5e-06	0	0	0	0	3
531	287	0.614719516	5.22911684	0	0	0	0	0	5e-06	0	0	0	0	3
532	288	0.616337746	5.23896452	0	0	0	0	0	5e-06	0	0	0	0	3
533	288	0.618000224	5.2488122	0	0	0	0	0	5e-06	0	0	0	0	3
534	289	0.619742496	5.25865988	0	0	0	0	0	5e-06	0	0	0	0	3
535	289	0.621406125	5.26850756	0	0	0	0	0	5e-06	0	0	0	0	3
536	290	0.622657682	5.27835523	0	0	0	0	0	5e-06	0	0	0	0	3
537	290	0.623590956	5.28820291	0	0	0	0	0	5e-06	0	0	0	0	3
538	291	0.624130237	5.29805059	0	0	0	0	0	5e-06	0	0	0	0	3
539	291	0.625136757	5.30789827	0	0	0	0	0	5e-06	0	0	0	0	3
540	292	0.626072358	5.31774594	0	0	0	0	0	5e-06	0	0	0	0	3
541	293	0.627216417	5.32759362	0	0	0	0	0	5e-06	0	0	0	0	3
542	293	0.627405876	5.3374413	0	0	0	0	0	5e-06	0	0	0	0	3
543	294	0.627802594	5.34728898	0	0	0	0	0	5e-06	0	0	0	0	3
544	294	0.62842842	5.35713665	0	0	0	0	0	5e-06	0	0	0	0	3
545	295	0.62900804	5.36698433	0	0	0	0	0	5e-06	0	0	0	0	3
546	295	0.629770261	5.37683201	0	0	0	0	0	5e-06	0	0	0	0	3
547	296	0.630439412	5.38667969	0	0	0	0	0	5e-06	0	0	0	0	3
548	296	0.631380296	5.39652736	0	0	0	0	0	5e-06	0	0	0	0	3
549	297	0.63236574	5.40637504	0	0	0	0	0	5e-06	0	0	0	0	3
550	298	0.633429871	5.41622272	0	0	0	0	0	5e-06	0	0	0	0	3
551	298	0.634103666	5.4260704	0	0	0	0	0	5e-06	0	0	0	0	3
552	299	0.63558409	5.43591808	0	0	0	0	0	5e-06	0	0	0	0	3
553	299	0.636702931	5.44576575	0	0	0	0	0	5e-06	0	0	0	0	3
554	300	0.637761121	5.45561343	0	0	0	0	0	5e-06	0	0	0	0	3
555	300	0.639374546	5.46546111	0	0	0	0	0	5e-06	0	0	0	0	3
556	300	0.640460191	5.47530879	0	0	0	0	0	5e-06	0	0	0	0	3
557	301	0.642152978	5.48515646	0	0	0	0	0	5e-06	0	0	0	0	3
558	301	0.643203697	5.49500414	0	0	0	0	0	5e-06	0	0	0	0	3
559	302	0.644567873	5.50485182	0	0	0	0	0	5e-06	0	0	0	0	3
560	302	0.646107499	5.5146995	0	0	0	0	0	5e-06	0	0	0	0	3
561	302	0.647718581	5.52454717	0	0	0	0	0	5e-06	0	0	0	0	3
562	303	0.649268274	5.53439485	0	0	0	0	0	5e-06	0	0	0	0	3
563	303	0.650981987	5.54424253	0	0	0	0	0	5e-06	0	0	0	0	3
564	304	0.652570066	5.55409021	0	0	0	0	0	5e-06	0	0	0	0	3
565	305	0.653880571	5.56393789	0	0	0	0	0	5e-06	0	0	0	0	3
566	305	0.654479667	5.57378556	0	0	0	0	0	5e-06	0	0	0	0	3
567	306	0.655286929	5.58363324	0	0	0	0	0	5e-06	0	0	0	0	3
568	306	0.655740742	5.59348092	0	0	0	0	0	5e-06	0	0	0	0	3
569	307	0.656599418	5.6033286	0	0	0	0	0	5e-06	0	0	0	0	3
570	307	0.657650316	5.61317627	0	0	0	0	0	5e-06	0	0	0	0	3
571	308	0.658500537	5.62302395	0	0	0	0	0	5e-06	0	0	0	0	3
572	308	0.659968766	5.63287163	0	0	0	0	0	5e-06	0	0	0	0	3
573	309	0.661209799	5.64271931	0	0	0	0	0	5e-06	0	0	0	0	3
574	310	0.662654609	5.65256698	0	0	0	0	0	5e-06	0	0	0	0	3
575	310	0.664384446	5.66241466	0	0	0	0	0	5e-06	0	0	0	0	3
576	311	0.665439354	5.67226234	0	0	0	0	0	5e-06	0	0	0	0	3
577	311	0.666184295	5.68211002	0	0	0	0	0	5e-06	0	0	0	0	3
578	312	0.667415177	5.6919577	0	0	0	0	0	5e-06	0	0	0	0	3
579	312	0.668911574	5.70180537	0	0	0	0	0	5e-06	0	0	0	0	3
580	312	0.670298515	5.71165305	0	0	0	0	0	5e-06	0	0	0	0	3
581	313	0.671708088	5.72150073	0	0	0	0	0	5e-06	0	0	0	0	3
582	313	0.673441407	5.73134841	0	0	0	0	0	5e-06	0	0	0	0	3
583	314	0.674661989	5.74119608	0	0	0	0	0	5e-06	0	0	0	0	3
584	314	0.676120293	5.75104376	0	0	0	0	0	5e-06	0	0	0	0	3
585	314	0.677704299	5.76089144	0	0	0	0	0	5e-06	0	0	0	0	3
586	315	0.679362099	5.77073912	0	0	0	0	0	5e-06	0	0	0	0	3
587	315	0.680955745	5.78058679	0	0	0	0	0	5e-06	0	0	0	0	3
588	316	0.682647975	5.79043447	0	0	0	0	0	5e-06	0	0	0	0	3
589	316	0.684167017	5.80028215	0	0	0	0	0	5e-06	0	0	0	0	3
590	317	0.685338465	5.81012983	0	0	0	0	0	5e-06	0	0	0	0	3
591	318	0.686633903	5.8199775	0	0	0	0	0	5e-06	0	0	0	0	3
592	318	0.687169314	5.82982518	0	0	0	0	0	5e-06	0	0	0	0	3
593	319	0.688006833	5.83967286	0	0	0	0	0	5e-06	0	0	0	0	3
594	319	0.689153129	5.84952054	0	0	0	0	0	5e-06	0	0	0	0	3
595	320	0.690174577	5.85936822	0	0	0	0	0	5e-06	0	0	0	0	3
596	320	0.691578585	5.86921589	0	0	0	0	0	5e-06	0	0	0	0	3
597	321	0.693127823	5.87906357	0	0	0	0	0	5e-06	0	0	0	0	3
598	322	0.694431863	5.88891125	0	0	0	0	0	5e-06	0	0	0	0	3
599	322	0.695407325	5.89875893	0	0	0	0	0	5e-06	0	0	0	0	3
600	323	0.696642079	5.9086066	0	0	0	0	0	5e-06	0	0	0	0	3
601	324	0.698630891	5.91845428	0	0	0	0	0	5e-06	0	0	0	0	3
602	324	0.699937092	5.92830196	0	0	0	0	0	5e-06	0	0	0	0	3
603	324	0.701082969	5.93814964	0	0	0	0	0	5e-06	0	0	0	0	3
604	325	0.702574103	5.94799731	0	0	0	0	0	5e-06	0	0	0	0	3
605	325	0.704142914	5.95784499	0	0	0	0	0	5e-06	0	0	0	0	3
606	326	0.705549667	5.96769267	0	0	0	0	0	5e-06	0	0	0	0	3
607	326	0.706992232	5.97754035	0	0	0	0	0	5e-06	0	0	0	0	3
608	327	0.708534394	5.98738803	0	0	0	0	0	5e-06	0	0	0	0	3
609	327	0.710090358	5.9972357	0	0	0	0	0	5e-06	0	0	0	0	3
610	327	0.711678707	6.00708338	0	0	0	0	0	5e-06	0	0	0	0	3
611	328	0.71338405	6.01693106	0	0	0	0	0	5e-06	0	0	0	0	3
612	328	0.714968002	6.02677874	0	0	0	0	0	5e-06	0	0	0	0	3
613	329	0.716042738	6.03662641	0	0	0	0	0	5e-06	0	0	0	0	3
614	330	0.717511175	6.04647409	0	0	0	0	0	5e-06	0	0	0	0	3
615	330	0.717989731	6.05632177	0	0	0	0	0	5e-06	0	0	0	0	3
616	331	0.718472946	6.06616945	0	0	0	0	0	5e-06	0	0	0	0	3
617	331	0.71953361	6.07601712	0	0	0	0	0	5e-06	0	0	0	0	3
618	332	0.720494423	6.0858648	0	0	0	0	0	5e-06	0	0	0	0	3
619	332	0.721571271	6.09571248	0	0	0	0	0	5e-06	0	0	0	0	3
620	333	0.722655372	6.10556016	0	0	0	0	0	5e-06	0	0	0	0	3
621	333	0.724085384	6.11540784	0	0	0	0	0	5e-06	0	0	0	0	3
622	334	0.725235897	6.12525551	0	0	0	0	0	5e-06	0	0	0	0	3
623	334	0.726755101	6.13510319	0	0	0	0	0	5e-06	0	0	0	0	3
624	335	0.728347177	6.14495087	0	0	0	0	0	5e-06	0	0	0	0	3
625	335	0.729887926	6.15479855	0	0	0	0	0	5e-06	0	0	0	0	3
626	336	0.731292221	6.16464622	0	0	0	0	0	5e-06	0	0	0	0	3
627	336	0.732886419	6.1744939	0	0	0	0	0	5e-06	0	0	0	0	3
628	337	0.734077927	6.18434158	0	0	0	0	0	5e-06	0	0	0	0	3
629	337	0.735678613	6.19418926	0	0	0	0	0	5e-06	0	0	0	0	3
630	337	0.73722628	6.20403693	0	0	0	0	0	5e-06	0	0	0	0	3
631	338	0.738609858	6.21388461	0	0	0	0	0	5e-06	0	0	0	0	3
632	338	0.740217647	6.22373229	0	0	0	0	0	5e-06	0	0	0	0	3
633	339	0.741885218	6.23357997	0	0	0	0	0	5e-06	0	0	0	0	3
634	339	0.743518555	6.24342764	0	0	0	0	0	5e-06	0	0	0	0	3
635	340	0.745231387	6.25327532	0	0	0	0	0	5e-06	0	0	0	0	3
636	340	0.746748514	6.263123	0	0	0	0	0	5e-06	0	0	0	0	3
637	341	0.747910651	6.27297068	0	0	0	0	0	5e-06	0	0	0	0	3
638	341	0.749162771	6.28281836	0	0	0	0	0	5e-06	0	0	0	0	3
639	342	0.749644306	6.29266603	0	0	0	0	0	5e-06	0	0	0	0	3
640	343	0.750609231	6.30251371	0	0	0	0	0	5e-06	0	0	0	0	3
641	343	0.751696384	6.31236139	0	0	0	0	0	5e-06	0	0	0	0	3
642	344	0.752725177	6.32220907	0	0	0	0	0	5e-06	0	0	0	0	3
643	344	0.754102141	6.33205674	0	0	0	0	0	5e-06	0	0	0	0	3
644	345	0.755078896	6.34190442	0	0	0	0	0	5e-06	0	0	0	0	3
645	346	0.756678812	6.3517521	0	0	0	0	0	5e-06	0	0	0	0	3
646	346	0.75792446	6.36159978	0	0	0	0	0	5e-06	0	0	0	0	3
647	346	0.759337346	6.37144745	0	0	0	0	0	5e-06	0	0	0	0	3
648	347	0.760688742	6.38129513	0	0	0	0	0	5e-06	0	0	0	0	3
649	347	0.76168756	6.39114281	0	0	0	0	0	5e-06	0	0	0	0	3
650	348	0.76344441	6.40099049	0	0	0	0	0	5e-06	0	0	0	0	3
651	348	0.76462516	6.41083817	0	0	0	0	0	5e-06	0	0	0	0	3
652	349	0.766040165	6.42068584	0	0	0	0	0	5e-06	0	0	0	0	3
653	349	0.767940215	6.43053352	0	0	0	0	0	5e-06	0	0	0	0	3
654	350	0.769208175	6.4403812	0	0	0	0	0	5e-06	0	0	0	0	3
655	350	0.770569456	6.45022888	0	0	0	0	0	5e-06	0	0	0	0	3
656	350	0.772018269	6.46007655	0	0	0	0	0	5e-06	0	0	0	0	3
657	351	0.773604818	6.46992423	0	0	0	0	0	5e-06	0	0	0	0	3
658	351	0.775137991	6.47977191	0	0	0	0	0	5e-06	0	0	0	0	3
659	352	0.776780696	6.48961959	0	0	0	0	0	5e-06	0	0	0	0	3
660	352	0.778323743	6.49946726	0	0	0	0	0	5e-06	0	0	0	0	3
661	353	0.779453739	6.50931494	0	0	0	0	0	5e-06	0	0	0	0	3
662	354	0.780387383	6.51916262	0	0	0	0	0	5e-06	0	0	0	0	3
663	354	0.780889584	6.5290103	0	0	0	0	0	5e-06	0	0	0	0	3
664	355	0.78141765	6.53885798	0	0	0	0	0	5e-06	0	0	0	0	3
665	355	0.782335945	6.54870565	0	0	0	0	0	5e-06	0	0	0	0	3
666	356	0.783520955	6.55855333	0	0	0	0	0	5e-06	0	0	0	0	3
667	356	0.784585688	6.56840101	0	0	0	0	0	5e-06	0	0	0	0	3
668	357	0.785659492	6.57824869	0	0	0	0	0	5e-06	0	0	0	0	3
669	357	0.786437034	6.58809636	0	0	0	0	0	5e-06	0	0	0	0	3
670	358	0.787744741	6.59794404	0	0	0	0	0	5e-06	0	0	0	0	3
671	358	0.789205704	6.60779172	0	0	0	0	0	5e-06	0	0	0	0	3
672	359	0.790318798	6.6176394	0	0	0	0	0	5e-06	0	0	0	0	3
673	359	0.791517699	6.62748707	0	0	0	0	0	5e-06	0	0	0	0	3
674	360	0.792434772	6.63733475	0	0	0	0	0	5e-06	0	0	0	0	3
675	360	0.793626698	6.64718243	0	0	0	0	0	5e-06	0	0	0	0	3
676	361	0.794843237	6.65703011	0	0	0	0	0	5e-06	0	0	0	0	3
677	361	0.79640848	6.66687778	0	0	0	0	0	5e-06	0	0	0	0	3
678	362	0.797855983	6.67672546	0	0	0	0	0	5e-06	0	0	0	0	3
679	362	0.79859434	6.68657314	0	0	0	0	0	5e-06	0	0	0	0	3
680	362	0.799984962	6.69642082	0	0	0	0	0	5e-06	0	0	0	0	3
681	363	0.801290655	6.7062685	0	0	0	0	0	5e-06	0	0	0	0	3
682	363	0.80282166	6.71611617	0	0	0	0	0	5e-06	0	0	0	0	3
683	364	0.804425434	6.72596385	0	0	0	0	0	5e-06	0	0	0	0	3
684	364	0.806027388	6.73581153	0	0	0	0	0	5e-06	0	0	0	0	3
685	365	0.807671441	6.74565921	0	0	0	0	0	5e-06	0	0	0	0	3
686	365	0.809340781	6.75550688	0	0	0	0	0	5e-06	0	0	0	0	3
687	366	0.810499195	6.76535456	0	0	0	0	0	5e-06	0	0	0	0	3
688	366	0.811312995	6.77520224	0	0	0	0	0	5e-06	0	0	0	0	3
689	367	0.812002606	6.78504992	0	0	0	0	0	5e-06	0	0	0	0	3
690	368	0.812531656	6.79489759	0	0	0	0	0	5e-06	0	0	0	0	3
691	368	0.813328273	6.80474527	0	0	0	0	0	5e-06	0	0	0	0	3
692	369	0.814338918	6.81459295	0	0	0	0	0	5e-06	0	0	0	0	3
693	369	0.815272394	6.82444063	0	0	0	0	0	5e-06	0	0	0	0	3
694	370	0.816534551	6.83428831	0	0	0	0	0	5e-06	0	0	0	0	3
695	370	0.817716198	6.84413598	0	0	0	0	0	5e-06	0	0	0	0	3
696	371	0.818664572	6.85398366	0	0	0	0	0	5e-06	0	0	0	0	3
697	371	0.820282098	6.86383134	0	0	0	0	0	5e-06	0	0	0	0	3
698	372	0.821471369	6.87367902	0	0	0	0	0	5e-06	0	0	0	0	3
699	372	0.823088495	6.88352669	0	0	0	0	0	5e-06	0	0	0	0	3
700	373	0.823868174	6.89337437	0	0	0	0	0	5e-06	0	0	0	0	3
701	374	0.825387033	6.90322205	0	0	0	0	0	5e-06	0	0	0	0	3
702	374	0.826664374	6.91306973	0	0	0	0	0	5e-06	0	0	0	0	3
703	375	0.827994822	6.9229174	0	0	0	0	0	5e-06	0	0	0	0	3
704	375	0.829656734	6.93276508	0	0	0	0	0	5e-06	0	0	0	0	3
705	376	0.83107841	6.94261276	0	0	0	0	0	5e-06	0	0	0	0	3
706	376	0.83311592	6.95246044	0	0	0	0	0	5e-06	0	0	0	0	3
707	376	0.834831133	6.96230811	0	0	0	0	0	5e-06	0	0	0	0	3
708	377	0.836545686	6.97215579	0	0	0	0	0	5e-06	0	0	0	0	3
709	377	0.838160952	6.98200347	0	0	0	0	0	5e-06	0	0	0	0	3
710	378	0.839652878	6.99185115	0	0	0	0	0	5e-06	0	0	0	0	3
711	378	0.841261697	7.00169883	0	0	0	0	0	5e-06	0	0	0	0	3
712	379	0.842415095	7.0115465	0	0	0	0	0	5e-06	0	0	0	0	3
713	379	0.843336789	7.02139418	0	0	0	0	0	5e-06	0	0	0	0	3
714	380	0.843844415	7.03124186	0	0	0	0	0	5e-06	0	0	0	0	3
715	380	0.844723316	7.04108954	0	0	0	0	0	5e-06	0	0	0	0	3
716	381	0.845888733	7.05093721	0	0	0	0	0	5e-06	0	0	0	0	3
717	382	0.846744989	7.06078489	0	0	0	0	0	5e-06	0	0	0	0	3
718	382	0.847996849	7.07063257	0	0	0	0	0	5e-06	0	0	0	0	3
719	383	0.849069836	7.08048025	0	0	0	0	0	5e-06	0	0	0	0	3
720	383	0.850476434	7.09032792	0	0	0	0	0	5e-06	0	0	0	0	3
721	384	0.851815156	7.1001756	0	0	0	0	0	5e-06	0	0	0	0	3
722	384	0.853290169	7.11002328	0	0	0	0	0	5e-06	0	0	0	0	3
723	385	0.854839115	7.11987096	0	0	0	0	0	5e-06	0	0	0	0	3
724	385	0.8562054	7.12971864	0	0	0	0	0	5e-06	0	0	0	0	3
725	386	0.857316024	7.13956631	0	0	0	0	0	5e-06	0	0	0	0	3
726	386	0.858971507	7.14941399	0	0	0	0	0	5e-06	0	0	0	0	3
727	387	0.860338734	7.15926167	0	0	0	0	0	5e-06	0	0	0	0	3
728	387	0.861430578	7.16910935	0	0	0	0	0	5e-06	0	0	0	0	3
729	387	0.862812491	7.17895702	0	0	0	0	0	5e-06	0	0	0	0	3
730	388	0.864156809	7.1888047	0	0	0	0	0	5e-06	0	0	0	0	3
731	388	0.865713512	7.19865238	0	0	0	0	0	5e-06	0	0	0	0	3
732	389	0.867266586	7.20850006	0	0	0	0	0	5e-06	0	0	0	0	3
733	389	0.868851478	7.21834773	0	0	0	0	0	5e-06	0	0	0	0	3
734	390	0.87058317	7.22819541	0	0	0	0	0	5e-06	0	0	0	0	3
735	390	0.872087765	7.23804309	0	0	0	0	0	5e-06	0	0	0	0	3
736	391	0.873177525	7.24789077	0	0	0	0	0	5e-06	0	0	0	0	3
737	391	0.874498785	7.25773845	0	0	0	0	0	5e-06	0	0	0	0	3
738	392	0.875116493	7.26758612	0	0	0	0	0	5e-06	0	0	0	0	3
739	392	0.875638371	7.2774338	0	0	0	0	0	5e-06	0	0	0	0	3
740	393	0.8765549	7.28728148	0	0	0	0	0	5e-06	0	0	0	0	3
741	394	0.877649969	7.29712916	0	0	0	0	0	5e-06	0	0	0	0	3
742	394	0.878263088	7.30697683	0	0	0	0	0	5e-06	0	0	0	0	3
743	395	0.879229759	7.31682451	0	0	0	0	0	5e-06	0	0	0	0	3
744	395	0.880215469	7.32667219	0	0	0	0	0	5e-06	0	0	0	0	3
745	396	0.881436213	7.33651987	0	0	0	0	0	5e-06	0	0	0	0	3
746	396	0.882263401	7.34636754	0	0	0	0	0	5e-06	0	0	0	0	3
747	397	0.883362149	7.35621522	0	0	0	0	0	5e-06	0	0	0	0	3
748	397	0.884803652	7.3660629	0	0	0	0	0	5e-06	0	0	0	0	3
749	398	0.886534667	7.37591058	0	0	0	0	0	5e-06	0	0	0	0	3
750	398	0.887484806	7.38575825	0	0	0	0	0	5e-06	0	0	0	0	3
751	398	0.888974693	7.39560593	0	0	0	0	0	5e-06	0	0	0	0	3
752	399	0.890206284	7.40545361	0	0	0	0	0	5e-06	0	0	0	0	3
753	399	0.891724357	7.41530129	0	0	0	0	0	5e-06	0	0	0	0	3
754	400	0.892965629	7.42514897	0	0	0	0	0	5e-06	0	0	0	0	3
755	400	0.894646736	7.43499664	0	0	0	0	0	5e-06	0	0	0	0	3
756	401	0.896348875	7.44484432	0	0	0	0	0	5e-06	0	0	0	0	3
757	401	0.897891144	7.454692	0	0	0	0	0	5e-06	0	0	0	0	3
758	402	0.899572222	7.46453968	0	0	0	0	0	5e-06	0	0	0	0	3
759	402	0.901266391	7.47438735	0	0	0	0	0	5e-06	0	0	0	0	3
760	402	0.902987933	7.48423503	0	0	0	0	0	5e-06	0	0	0	0	3
761	403	0.904473253	7.49408271	0	0	0	0	0	5e-06	0	0	0	0	3
762	404	0.905704991	7.50393039	0	0	0	0	0	5e-06	0	0	0	0	3
763	404	0.906334017	7.51377806	0	0	0	0	0	5e-06	0	0	0	0	3
764	405	0.906875446	7.52362574	0	0	0	0	0	5e-06	0	0	0	0	3
765	405	0.90783223	7.53347342	0	0	0	0	0	5e-06	0	0	0	0	3
766	406	0.908908679	7.5433211	0	0	0	0	0	5e-06	0	0	0	0	3
767	406	0.910058782	7.55316878	0	0	0	0	0	5e-06	0	0	0	0	3
768	407	0.911501677	7.56301645	0	0	0	0	0	5e-06	0	0	0	0	3
769	407	0.912980986	7.57286413	0	0	0	0	0	5e-06	0	0	0	0	3
770	408	0.914423981	7.58271181	0	0	0	0	0	5e-06	0	0	0	0	3
771	409	0.916042901	7.59255949	0	0	0	0	0	5e-06	0	0	0	0	3
772	409	0.917230907	7.60240716	0	0	0	0	0	5e-06	0	0	0	0	3
773	410	0.918450198	7.61225484	0	0	0	0	0	5e-06	0	0	0	0	3
774	410	0.919742398	7.62210252	0	0	0	0	0	5e-06	0	0	0	0	3
775	411	0.920803939	7.6319502	0	0	0	0	0	5e-06	0	0	0	0	3
776	411	0.922301496	7.64179787	0	0	0	0	0	5e-06	0	0	0	0	3
777	411	0.923761879	7.65164555	0	0	0	0	0	5e-06	0	0	0	0	3
778	412	0.925020393	7.66149323	0	0	0	0	0	5e-06	0	0	0	0	3
779	412	0.926380144	7.67134091	0	0	0	0	0	5e-06	0	0	0	0	3
780	413	0.927759808	7.68118859	0	0	0	0	0	5e-06	0	0	0	0	3
781	413	0.929169549	7.69103626	0	0	0	0	0	5e-06	0	0	0	0	3
782	413	0.930729101	7.70088394	0	0	0	0	0	5e-06	0	0	0	0	3
783	414	0.932254531	7.71073162	0	0	0	0	0	5e-06	0	0	0	0	3
784	414	0.933884891	7.7205793	0	0	0	0	0	5e-06	0	0	0	0	3
785	415	0.935419472	7.73042697	0	0	0	0	0	5e-06	0	0	0	0	3
786	415	0.936575407	7.74027465	0	0	0	0	0	5e-06	0	0	0	0	3
787	416	0.937814516	7.75012233	0	0	0	0	0	5e-06	0	0	0	0	3
788	417	0.938314201	7.75997001	0	0	0	0	0	5e-06	0	0	0	0	3
789	417	0.939157615	7.76981768	0	0	0	0	0	5e-06	0	0	0	0	3
790	418	0.940164782	7.77966536	0	0	0	0	0	5e-06	0	0	0	0	3
791	418	0.941261728	7.78951304	0	0	0	0	0	5e-06	0	0	0	0	3
792	419	0.942686231	7.79936072	0	0	0	0	0	5e-06	0	0	0	0	3
793	419	0.943821173	7.80920839	0	0	0	0	0	5e-06	0	0	0	0	3
794	420	0.945227377	7.81905607	0	0	0	0	0	5e-06	0	0	0	0	3
795	420	0.946251586	7.82890375	0	0	0	0	0	5e-06	0	0	0	0	3
796	421	0.947681521	7.83875143	0	0	0	0	0	5e-06	0	0	0	0	3
797	422	0.948940267	7.84859911	0	0	0	0	0	5e-06	0	0	0	0	3
798	422	0.949837852	7.85844678	0	0	0	0	0	5e-06	0	0	0	0	3
799	422	0.951225065	7.86829446	0	0	0	0	0	5e-06	0	0	0	0	3
800	423	0.952666554	7.87814214	0	0	0	0	0	5e-06	0	0	0	0	3
801	424	0.954174118	7.88798982	0	0	0	0	0	5e-06	0	0	0	0	3
802	424	0.955688308	7.89783749	0	0	0	0	0	5e-06	0	0	0	0	3
803	425	0.957005189	7.90768517	0	0	0	0	0	5e-06	0	0	0	0	3
804	425	0.958436849	7.91753285	0	0	0	0	0	5e-06	0	0	0	0	3
805	425	0.960044368	7.92738053	0	0	0	0	0	5e-06	0	0	0	0	3
806	426	0.961680309	7.9372282	0	0	0	0	0	5e-06	0	0	0	0	3
807	426	0.963293894	7.94707588	0	0	0	0	0	5e-06	0	0	0	0	3
808	427	0.965000685	7.95692356	0	0	0	0	0	5e-06	0	0	0	0	3
809	427	0.966119235	7.96677124	0	0	0	0	0	5e-06	0	0	0	0	3
810	428	0.967213689	7.97661892	0	0	0	0	0	5e-06	0	0	0	0	3
811	428	0.968566891	7.98646659	0	0	0	0	0	5e-06	0	0	0	0	3
812	429	0.969146041	7.99631427	0	0	0	0	0	5e-06	0	0	0	0	3
813	430	0.969636214	8.00616195	0	0	0	0	0	5e-06	0	0	0	0	3
814	430	0.970507347	8.01600963	0	0	0	0	0	5e-06	0	0	0	0	3
815	431	0.971490904	8.0258573	0	0	0	0	0	5e-06	0	0	0	0	3
816	431	0.972457063	8.03570498	0	0	0	0	0	5e-06	0	0	0	0	3
817	432	0.973845929	8.04555266	0	0	0	0	0	5e-06	0	0	0	0	3
818	433	0.975118858	8.05540034	0	0	0	0	0	5e-06	0	0	0	0	3
819	433	0.976249684	8.06524801	0	0	0	0	0	5e-06	0	0	0	0	3
820	434	0.977183816	8.07509569	0	0	0	0	0	5e-06	0	0	0	0	3
821	434	0.978507377	8.08494337	0	0	0	0	0	5e-06	0	0	0	0	3
822	435	0.979897875	8.09479105	0	0	0	0	0	5e-06	0	0	0	0	3
823	435	0.98089603	8.10463873	0	0	0	0	0	5e-06	0	0	0	0	3
824	436	0.981974724	8.1144864	0	0	0	0	0	5e-06	0	0	0	0	3
825	436	0.983232658	8.12433408	0	0	0	0	0	5e-06	0	0	0	0	3
826	437	0.984538622	8.13418176	0	0	0	0	0	5e-06	0	0	0	0	3
827	437	0.985778419	8.14402944	0	0	0	0	0	5e-06	0	0	0	0	3
828	438	0.987537418	8.15387711	0	0	0	0	0	5e-06	0	0	0	0	3
829	438	0.988904481	8.16372479	0	0	0	0	0	5e-06	0	0	0	0	3
830	438	0.99036736	8.17357247	0	0	0	0	0	5e-06	0	0	0	0	3
831	439	0.991902634	8.18342015	0	0	0	0	0	5e-06	0	0	0	0	3
832	439	0.993518606	8.19326782	0	0	0	0	0	5e-06	0	0	0	0	3
833	440	0.995059784	8.2031155	0	0	0	0	0	5e-06	0	0	0	0	3
834	440	0.996697993	8.21296318	0	0	0	0	0	5e-06	0	0	0	0	3
835	441	0.998226752	8.22281086	0	0	0	0	0	5e-06	0	0	0	0	3
836	441	0.999344801	8.23265853	0	0	0	0	0	5e-06	0	0	0	0	3
837	442	1	8.24250621	0	0	0	0	0	5e-06	0	0	0	0	3
