Iteration	CPUTime	PhysTime	Travels	Value	AvValue	MinValue	MaxValue	Delta	Criteria	PrevAvRefValue	Progress	CriteriaType	CriteriaVarType	CriteriaPercentage
1	3	9.23472925e-05	0.00984767767	112150.715	112150.715	112150.715	112150.715	0	0	0	0	0	0	3
2	4	0.000192213384	0.0196953553	71071.9897	90807.9154	71071.9897	112150.715	21342.7995	0	0	0	0	0	3
3	4	0.000291291591	0.029543033	118521.877	100234.379	71071.9897	118521.877	21342.7995	0	0	0	0	0	3
4	5	0.000384554122	0.0393907107	46598.9609	87226.6527	46598.9609	118521.877	24924.0622	0	0	0	0	0	3
5	5	0.000479593701	0.0492383884	102493.551	90252.046	46598.9609	118521.877	24924.0622	0	0	0	0	0	3
6	7	0.000647949827	0.059086066	110500.529	95513.1881	46598.9609	118521.877	24924.0622	0	0	0	0	0	3
7	7	0.000861756473	0.0689337437	95455.0353	95498.7601	46598.9609	118521.877	24924.0622	0	0	0	0	0	3
8	8	0.00108107564	0.0787814214	112756.26	98999.8107	46598.9609	118521.877	24924.0622	0	0	0	0	0	3
9	8	0.00131386986	0.0886290991	86488.334	96783.001	46598.9609	118521.877	24924.0622	0	0	0	0	0	3
10	9	0.0015453664	0.0984767767	121041.208	100416.891	46598.9609	121041.208	24924.0622	0	0	0	0	0	3
11	10	0.00190403487	0.108324454	90458.2135	98540.9464	46598.9609	121041.208	24924.0622	0	0	0	0	0	3
12	10	0.00222220483	0.118172132	184513.31	110850.263	46598.9609	184513.31	24924.0622	0	0	0	0	0	3
13	11	0.00233459074	0.12801981	-95999.6235	100892.624	-95999.6235	184513.31	24924.0622	0	0	0	0	0	3
14	12	0.00246588317	0.137867487	104869.032	101104.342	-95999.6235	184513.31	24924.0622	0	0	0	0	0	3
15	13	0.00263967106	0.147715165	114187.862	101965.721	-95999.6235	184513.31	24924.0622	0	0	0	0	0	3
16	13	0.00293799959	0.157562843	4819.04241	92101.3132	-95999.6235	184513.31	24924.0622	0	0	0	0	0	3
17	14	0.00312291115	0.16741052	35213.5997	88732.9191	-95999.6235	184513.31	24924.0622	0	0	0	0	0	3
18	14	0.00335905763	0.177258198	76759.9701	87891.2039	-95999.6235	184513.31	24924.0622	0	0	0	0	0	3
19	15	0.00358167492	0.187105876	98690.8345	88562.4498	-95999.6235	184513.31	24924.0622	0	0	0	0	0	3
20	15	0.00381486729	0.196953553	47768.1274	86068.8049	-95999.6235	184513.31	26081.91	0	0	0	0	0	3
21	16	0.00429210182	0.206801231	84971.9361	85946.8451	-95999.6235	184513.31	26203.8697	0	0	0	0	0	3
22	16	0.00476260133	0.216648909	88528.3225	86201.8704	-95999.6235	184513.31	26203.8697	0	0	0	0	0	3
23	17	0.00524415024	0.226496586	119621.194	89270.6305	-95999.6235	184513.31	26203.8697	0	0	0	0	0	3
24	18	0.00566855574	0.236344264	76879.919	88342.9363	-95999.6235	184513.31	26203.8697	0	0	0	0	0	3
25	18	0.00615515784	0.246191942	118392.497	90718.5341	-95999.6235	184513.31	26203.8697	0	0	0	0	0	3
26	19	0.00716333819	0.25603962	110764.753	93539.8729	-95999.6235	184513.31	26203.8697	0	0	0	0	0	3
27	19	0.00783806457	0.265887297	108919.073	94863.7651	-95999.6235	184513.31	26203.8697	0	0	0	0	0	3
28	20	0.00858442219	0.275734975	107532.687	95965.2424	-95999.6235	184513.31	26203.8697	0	0	0	0	0	3
29	20	0.00960392862	0.285582653	107526.768	97192.5578	-95999.6235	184513.31	26203.8697	0	0	0	0	0	3
30	21	0.0109113983	0.29543033	106123.027	98262.6605	-95999.6235	184513.31	26203.8697	0	0	0	0	0	3
31	21	0.0127832534	0.305278008	111329.176	100175.994	-95999.6235	184513.31	26203.8697	0	0	0	0	0	3
32	21	0.0140628175	0.315125686	115162.803	101539.631	-95999.6235	184513.31	26203.8697	0	0	0	0	0	3
33	22	0.0153713335	0.324973363	111495.908	102387.18	-95999.6235	184513.31	26203.8697	0	0	0	0	0	3
34	22	0.0168639654	0.334821041	107167.764	102810.31	-95999.6235	184513.31	26203.8697	0	0	0	0	0	3
35	23	0.0184715168	0.344668719	105486.154	103043.185	-95999.6235	184513.31	26203.8697	0	0	0	0	0	3
36	23	0.0200768919	0.354516396	101717.652	102937.193	-95999.6235	184513.31	26203.8697	0	0	0	0	0	3
37	24	0.0217816155	0.364364074	102849.434	102930.325	-95999.6235	184513.31	26203.8697	0	0	0	0	0	3
38	24	0.0229347217	0.374211752	99864.8107	102776.198	-95999.6235	184513.31	26203.8697	0	0	0	0	0	3
39	25	0.024433855	0.384059429	96515.0501	102392.047	-95999.6235	184513.31	26203.8697	0	0	0	0	0	3
40	25	0.0256424944	0.393907107	87433.6068	101686.992	-95999.6235	184513.31	26203.8697	0	0	0	0	0	3
41	26	0.0267673033	0.403754785	77018.9779	100650.399	-95999.6235	184513.31	26203.8697	0	0	0	0	0	3
42	26	0.0273488377	0.413602462	95855.5974	100548.444	-95999.6235	184513.31	26203.8697	0	0	0	0	0	3
43	27	0.0282008629	0.42345014	103904.909	100649.852	-95999.6235	184513.31	26203.8697	0	0	0	0	0	3
44	28	0.0293613566	0.433297818	83628.77	99977.102	-95999.6235	184513.31	26203.8697	0	0	0	0	0	3
45	28	0.030252838	0.443145495	95350.2889	99840.7605	-95999.6235	184513.31	26203.8697	0	0	0	0	0	3
46	29	0.0310865355	0.452993173	97969.5708	99790.5778	-95999.6235	184513.31	26203.8697	0	0	0	0	0	3
47	29	0.0322794168	0.462840851	94885.4409	99609.3091	-95999.6235	184513.31	26203.8697	0	0	0	0	0	3
48	30	0.0335132932	0.472688528	104779.31	99799.6557	-95999.6235	184513.31	26203.8697	0	0	0	0	0	3
49	30	0.0349420076	0.482536206	92086.4904	99484.2786	-95999.6235	184513.31	26203.8697	0	0	0	0	0	3
50	31	0.03650693	0.492383884	93731.2478	99237.6666	-95999.6235	184513.31	26203.8697	0	0	0	0	0	3
51	31	0.0378426053	0.502231561	99197.0909	99236.2345	-95999.6235	184513.31	26203.8697	0	0	0	0	0	3
52	32	0.0391715561	0.512079239	105681.44	99424.896	-95999.6235	184513.31	24903.418	0	0	0	0	0	3
53	32	0.0402662821	0.521926917	105225.34	99654.0065	-95999.6235	184513.31	24903.418	0	0	0	0	0	3
54	33	0.0419412871	0.531774594	106834.006	99897.8755	-95999.6235	184513.31	24903.418	0	0	0	0	0	3
55	33	0.0434903324	0.541622272	107933.076	100301.944	-95999.6235	184513.31	24903.418	0	0	0	0	0	3
56	34	0.0450838527	0.55146995	108426.493	100587.53	-95999.6235	184513.31	24903.418	0	0	0	0	0	3
57	34	0.046407568	0.561317627	111484.947	100866.294	-95999.6235	184513.31	24903.418	0	0	0	0	0	3
58	35	0.0477654592	0.571165305	107481.116	101082.464	-95999.6235	184513.31	24903.418	0	0	0	0	0	3
59	35	0.0492999819	0.581012983	107813.913	101243.589	-95999.6235	184513.31	24903.418	0	0	0	0	0	3
60	35	0.0509499143	0.59086066	103339.145	101382.449	-95999.6235	184513.31	24903.418	0	0	0	0	0	3
61	36	0.0525228563	0.600708338	102633.488	101331.778	-95999.6235	184513.31	24903.418	0	0	0	0	0	3
62	36	0.0541952888	0.610556016	100439.116	101377.81	-95999.6235	184513.31	24903.418	0	0	0	0	0	3
63	37	0.0554604025	0.620403693	98875.7557	100821.506	-95999.6235	119621.194	17096.3398	0	0	0	0	0	3
64	38	0.0566314946	0.630251371	88139.642	100955.368	4819.04241	119621.194	17096.3398	0	0	0	0	0	3
65	38	0.0578586098	0.640099049	81270.988	100510.024	4819.04241	119621.194	17096.3398	0	0	0	0	0	3
66	39	0.0582279026	0.649946726	104149.974	100491.444	4819.04241	119621.194	17096.3398	0	0	0	0	0	3
67	39	0.0588948105	0.659794404	93118.8793	100913.644	35213.5997	119621.194	17096.3398	0	0	0	0	0	3
68	40	0.0599265222	0.669642082	98096.9484	101076.357	47768.1274	119621.194	17096.3398	0	0	0	0	0	3
69	41	0.061087731	0.679489759	96827.8907	101090.369	47768.1274	119621.194	17096.3398	0	0	0	0	0	3
70	42	0.0620505312	0.689337437	104934.149	101162.8	47768.1274	119621.194	17096.3398	0	0	0	0	0	3
71	42	0.0630700732	0.699185115	97492.0387	101309.77	76879.919	119621.194	17096.3398	0	0	0	0	0	3
72	43	0.0644443771	0.709032792	95823.121	101314.037	76879.919	119621.194	16841.3145	0	0	0	0	0	3
73	43	0.0655348315	0.71888047	92440.5047	101253.803	76879.919	119621.194	14700.2486	0	0	0	0	0	3
74	44	0.0671173732	0.728728148	85204.0507	100700.346	76879.919	118392.497	14700.2486	0	0	0	0	0	3
75	44	0.0682092772	0.738575825	89475.0057	100666.009	77018.9779	118392.497	12324.6508	0	0	0	0	0	3
76	45	0.0694522998	0.748423503	98860.6104	100494.281	77018.9779	115162.803	9503.31193	0	0	0	0	0	3
77	45	0.0708309806	0.758271181	102555.052	100376.272	77018.9779	115162.803	8179.41982	0	0	0	0	0	3
78	46	0.0722745653	0.768118859	103440.811	100355.474	77018.9779	115162.803	7077.94248	0	0	0	0	0	3
79	46	0.0739206629	0.777966536	105771.821	100409.947	77018.9779	115162.803	5850.62706	0	0	0	0	0	3
80	47	0.0750304958	0.787814214	112536.835	100504.758	77018.9779	115162.803	4780.52433	0	0	0	0	0	3
81	47	0.0765735744	0.797661892	113852.717	100706.568	77018.9779	115162.803	3806.95041	0	0	0	0	0	3
82	48	0.0778113057	0.807509569	105279.93	100487.841	77018.9779	115162.803	3806.95041	0	0	0	0	0	3
83	48	0.0791634223	0.817357247	107899.716	100353.344	77018.9779	113852.717	3806.95041	0	0	0	0	0	3
84	49	0.0806755044	0.827204925	108916.636	100328.356	77018.9779	113852.717	3806.95041	0	0	0	0	0	3
85	49	0.082319417	0.837052602	104086.779	100266.784	77018.9779	113852.717	3806.95041	0	0	0	0	0	3
86	49	0.0838965264	0.84690028	103081.822	100206.398	77018.9779	113852.717	3700.95902	0	0	0	0	0	3
87	50	0.0855756599	0.856747958	101294.797	100197.259	77018.9779	113852.717	3694.09059	0	0	0	0	0	3
88	50	0.0871659312	0.866595635	96021.7745	100026.555	77018.9779	113852.717	3539.96343	0	0	0	0	0	3
89	51	0.0883265183	0.876443313	88532.7056	99825.4118	77018.9779	113852.717	3155.8122	0	0	0	0	0	3
90	52	0.089204308	0.886290991	91343.2814	99787.0787	77018.9779	113852.717	2450.75756	0	0	0	0	0	3
91	52	0.0899001123	0.896138668	86910.8953	99880.0106	77018.9779	113852.717	2146.21488	0	0	0	0	0	3
92	53	0.0908801795	0.905986346	86786.482	100080.934	81270.988	113852.717	2146.21488	0	0	0	0	0	3
93	54	0.0919359244	0.915834024	84338.0841	99861.6444	81270.988	113852.717	2146.21488	0	0	0	0	0	3
94	54	0.0929714979	0.925681701	97287.9853	99767.3089	81270.988	113852.717	2146.21488	0	0	0	0	0	3
95	55	0.0943091796	0.935529379	100918.543	100079.385	81270.988	113852.717	2146.21488	0	0	0	0	0	3
96	55	0.0957191023	0.945377057	91794.6407	99965.3575	81270.988	113852.717	2146.21488	0	0	0	0	0	3
97	56	0.0971466588	0.955224734	92640.6789	99832.2589	81270.988	113852.717	2146.21488	0	0	0	0	0	3
98	56	0.0987605851	0.965072412	90829.1095	99702.4559	81270.988	113852.717	2146.21488	0	0	0	0	0	3
99	57	0.0997843029	0.97492009	92362.2968	99494.5451	81270.988	113852.717	2146.21488	0	0	0	0	0	3
100	57	0.101302094	0.984767767	102749.931	99728.4958	81270.988	113852.717	2146.21488	0	0	0	0	0	3
101	59	0.102918459	0.994615445	108882.651	100092.614	81270.988	113852.717	2146.21488	0	0	0	0	0	3
102	59	0.104569798	1.00446312	106528.879	100269.822	81270.988	113852.717	1957.55334	30709.4339	0	0	0	0	3
103	59	0.105717532	1.0143108	107815.337	100291.889	81270.988	113852.717	1887.9043	30709.4339	0	0	0	0	3
104	60	0.10742332	1.02415848	110989.481	100483.188	81270.988	113852.717	1887.9043	30709.4339	0	0	0	0	3
105	60	0.108682568	1.03400616	109643.193	100496.629	81270.988	113852.717	1887.9043	30709.4339	0	0	0	0	3
106	61	0.110110344	1.04385383	111552.099	100560.654	81270.988	113852.717	1887.9043	30709.4339	0	0	0	0	3
107	61	0.11162589	1.05370151	108233.271	100547.036	81270.988	113852.717	1887.9043	30709.4339	0	0	0	0	3
108	62	0.113191861	1.06354919	105202.788	100439.407	81270.988	113852.717	1887.9043	30709.4339	0	0	0	0	3
109	62	0.114800027	1.07339687	103725.048	100375.589	81270.988	113852.717	1887.9043	30709.4339	0	0	0	0	3
110	63	0.116558323	1.08324454	102351.628	100257.539	81270.988	113852.717	1887.9043	30709.4339	0	0	0	0	3
111	63	0.118056296	1.09309222	99941.4479	100174.717	81270.988	113852.717	1883.2648	30709.4339	0	0	0	0	3
112	64	0.119170361	1.1029399	89350.9105	99935.7591	81270.988	113852.717	1883.2648	30709.4339	0	0	0	0	3
113	65	0.120264101	1.11278758	83583.4706	99652.3123	81270.988	113852.717	1819.49156	30709.4339	0	0	0	0	3
114	65	0.120858592	1.12263525	86446.674	99547.2912	81270.988	113852.717	1819.49156	30709.4339	0	0	0	0	3
115	66	0.121351903	1.13248293	100370.199	99759.9808	81270.988	113852.717	1819.49156	30709.4339	0	0	0	0	3
116	66	0.122212343	1.14233061	98960.6382	100101.847	83583.4706	113852.717	1819.49156	30709.4339	0	0	0	0	3
117	67	0.123271544	1.15217829	86649.6012	99859.8001	83583.4706	113852.717	1819.49156	30709.4339	0	0	0	0	3
118	68	0.124254372	1.16202597	101865.544	99958.7431	83583.4706	113852.717	1819.49156	30709.4339	0	0	0	0	3
119	68	0.125596522	1.17187364	100337.58	99995.7355	83583.4706	113852.717	1819.49156	30709.4339	0	0	0	0	3
120	69	0.126514166	1.18172132	88297.2229	99887.881	83583.4706	113852.717	1819.49156	30709.4339	0	0	0	0	3
121	69	0.128020041	1.191569	85943.1357	99495.9182	83583.4706	113852.717	1819.49156	30709.4339	0	0	0	0	3
122	70	0.129157197	1.20141668	106486.699	99647.1224	83583.4706	113852.717	1819.49156	30709.4339	0	0	0	0	3
123	71	0.130419765	1.21126435	86611.8839	99477.3237	83583.4706	113852.717	1776.47962	30709.4339	0	0	0	0	3
124	71	0.131632663	1.22111203	97660.0895	99560.0679	83583.4706	113852.717	1229.2439	30709.4339	0	0	0	0	3
125	72	0.13274659	1.23095971	104821.287	99995.5387	83583.4706	113852.717	1229.2439	30709.4339	0	0	0	0	3
126	72	0.134267535	1.24080739	102057.138	100216.904	83583.4706	113852.717	1229.2439	30709.4339	0	0	0	0	3
127	73	0.135681836	1.25065506	106325.488	100372.805	83583.4706	113852.717	1229.2439	30709.4339	0	0	0	0	3
128	74	0.137194281	1.26050274	108400.639	100510.427	83583.4706	113852.717	1229.2439	30709.4339	0	0	0	0	3
129	74	0.138142115	1.27035042	107685.919	100549.459	83583.4706	113852.717	1229.2439	30709.4339	0	0	0	0	3
130	75	0.139506709	1.2801981	107150.944	100555.738	83583.4706	113852.717	1229.2439	30709.4339	0	0	0	0	3
131	75	0.140694753	1.29004578	108256.817	100492.571	83583.4706	113852.717	1229.2439	30709.4339	0	0	0	0	3
132	76	0.141996612	1.29989345	111032.059	100387.183	83583.4706	111552.099	1083.33004	30709.4339	0	0	0	0	3
133	76	0.143483317	1.30974113	107528.927	100456.645	83583.4706	111552.099	1083.33004	30709.4339	0	0	0	0	3
134	77	0.145118561	1.31958881	101848.686	100338.572	83583.4706	111552.099	1083.33004	30709.4339	0	0	0	0	3
135	77	0.146636387	1.32943649	102194.502	100184.636	83583.4706	111552.099	1083.33004	30709.4339	0	0	0	0	3
136	78	0.148243706	1.33928416	101516.194	100119.795	83583.4706	111552.099	1083.33004	30709.4339	0	0	0	0	3
137	78	0.149775833	1.34913184	98840.8723	100019.143	83583.4706	111552.099	1083.33004	30709.4339	0	0	0	0	3
138	79	0.150892269	1.35897952	88032.3103	99781.4619	83583.4706	111552.099	1083.33004	30709.4339	0	0	0	0	3
139	80	0.152092963	1.3688272	71640.164	99353.1325	71640.164	111552.099	1207.52125	30709.4339	0	0	0	0	3
140	80	0.152444692	1.37867487	100399.471	99554.7302	71640.164	111552.099	1207.52125	30709.4339	0	0	0	0	3
141	81	0.152992581	1.38852255	97842.2823	99653.0194	71640.164	111552.099	1207.52125	30709.4339	0	0	0	0	3
142	82	0.154014265	1.39837023	91926.8496	99668.1848	71640.164	111552.099	1207.52125	30709.4339	0	0	0	0	3
143	82	0.15511864	1.40821791	81364.1861	99550.0384	71640.164	111552.099	1207.52125	30709.4339	0	0	0	0	3
144	83	0.156214035	1.41806558	86365.2928	99575.2015	71640.164	111552.099	1207.52125	30709.4339	0	0	0	0	3
145	84	0.156704289	1.42791326	91905.7816	99553.3701	71640.164	111552.099	1207.52125	30709.4339	0	0	0	0	3
146	85	0.157876095	1.43776094	93601.4375	99414.9227	71640.164	111552.099	1207.52125	30709.4339	0	0	0	0	3
147	85	0.158026569	1.44760862	57559.5276	99486.276	57559.5276	111552.099	1207.52125	30709.4339	0	0	0	0	3
148	85	0.158381695	1.4574563	78866.186	99526.2815	57559.5276	111552.099	1207.52125	30709.4339	0	0	0	0	3
149	86	0.158970906	1.46730397	60476.3802	99377.2701	57559.5276	111552.099	1207.52125	30709.4339	0	0	0	0	3
150	87	0.159432915	1.47715165	131774.075	99748.5944	57559.5276	131774.075	1207.52125	30709.4339	0	0	0	0	3
151	87	0.16047411	1.48699933	109557.959	99844.2149	57559.5276	131774.075	1207.52125	30709.4339	0	0	0	0	3
152	88	0.160882038	1.49684701	109327.126	99658.9078	57559.5276	131774.075	1207.52125	30709.4339	0	0	0	0	3
153	88	0.161973111	1.50669468	99363.6749	99455.6657	57559.5276	131774.075	1207.52125	30709.4339	0	0	0	0	3
154	89	0.162857565	1.51654236	98568.4003	99274.0167	57559.5276	131774.075	1286.63709	30709.4339	0	0	0	0	3
155	90	0.164200625	1.52639004	100673.291	98955.143	57559.5276	131774.075	1605.51074	30709.4339	0	0	0	0	3
156	90	0.165667618	1.53623772	107010.424	98926.3308	57559.5276	131774.075	1634.32295	30709.4339	0	0	0	0	3
157	91	0.166837508	1.54608539	100368.593	98638.2947	57559.5276	131774.075	1917.44314	30709.4339	0	0	0	0	3
158	91	0.168123962	1.55593307	106192.454	98552.9191	57559.5276	131774.075	2002.81872	30709.4339	0	0	0	0	3
159	92	0.169448066	1.56578075	109069.257	98615.334	57559.5276	131774.075	2002.81872	30709.4339	0	0	0	0	3
160	92	0.171083319	1.57562843	112227.314	98864.8176	57559.5276	131774.075	2002.81872	30709.4339	0	0	0	0	3
161	92	0.172305353	1.58547611	109142.502	98980.1393	57559.5276	131774.075	2002.81872	30709.4339	0	0	0	0	3
162	93	0.173607835	1.59532378	106501.734	99130.5713	57559.5276	131774.075	2002.81872	30709.4339	0	0	0	0	3
163	93	0.175079191	1.60517146	107614.79	99548.7249	57559.5276	131774.075	2002.81872	30709.4339	0	0	0	0	3
164	94	0.17670598	1.61501914	103297.252	99966.1439	57559.5276	131774.075	2002.81872	30709.4339	0	0	0	0	3
165	94	0.178285205	1.62486682	103207.61	100195.24	57559.5276	131774.075	2002.81872	30709.4339	0	0	0	0	3
166	95	0.180039999	1.63471449	100892.859	100214.628	57559.5276	131774.075	2002.81872	30709.4339	0	0	0	0	3
167	95	0.181622014	1.64456217	95916.1111	100118.325	57559.5276	131774.075	2002.81872	30709.4339	0	0	0	0	3
168	96	0.18288601	1.65440985	87492.4856	100089.927	57559.5276	131774.075	2002.81872	30709.4339	0	0	0	0	3
169	97	0.183775223	1.66425753	87013.555	99865.253	57559.5276	131774.075	2002.81872	30709.4339	0	0	0	0	3
170	97	0.184708265	1.6741052	87774.2381	99663.6794	57559.5276	131774.075	2002.81872	30709.4339	0	0	0	0	3
171	98	0.185783197	1.68395288	78740.9816	99460.1986	57559.5276	131774.075	2002.81872	30709.4339	0	0	0	0	3
172	99	0.186654415	1.69380056	99549.0051	99808.6695	57559.5276	131774.075	2002.81872	30709.4339	0	0	0	0	3
173	99	0.187741155	1.70364824	92264.0796	99539.091	57559.5276	131774.075	2002.81872	30709.4339	0	0	0	0	3
174	100	0.188793004	1.71349592	98104.4874	99792.8458	57559.5276	131774.075	2002.81872	30709.4339	0	0	0	0	3
175	101	0.190048196	1.72334359	93188.8329	99695.2265	57559.5276	131774.075	2002.81872	30709.4339	0	0	0	0	3
176	101	0.191407778	1.73319127	100940.391	99626.7459	57559.5276	131774.075	2002.81872	30709.4339	0	0	0	0	3
177	102	0.19306294	1.74303895	93806.2213	99400.0206	57559.5276	131774.075	2002.81872	30709.4339	0	0	0	0	3
178	103	0.194016179	1.75288663	91072.1288	99096.0287	57559.5276	131774.075	2002.81872	30709.4339	0	0	0	0	3
179	103	0.195601742	1.7627343	98418.4405	98836.6943	57559.5276	131774.075	2002.81872	30709.4339	0	0	0	0	3
180	104	0.197116851	1.77258198	103167.952	98805.7442	57559.5276	131774.075	2002.81872	30709.4339	0	0	0	0	3
181	104	0.198594813	1.78242966	106059.235	98794.4488	57559.5276	131774.075	1939.6519	30709.4339	0	0	0	0	3
182	105	0.200036183	1.79227734	111870.909	98922.6276	57559.5276	131774.075	1903.72635	30709.4339	0	0	0	0	3
183	105	0.20160832	1.80212501	112482.306	99015.7788	57559.5276	131774.075	1903.72635	30709.4339	0	0	0	0	3
184	105	0.203002323	1.81197269	107129.619	98993.167	57559.5276	131774.075	1785.65255	30709.4339	0	0	0	0	3
185	106	0.204387832	1.82182037	112460.234	99229.1963	57559.5276	131774.075	1661.70899	30709.4339	0	0	0	0	3
186	106	0.205921512	1.83166805	109013.707	99406.399	57559.5276	131774.075	1661.70899	30709.4339	0	0	0	0	3
187	107	0.207498274	1.84151572	104515.687	99485.1274	57559.5276	131774.075	1661.70899	30709.4339	0	0	0	0	3
188	107	0.209096916	1.8513634	102970.943	99595.7062	57559.5276	131774.075	1661.70899	30709.4339	0	0	0	0	3
189	108	0.210874745	1.86121108	101233.409	99859.4722	57559.5276	131774.075	1661.70899	30709.4339	0	0	0	0	3
190	108	0.212495521	1.87105876	99050.811	100398.722	57559.5276	131774.075	1845.80327	30709.4339	0	0	0	0	3
191	109	0.213646264	1.88090644	89873.7049	100200.821	57559.5276	131774.075	1845.80327	30709.4339	0	0	0	0	3
192	110	0.214494602	1.89075411	83435.6511	99990.5791	57559.5276	131774.075	1845.80327	30709.4339	0	0	0	0	3
193	110	0.215083712	1.90060179	89890.8342	100028.056	57559.5276	131774.075	1845.80327	30709.4339	0	0	0	0	3
194	111	0.215634505	1.91044947	96132.803	100333.207	57559.5276	131774.075	1845.80327	30709.4339	0	0	0	0	3
195	111	0.216454094	1.92029715	103181.495	100625.949	57559.5276	131774.075	2073.02981	30709.4339	0	0	0	0	3
196	112	0.217487461	1.93014482	78453.0665	100319.324	57559.5276	131774.075	2073.02981	30709.4339	0	0	0	0	3
197	113	0.218401835	1.9399925	102952.207	100489.161	57559.5276	131774.075	2073.02981	30709.4339	0	0	0	0	3
198	113	0.219798542	1.94984018	96645.4466	100506.827	60476.3802	131774.075	2073.02981	30709.4339	0	0	0	0	3
199	114	0.221105571	1.95968786	88035.9213	100369.484	60476.3802	131774.075	2073.02981	30709.4339	0	0	0	0	3
200	114	0.222473294	1.96953553	92785.4731	100576.289	78453.0665	131774.075	2073.02981	30709.4339	0	0	0	0	3
201	116	0.223949664	1.97938321	87146.0614	100045.549	78453.0665	112482.306	2073.02981	30709.4339	0	0	0	0	3
202	116	0.225312894	1.98923089	89417.4254	99669.3407	78453.0665	112482.306	2073.02981	30709.4339	0	0	0	0	3
203	117	0.226694301	1.99907857	100233.603	99621.3223	78453.0665	112482.306	2073.02981	30709.4339	0	0	0	0	3
204	117	0.227701662	2.00892625	109740.806	99780.6912	78453.0665	112482.306	2073.02981	30709.4339	0	0	0	0	3
205	118	0.228595135	2.01877392	107333.147	99899.651	78453.0665	112482.306	2073.02981	30709.4339	0	0	0	0	3
206	118	0.230301789	2.0286216	105109.97	100018.456	78453.0665	112482.306	2073.02981	30709.4339	0	0	0	0	3
207	119	0.231488713	2.03846928	109157.151	100027.416	78453.0665	112482.306	2073.02981	30709.4339	0	0	0	0	3
208	119	0.232907811	2.04831696	111351.547	100264.602	78453.0665	112482.306	2073.02981	30709.4339	0	0	0	0	3
209	119	0.234319307	2.05816463	111898.786	100397.477	78453.0665	112482.306	2010.61489	30709.4339	0	0	0	0	3
210	120	0.235639397	2.06801231	113087.751	100477.094	78453.0665	113087.751	1831.50012	30709.4339	0	0	0	0	3
211	120	0.237075915	2.07785999	109283.338	100377.624	78453.0665	113087.751	1831.50012	30709.4339	0	0	0	0	3
212	121	0.238587857	2.08770767	105837.521	100340.572	78453.0665	113087.751	1831.50012	30709.4339	0	0	0	0	3
213	121	0.240199887	2.09755534	103244.853	100290.37	78453.0665	113087.751	1831.50012	30709.4339	0	0	0	0	3
214	122	0.241933193	2.10740302	102502.059	100186.513	78453.0665	113087.751	1831.50012	30709.4339	0	0	0	0	3
215	122	0.243325248	2.1172507	100355.011	100114.072	78453.0665	113087.751	1831.50012	30709.4339	0	0	0	0	3
216	123	0.244652537	2.12709838	92573.2149	99889.6499	78453.0665	113087.751	1831.50012	30709.4339	0	0	0	0	3
217	123	0.245912354	2.13694606	88226.6703	99639.8691	78453.0665	113087.751	1831.50012	30709.4339	0	0	0	0	3
218	124	0.246576765	2.14679373	85229.4859	99583.1624	78453.0665	113087.751	1831.50012	30709.4339	0	0	0	0	3
219	124	0.247102701	2.15664141	95200.4991	99785.2526	78453.0665	113087.751	1831.50012	30709.4339	0	0	0	0	3
220	125	0.248047812	2.16648909	100671.476	99974.9811	78453.0665	113087.751	1831.50012	30709.4339	0	0	0	0	3
221	126	0.249085994	2.17633677	75456.9344	99756.4213	75456.9344	113087.751	1831.50012	30709.4339	0	0	0	0	3
222	126	0.250006631	2.18618444	102540.889	100148.08	75456.9344	113087.751	1831.50012	30709.4339	0	0	0	0	3
223	127	0.251326228	2.19603212	97015.7189	100092.236	75456.9344	113087.751	1831.50012	30709.4339	0	0	0	0	3
224	127	0.25265683	2.2058798	106800.155	100360.78	75456.9344	113087.751	1831.50012	30709.4339	0	0	0	0	3
225	128	0.253812016	2.21572748	104425.306	100469.496	75456.9344	113087.751	1831.50012	30709.4339	0	0	0	0	3
226	128	0.254830478	2.22557515	86387.5896	100389.176	75456.9344	113087.751	1831.50012	30709.4339	0	0	0	0	3
227	129	0.256327826	2.23542283	92065.1162	100185.642	75456.9344	113087.751	1831.50012	30709.4339	0	0	0	0	3
228	129	0.25757473	2.24527051	95126.0577	100251.524	75456.9344	113087.751	1831.50012	30709.4339	0	0	0	0	3
229	130	0.258680251	2.25511819	105083.099	100469.444	75456.9344	113087.751	1831.50012	30709.4339	0	0	0	0	3
230	130	0.260170402	2.26496586	103566.448	100591.283	75456.9344	113087.751	1831.50012	30709.4339	0	0	0	0	3
231	131	0.261421797	2.27481354	105436.992	100624.872	75456.9344	113087.751	1831.50012	30709.4339	0	0	0	0	3
232	131	0.263081146	2.28466122	106037.688	100639.604	75456.9344	113087.751	1716.97617	30709.4339	0	0	0	0	3
233	132	0.264590649	2.2945089	107559.091	100550.633	75456.9344	113087.751	1646.43678	30709.4339	0	0	0	0	3
234	132	0.265999712	2.30435658	108349.36	100429.975	75456.9344	113087.751	1646.43678	30709.4339	0	0	0	0	3
235	132	0.267425659	2.31420425	109923.155	100495.129	75456.9344	113087.751	1410.40755	30709.4339	0	0	0	0	3
236	133	0.269063321	2.32405193	107806.175	100423.931	75456.9344	113087.751	1233.20483	30709.4339	0	0	0	0	3
237	133	0.270769684	2.33389961	103172.071	100293.093	75456.9344	113087.751	1154.47638	30709.4339	0	0	0	0	3
238	134	0.272390917	2.34374729	102855.284	100254.504	75456.9344	113087.751	1056.44136	30709.4339	0	0	0	0	3
239	134	0.274103199	2.35359496	100141.626	100184.728	75456.9344	113087.751	1056.44136	30709.4339	0	0	0	0	3
240	135	0.27531349	2.36344264	98193.2945	100118.392	75456.9344	113087.751	1056.44136	30709.4339	0	0	0	0	3
241	135	0.276445677	2.37329032	87976.042	99930.4787	75456.9344	113087.751	1056.44136	30709.4339	0	0	0	0	3
242	136	0.277520091	2.383138	92721.5821	99990.4003	75456.9344	113087.751	1056.44136	30709.4339	0	0	0	0	3
243	137	0.27813548	2.39298567	80139.0636	100019.12	75456.9344	113087.751	1056.44136	30709.4339	0	0	0	0	3
244	137	0.27870407	2.40283335	91495.4386	100036.728	75456.9344	113087.751	1056.44136	30709.4339	0	0	0	0	3
245	138	0.279618208	2.41268103	98572.8021	100049.419	75456.9344	113087.751	1056.44136	30709.4339	0	0	0	0	3
246	138	0.280664476	2.42252871	40231.7973	99034.75	40231.7973	113087.751	1604.85384	30709.4339	0	0	0	0	3
247	139	0.281218506	2.43237639	102850.897	99401.6465	40231.7973	113087.751	1604.85384	30709.4339	0	0	0	0	3
248	140	0.282061746	2.44222406	54517.6246	98756.1139	40231.7973	113087.751	1883.48994	30709.4339	0	0	0	0	3
249	140	0.282258171	2.45207174	136519.032	98922.0699	40231.7973	136519.032	1883.48994	30709.4339	0	0	0	0	3
250	141	0.282665868	2.46191942	40918.7854	98769.0611	40231.7973	136519.032	1883.48994	30709.4339	0	0	0	0	3
251	141	0.282991417	2.4717671	-25111.2881	98237.8937	-25111.2881	136519.032	2401.7101	30709.4339	0	0	0	0	3
252	141	0.283308658	2.48161477	91219.2181	98476.2574	-25111.2881	136519.032	2401.7101	30709.4339	0	0	0	0	3
253	142	0.283652579	2.49146245	113564.101	98776.8812	-25111.2881	136519.032	2401.7101	30709.4339	0	0	0	0	3
254	142	0.284089644	2.50131013	154828.38	99168.6516	-25111.2881	154828.38	2401.7101	30709.4339	0	0	0	0	3
255	143	0.28462114	2.51115781	154195.867	99495.3727	-25111.2881	154828.38	2401.7101	30709.4339	0	0	0	0	3
256	143	0.285144599	2.52100548	143356.121	99777.5413	-25111.2881	154828.38	2401.7101	30709.4339	0	0	0	0	3
257	144	0.285684999	2.53085316	139088.049	99996.7914	-25111.2881	154828.38	2401.7101	30709.4339	0	0	0	0	3
258	144	0.286265809	2.54070084	126372.323	100077.966	-25111.2881	154828.38	2401.7101	30709.4339	0	0	0	0	3
259	145	0.286908609	2.55054852	105953.836	99851.6491	-25111.2881	154828.38	2401.7101	30709.4339	0	0	0	0	3
260	146	0.287637462	2.5603962	84533.6767	99323.3292	-25111.2881	154828.38	2401.7101	30709.4339	0	0	0	0	3
261	146	0.288476905	2.57024387	76913.5234	98623.4094	-25111.2881	154828.38	2401.7101	30709.4339	0	0	0	0	3
262	147	0.289456234	2.58009155	92708.1937	98220.4695	-25111.2881	154828.38	2419.13431	30709.4339	0	0	0	0	3
263	147	0.290595441	2.58993923	100007.458	98038.1732	-25111.2881	154828.38	2601.43057	30709.4339	0	0	0	0	3
264	148	0.291901253	2.59978691	99608.5693	97915.4941	-25111.2881	154828.38	2724.10976	30709.4339	0	0	0	0	3
265	148	0.293381231	2.60963458	106393.871	98004.8636	-25111.2881	154828.38	2724.10976	30709.4339	0	0	0	0	3
266	149	0.294617552	2.61948226	108764.672	98200.4299	-25111.2881	154828.38	2724.10976	30709.4339	0	0	0	0	3
267	149	0.296101751	2.62932994	113443.652	98785.3352	-25111.2881	154828.38	2724.10976	30709.4339	0	0	0	0	3
268	150	0.297574255	2.63917762	111191.527	99396.4267	-25111.2881	154828.38	2724.10976	30709.4339	0	0	0	0	3
269	150	0.29900055	2.64902529	113910.833	99970.8701	-25111.2881	154828.38	2724.10976	30709.4339	0	0	0	0	3
270	150	0.300562459	2.65887297	110748.729	100332.693	-25111.2881	154828.38	2724.10976	30709.4339	0	0	0	0	3
271	151	0.302297997	2.66872065	104808.44	100469.976	-25111.2881	154828.38	2724.10976	30709.4339	0	0	0	0	3
272	151	0.30389161	2.67856833	103055.646	101018.982	-25111.2881	154828.38	3103.48838	30709.4339	0	0	0	0	3
273	152	0.305640686	2.688416	101342.457	101003.967	-25111.2881	154828.38	3103.48838	30709.4339	0	0	0	0	3
274	152	0.307253969	2.69826368	97774.9979	101004.926	-25111.2881	154828.38	3103.48838	30709.4339	0	0	0	0	3
275	153	0.308504453	2.70811136	88421.5354	100585.097	-25111.2881	154828.38	3103.48838	30709.4339	0	0	0	0	3
276	153	0.309573521	2.71795904	87221.3919	100249.33	-25111.2881	154828.38	3103.48838	30709.4339	0	0	0	0	3
277	154	0.31018586	2.72780672	91955.5778	100412.622	-25111.2881	154828.38	3103.48838	30709.4339	0	0	0	0	3
278	154	0.31110069	2.73765439	88482.8876	100441.568	-25111.2881	154828.38	3103.48838	30709.4339	0	0	0	0	3
279	155	0.312259509	2.74750207	89928.5681	100339.99	-25111.2881	154828.38	3103.48838	30709.4339	0	0	0	0	3
280	156	0.313315969	2.75734975	89386.9001	100032.223	-25111.2881	154828.38	3103.48838	30709.4339	0	0	0	0	3
281	156	0.314141682	2.76719743	102577.246	99973.579	-25111.2881	154828.38	3103.48838	30709.4339	0	0	0	0	3
282	157	0.315392435	2.7770451	84525.7529	99488.9024	-25111.2881	154828.38	3103.48838	30709.4339	0	0	0	0	3
283	158	0.316409475	2.78689278	86779.8922	99042.7548	-25111.2881	154828.38	3103.48838	30709.4339	0	0	0	0	3
284	158	0.318254025	2.79674046	90899.408	98523.2899	-25111.2881	154828.38	3103.48838	30709.4339	0	0	0	0	3
285	159	0.319210286	2.80658814	95892.8792	98215.8152	-25111.2881	154828.38	3103.48838	30709.4339	0	0	0	0	3
286	159	0.320688622	2.81643581	104282.259	98070.7649	-25111.2881	154828.38	3103.48838	30709.4339	0	0	0	0	3
287	160	0.321983301	2.82628349	101206.745	97846.2141	-25111.2881	154828.38	3172.76832	30709.4339	0	0	0	0	3
288	160	0.323406882	2.83613117	110504.117	98015.8984	-25111.2881	154828.38	3172.76832	30709.4339	0	0	0	0	3
289	161	0.324916738	2.84597885	106359.969	98106.3791	-25111.2881	154828.38	3172.76832	30709.4339	0	0	0	0	3
290	161	0.326197397	2.85582653	108613.772	98297.7914	-25111.2881	154828.38	3172.76832	30709.4339	0	0	0	0	3
291	162	0.327815789	2.8656742	114130.146	98788.2352	-25111.2881	154828.38	3172.76832	30709.4339	0	0	0	0	3
292	162	0.329318323	2.87552188	112195.551	99400.7708	-25111.2881	154828.38	3172.76832	30709.4339	0	0	0	0	3
293	162	0.330857732	2.88536956	108929.221	99810.3202	-25111.2881	154828.38	3172.76832	30709.4339	0	0	0	0	3
294	163	0.332390025	2.89521724	108085.813	100267.166	-25111.2881	154828.38	3172.76832	30709.4339	0	0	0	0	3
295	163	0.334020067	2.90506491	104004.68	100467.466	-25111.2881	154828.38	3172.76832	30709.4339	0	0	0	0	3
296	164	0.335654167	2.91491259	103903.925	100598.587	-25111.2881	154828.38	3172.76832	30709.4339	0	0	0	0	3
297	164	0.337387744	2.92476027	101028.799	101725.208	-25111.2881	154828.38	3878.99432	30709.4339	0	0	0	0	3
298	165	0.33901746	2.93460795	91540.7648	101427.255	-25111.2881	154828.38	3878.99432	30709.4339	0	0	0	0	3
299	165	0.340316724	2.94445562	86329.3024	101769.541	-25111.2881	154828.38	3923.32658	30709.4339	0	0	0	0	3
300	166	0.340894297	2.9543033	90214.3985	101539.314	-25111.2881	154828.38	3923.32658	30709.4339	0	0	0	0	3
301	167	0.341535188	2.96415098	91163.9065	101846.186	-25111.2881	154828.38	3999.97166	30709.4339	0	0	0	0	3
302	168	0.342435522	2.97399866	87888.7675	102330.078	76913.5234	154828.38	4483.86424	30709.4339	0	0	0	0	3
303	168	0.343586415	2.98384633	83173.8027	102022.8	76913.5234	154828.38	4483.86424	30709.4339	0	0	0	0	3
304	169	0.344672114	2.99369401	124026.754	102349.259	76913.5234	154828.38	4503.04524	30709.4339	0	0	0	0	3
305	169	0.344865742	3.00354169	-58863.2772	101458.252	-58863.2772	154195.867	4503.04524	30709.4339	0	0	0	0	3
306	170	0.345320997	3.01338937	-10775.5352	100154.709	-58863.2772	143356.121	4503.04524	30709.4339	0	0	0	0	3
307	170	0.345738462	3.02323705	104396.127	99810.7214	-58863.2772	139088.049	4503.04524	30709.4339	0	0	0	0	3
308	171	0.346161894	3.03308472	62993.7546	99201.9773	-58863.2772	126372.323	4503.04524	30709.4339	0	0	0	0	3
309	171	0.346786442	3.0429324	16923.7303	98092.1488	-58863.2772	124026.754	4503.04524	30709.4339	0	0	0	0	3
310	172	0.3472328	3.05278008	67677.9332	97783.3321	-58863.2772	124026.754	4565.92722	30709.4339	0	0	0	0	3
311	172	0.3476891	3.06262776	44155.0913	97536.6528	-58863.2772	124026.754	4812.60659	30709.4339	0	0	0	0	3
312	173	0.348167864	3.07247543	83304.3397	97712.5255	-58863.2772	124026.754	4812.60659	30709.4339	0	0	0	0	3
313	173	0.348639726	3.08232311	90209.3635	97735.5122	-58863.2772	124026.754	4812.60659	30709.4339	0	0	0	0	3
314	174	0.34910641	3.09217079	97089.4059	97686.1241	-58863.2772	124026.754	4812.60659	30709.4339	0	0	0	0	3
315	174	0.349643819	3.10201847	158494.371	98208.59	-58863.2772	158494.371	4812.60659	30709.4339	0	0	0	0	3
316	175	0.350239133	3.11186614	141628.571	98450.1479	-58863.2772	158494.371	4812.60659	30709.4339	0	0	0	0	3
317	175	0.350861638	3.12171382	141876.459	98704.0599	-58863.2772	158494.371	4812.60659	30709.4339	0	0	0	0	3
318	176	0.351572162	3.1315615	108256.474	98432.0362	-58863.2772	158494.371	4812.60659	30709.4339	0	0	0	0	3
319	177	0.352428948	3.14140918	105486.629	98199.7111	-58863.2772	158494.371	4812.60659	30709.4339	0	0	0	0	3
320	177	0.353235908	3.15125686	98040.0318	97784.1601	-58863.2772	158494.371	4812.60659	30709.4339	0	0	0	0	3
321	178	0.354101676	3.16110453	105669.021	97533.4465	-58863.2772	158494.371	4815.81287	30709.4339	0	0	0	0	3
322	178	0.355283343	3.17095221	103707.344	97432.8426	-58863.2772	158494.371	4916.41679	30709.4339	0	0	0	0	3
323	179	0.356580265	3.18079989	108527.145	97535.8605	-58863.2772	158494.371	4916.41679	30709.4339	0	0	0	0	3
324	179	0.357982304	3.19064757	113179.092	97827.6816	-58863.2772	158494.371	4916.41679	30709.4339	0	0	0	0	3
325	179	0.359642112	3.20049524	114954.832	98371.9416	-58863.2772	158494.371	4916.41679	30709.4339	0	0	0	0	3
326	180	0.360819179	3.21034292	112205.417	98921.0368	-58863.2772	158494.371	4916.41679	30709.4339	0	0	0	0	3
327	180	0.36257744	3.2201906	111804.041	99584.3726	-58863.2772	158494.371	4916.41679	30709.4339	0	0	0	0	3
328	181	0.364104242	3.23003828	108927.716	99935.5857	-58863.2772	158494.371	4916.41679	30709.4339	0	0	0	0	3
329	181	0.365745268	3.23988595	103732.961	100241.359	-58863.2772	158494.371	4916.41679	30709.4339	0	0	0	0	3
330	182	0.367470743	3.24973363	104906.086	100603.596	-58863.2772	158494.371	4916.41679	30709.4339	0	0	0	0	3
331	182	0.368942471	3.25958131	101792.579	100848.081	-58863.2772	158494.371	4916.41679	30709.4339	0	0	0	0	3
332	183	0.370653895	3.26942899	92238.5496	100562.083	-58863.2772	158494.371	4916.41679	30709.4339	0	0	0	0	3
333	183	0.371802014	3.27927667	87695.0203	100655.765	-58863.2772	158494.371	4916.41679	30709.4339	0	0	0	0	3
334	184	0.37237739	3.28912434	89033.4982	100788.434	-58863.2772	158494.371	4916.41679	30709.4339	0	0	0	0	3
335	184	0.372982193	3.29897202	84324.1346	100939.784	-58863.2772	158494.371	4916.41679	30709.4339	0	0	0	0	3
336	185	0.373808318	3.3088197	85575.1884	100795.696	-58863.2772	158494.371	4916.41679	30709.4339	0	0	0	0	3
337	186	0.374946885	3.31866738	83577.4739	100339.389	-58863.2772	158494.371	4916.41679	30709.4339	0	0	0	0	3
338	186	0.376039713	3.32851505	89636.2327	100102.236	-58863.2772	158494.371	4916.41679	30709.4339	0	0	0	0	3
339	187	0.377093582	3.33836273	101279.36	99849.522	-58863.2772	158494.371	4916.41679	30709.4339	0	0	0	0	3
340	187	0.378496643	3.34821041	100492.678	99682.9027	-58863.2772	158494.371	4916.41679	30709.4339	0	0	0	0	3
341	188	0.379879668	3.35805809	113674.552	99830.3146	-58863.2772	158494.371	4916.41679	30709.4339	0	0	0	0	3
342	189	0.381303746	3.36790576	87154.7705	99060.1656	-58863.2772	158494.371	4916.41679	30709.4339	0	0	0	0	3
343	189	0.382772662	3.37775344	91571.0588	98485.147	-58863.2772	158494.371	4916.41679	30709.4339	0	0	0	0	3
344	190	0.383542516	3.38760112	94375.9169	98119.9333	-58863.2772	158494.371	4916.41679	30709.4339	0	0	0	0	3
345	190	0.384671196	3.3974488	105223.754	97981.2084	-58863.2772	158494.371	4916.41679	30709.4339	0	0	0	0	3
346	191	0.385646395	3.40729647	107395.279	97968.852	-58863.2772	158494.371	4916.41679	30709.4339	0	0	0	0	3
347	191	0.386748411	3.41714415	102611.672	97879.1738	-58863.2772	158494.371	4916.41679	30709.4339	0	0	0	0	3
348	192	0.388368868	3.42699183	109122.812	98129.4567	-58863.2772	158494.371	4916.41679	30709.4339	0	0	0	0	3
349	192	0.389816708	3.43683951	113797.468	98787.3891	-58863.2772	158494.371	4916.41679	30709.4339	0	0	0	0	3
350	192	0.390981274	3.44668719	114011.855	99456.8164	-58863.2772	158494.371	4916.41679	30709.4339	0	0	0	0	3
351	193	0.392161423	3.45653486	105334.371	99696.2401	-58863.2772	158494.371	4916.41679	30709.4339	0	0	0	0	3
352	193	0.393471241	3.46638254	107781.02	100005.426	-58863.2772	158494.371	4916.41679	30709.4339	0	0	0	0	3
353	194	0.394932814	3.47623022	108820.799	100458.656	-58863.2772	158494.371	4916.41679	30709.4339	0	0	0	0	3
354	194	0.396529457	3.4860779	103527.055	100926.936	-58863.2772	158494.371	4916.41679	30709.4339	0	0	0	0	3
355	195	0.398118684	3.49592557	103523.63	100534.905	-58863.2772	158494.371	4025.40899	30709.4339	0	0	0	0	3
356	195	0.399854025	3.50577325	102058.778	101144.278	-10775.5352	158494.371	3711.43503	30709.4339	0	0	0	0	3
357	196	0.401466045	3.51562093	96452.9257	101917.088	16923.7303	158494.371	4484.24566	30709.4339	0	0	0	0	3
358	196	0.402733731	3.52546861	85664.581	101537.443	16923.7303	158494.371	4484.24566	30709.4339	0	0	0	0	3
359	197	0.403589908	3.53531628	86372.11	101595.541	16923.7303	158494.371	4484.24566	30709.4339	0	0	0	0	3
360	198	0.404307077	3.54516396	82157.8453	102272.541	44155.0913	158494.371	4839.69854	30709.4339	0	0	0	0	3
361	198	0.405154913	3.55501164	91738.8953	102384.947	44155.0913	158494.371	4952.10422	30709.4339	0	0	0	0	3
362	199	0.406229027	3.56485932	88820.8222	102589.95	82157.8453	158494.371	5157.10709	30709.4339	0	0	0	0	3
363	199	0.407452718	3.574707	98344.1643	102658.057	82157.8453	158494.371	5225.21424	30709.4339	0	0	0	0	3
364	200	0.408933958	3.58455467	97549.3814	102629.976	82157.8453	158494.371	5225.21424	30709.4339	0	0	0	0	3
365	200	0.410495666	3.59440235	97397.8479	102538.993	82157.8453	158494.371	5225.21424	30709.4339	0	0	0	0	3
366	201	0.412090043	3.60425003	99174.8491	101971.551	82157.8453	141876.459	5225.21424	30709.4339	0	0	0	0	3
367	202	0.412956101	3.61409771	82272.0025	101323.093	82157.8453	141876.459	5225.21424	30709.4339	0	0	0	0	3
368	202	0.414381569	3.62394538	95392.0473	100792.564	82157.8453	114954.832	5225.21424	30709.4339	0	0	0	0	3
369	203	0.41615126	3.63379306	97980.6426	100633.386	82157.8453	114954.832	5225.21424	30709.4339	0	0	0	0	3
370	203	0.417309787	3.64364074	105447.931	100655.266	82157.8453	114954.832	5225.21424	30709.4339	0	0	0	0	3
371	203	0.418968974	3.65348842	102904.245	100744.139	82157.8453	114954.832	5225.21424	30709.4339	0	0	0	0	3
372	204	0.420093171	3.66333609	110491.494	100845.578	82157.8453	114954.832	5225.21424	30709.4339	0	0	0	0	3
373	204	0.421894983	3.67318377	110746.437	101062.625	82157.8453	114954.832	5122.19625	30709.4339	0	0	0	0	3
374	205	0.423168389	3.68303145	110816.456	101103.769	82157.8453	114954.832	4830.37521	30709.4339	0	0	0	0	3
375	205	0.424528409	3.69287913	111626.498	101064.413	82157.8453	114954.832	4778.88304	30709.4339	0	0	0	0	3
376	206	0.426087451	3.70272681	109306.597	100910.821	82157.8453	114011.855	4778.88304	30709.4339	0	0	0	0	3
377	206	0.427716925	3.71257448	103952.826	100786.188	82157.8453	114011.855	4778.88304	30709.4339	0	0	0	0	3
378	207	0.429333526	3.72242216	103398.83	100559.263	82157.8453	114011.855	4778.88304	30709.4339	0	0	0	0	3
379	207	0.431044683	3.73226984	102124.676	100408.408	82157.8453	114011.855	4778.88304	30709.4339	0	0	0	0	3
380	208	0.432324714	3.74211752	98955.8429	100298.539	82157.8453	114011.855	4778.88304	30709.4339	0	0	0	0	3
381	208	0.433483148	3.75196519	89045.4783	99980.6268	82157.8453	114011.855	4778.88304	30709.4339	0	0	0	0	3
382	209	0.434536146	3.76181287	87889.5773	99745.8701	82157.8453	114011.855	4778.88304	30709.4339	0	0	0	0	3
383	209	0.435121273	3.77166055	75518.828	99725.2755	75518.828	114011.855	4778.88304	30709.4339	0	0	0	0	3
384	210	0.435624108	3.78150823	102659.786	99964.8124	75518.828	114011.855	4778.88304	30709.4339	0	0	0	0	3
385	211	0.43651098	3.7913559	108700.222	100183.68	75518.828	114011.855	4778.88304	30709.4339	0	0	0	0	3
386	211	0.437551707	3.80120358	65421.9836	99771.9454	65421.9836	114011.855	4778.88304	30709.4339	0	0	0	0	3
387	212	0.438322899	3.81105126	104965.773	100015.824	65421.9836	114011.855	4778.88304	30709.4339	0	0	0	0	3
388	212	0.439539475	3.82089894	97687.628	100261.731	65421.9836	114011.855	4778.88304	30709.4339	0	0	0	0	3
389	213	0.440906809	3.83074661	91091.5876	100247.443	65421.9836	114011.855	4778.88304	30709.4339	0	0	0	0	3
390	213	0.442056519	3.84059429	102171.537	100264.755	65421.9836	114011.855	4778.88304	30709.4339	0	0	0	0	3
391	214	0.443606494	3.85044197	86777.9508	99938.7827	65421.9836	114011.855	4778.88304	30709.4339	0	0	0	0	3
392	215	0.444588057	3.86028965	93761.9801	99551.5094	65421.9836	114011.855	4778.88304	30709.4339	0	0	0	0	3
393	215	0.445952776	3.87013733	101754.775	99871.0928	65421.9836	114011.855	4778.88304	30709.4339	0	0	0	0	3
394	216	0.447302768	3.879985	102502.601	100115.081	65421.9836	114011.855	4778.88304	30709.4339	0	0	0	0	3
395	216	0.448759799	3.88983268	108581.624	100371.981	65421.9836	114011.855	4778.88304	30709.4339	0	0	0	0	3
396	217	0.450134163	3.89968036	105124.458	100388.105	65421.9836	114011.855	4778.88304	30709.4339	0	0	0	0	3
397	217	0.451593601	3.90952804	109064.949	100476.508	65421.9836	114011.855	4778.88304	30709.4339	0	0	0	0	3
398	218	0.453100442	3.91937571	110312.985	100664.43	65421.9836	114011.855	4528.60005	30709.4339	0	0	0	0	3
399	218	0.454528921	3.92922339	108318.223	100622.514	65421.9836	114011.855	3870.66773	30709.4339	0	0	0	0	3
400	218	0.456180457	3.93907107	109536.259	100556.908	65421.9836	114011.855	3201.24034	30709.4339	0	0	0	0	3
401	219	0.457761453	3.94891875	108376.679	100507.4	65421.9836	111626.498	3106.54743	30709.4339	0	0	0	0	3
402	220	0.459401115	3.95876642	103932.905	100506.213	65421.9836	111626.498	3106.54743	30709.4339	0	0	0	0	3
403	220	0.460983884	3.9686141	103539.389	100436.183	65421.9836	111626.498	3106.54743	30709.4339	0	0	0	0	3
404	221	0.462661752	3.97846178	100756.891	100263.19	65421.9836	111626.498	3106.54743	30709.4339	0	0	0	0	3
405	221	0.464218761	3.98830946	95588.2526	100078.669	65421.9836	111626.498	3106.54743	30709.4339	0	0	0	0	3
406	222	0.465374286	3.99815714	84954.2482	99737.4113	65421.9836	111626.498	3106.54743	30709.4339	0	0	0	0	3
407	223	0.466411719	4.00800481	75321.9378	99296.3239	65421.9836	111626.498	3361.73289	30709.4339	0	0	0	0	3
408	223	0.466904533	4.01785249	100108.87	99372.4878	65421.9836	111626.498	3361.73289	30709.4339	0	0	0	0	3
409	224	0.467860435	4.02770017	98571.343	99627.5521	65421.9836	111626.498	3361.73289	30709.4339	0	0	0	0	3
410	224	0.468908125	4.03754785	85537.9657	99575.3077	65421.9836	111626.498	3361.73289	30709.4339	0	0	0	0	3
411	225	0.469913776	4.04739552	95884.2155	99709.125	65421.9836	111626.498	3361.73289	30709.4339	0	0	0	0	3
412	226	0.471393542	4.0572432	99199.6163	99799.7593	65421.9836	111626.498	3361.73289	30709.4339	0	0	0	0	3
413	226	0.472474855	4.06709088	95241.3982	99903.3676	65421.9836	111626.498	3361.73289	30709.4339	0	0	0	0	3
414	227	0.473854094	4.07693856	98577.7124	99904.5662	65421.9836	111626.498	3333.65217	30709.4339	0	0	0	0	3
415	227	0.475594116	4.08678623	93885.3464	99799.7812	65421.9836	111626.498	3242.66946	30709.4339	0	0	0	0	3
416	228	0.476630594	4.09663391	93376.4683	99755.8331	65421.9836	111626.498	2675.22741	30709.4339	0	0	0	0	3
417	228	0.478180976	4.10648159	103016.797	99846.3455	65421.9836	111626.498	2026.76938	30709.4339	0	0	0	0	3
418	229	0.479646151	4.11632927	104144.677	100169.006	65421.9836	111626.498	1807.44475	30709.4339	0	0	0	0	3
419	229	0.481313754	4.12617695	107669.103	100457.605	65421.9836	111626.498	1807.44475	30709.4339	0	0	0	0	3
420	230	0.482629395	4.13602462	107188.266	100656.747	65421.9836	111626.498	1807.44475	30709.4339	0	0	0	0	3
421	230	0.484309556	4.1458723	108179.094	100762.539	65421.9836	111626.498	1807.44475	30709.4339	0	0	0	0	3
422	230	0.485886208	4.15571998	107442.133	100866.816	65421.9836	111626.498	1807.44475	30709.4339	0	0	0	0	3
423	231	0.487385676	4.16556766	110955.735	100930.834	65421.9836	111626.498	1807.44475	30709.4339	0	0	0	0	3
424	231	0.489045333	4.17541533	107860.093	100838.717	65421.9836	111626.498	1807.44475	30709.4339	0	0	0	0	3
425	232	0.490776145	4.18526301	103945.178	100730.313	65421.9836	111626.498	1768.08949	30709.4339	0	0	0	0	3
426	232	0.492401102	4.19511069	103470.952	100577.591	65421.9836	110955.735	1634.51037	30709.4339	0	0	0	0	3
427	233	0.494103072	4.20495837	100923.156	100386.154	65421.9836	110955.735	1634.51037	30709.4339	0	0	0	0	3
428	233	0.495670403	4.21480604	95616.8539	100190.625	65421.9836	110955.735	1634.51037	30709.4339	0	0	0	0	3
429	234	0.496818514	4.22465372	88100.6697	99908.0878	65421.9836	110955.735	1634.51037	30709.4339	0	0	0	0	3
430	235	0.497863285	4.2345014	74029.4874	99446.6871	65421.9836	110955.735	1634.51037	30709.4339	0	0	0	0	3
431	235	0.498343131	4.24434908	104909.046	99495.9066	65421.9836	110955.735	1634.51037	30709.4339	0	0	0	0	3
432	236	0.499155911	4.25419675	105943.535	99760.0439	65421.9836	110955.735	1634.51037	30709.4339	0	0	0	0	3
433	237	0.500198286	4.26404443	71995.0756	99509.6416	65421.9836	110955.735	1634.51037	30709.4339	0	0	0	0	3
434	237	0.500782026	4.27389211	106716.353	99787.5018	65421.9836	110955.735	1634.51037	30709.4339	0	0	0	0	3
435	238	0.501839174	4.28373979	97756.6014	99733.2657	65421.9836	110955.735	1634.51037	30709.4339	0	0	0	0	3
436	238	0.503054274	4.29358747	96382.1675	99552.5644	65421.9836	110955.735	1634.51037	30709.4339	0	0	0	0	3
437	239	0.503906556	4.30343514	100710.779	100102.754	71995.0756	110955.735	1634.51037	30709.4339	0	0	0	0	3
438	239	0.505194405	4.31328282	123970.591	100506.332	71995.0756	123970.591	1634.51037	30709.4339	0	0	0	0	3
439	240	0.505761185	4.3231305	78667.1057	100371.197	71995.0756	123970.591	1634.51037	30709.4339	0	0	0	0	3
440	240	0.506505098	4.33297818	73553.239	100260.494	71995.0756	123970.591	1634.51037	30709.4339	0	0	0	0	3
441	241	0.507826923	4.34282585	79692.3528	99813.7184	71995.0756	123970.591	1634.51037	30709.4339	0	0	0	0	3
442	241	0.508873765	4.35267353	95640.8401	100056.363	71995.0756	123970.591	1634.51037	30709.4339	0	0	0	0	3
443	242	0.509836419	4.36252121	105415.364	100230.118	71995.0756	123970.591	1634.51037	30709.4339	0	0	0	0	3
444	242	0.510726445	4.37236889	108938.171	100317.648	71995.0756	123970.591	1634.51037	30709.4339	0	0	0	0	3
445	243	0.512363627	4.38221656	107716.773	100458.502	71995.0756	123970.591	1634.51037	30709.4339	0	0	0	0	3
446	243	0.513786718	4.39206424	105077.128	100377.567	71995.0756	123970.591	1634.51037	30709.4339	0	0	0	0	3
447	244	0.515282997	4.40191192	109301.984	100482.396	71995.0756	123970.591	1634.51037	30709.4339	0	0	0	0	3
448	244	0.516659894	4.4117596	113479.078	100564.918	71995.0756	123970.591	1634.51037	30709.4339	0	0	0	0	3
449	245	0.517862633	4.42160728	108710.377	100489.381	71995.0756	123970.591	1634.51037	30709.4339	0	0	0	0	3
450	245	0.519220163	4.43145495	104621.43	100403.218	71995.0756	123970.591	1634.51037	30709.4339	0	0	0	0	3
451	246	0.520606563	4.44130263	104838.69	100264.545	71995.0756	123970.591	1634.51037	30709.4339	0	0	0	0	3
452	246	0.522144442	4.45115031	101294.466	100089.943	71995.0756	123970.591	1634.51037	30709.4339	0	0	0	0	3
453	246	0.523596637	4.46099799	101192.759	100016.735	71995.0756	123970.591	1634.51037	30709.4339	0	0	0	0	3
454	247	0.525149841	4.47084566	99903.2501	99927.0953	71995.0756	123970.591	1634.51037	30709.4339	0	0	0	0	3
455	247	0.526651075	4.48069334	98743.7957	99877.5761	71995.0756	123970.591	1634.51037	30709.4339	0	0	0	0	3
456	248	0.527766626	4.49054102	87949.0823	99773.2716	71995.0756	123970.591	1634.51037	30709.4339	0	0	0	0	3
457	249	0.528682412	4.5003887	86309.5335	99848.9942	71995.0756	123970.591	1634.51037	30709.4339	0	0	0	0	3
458	249	0.529292003	4.51023637	86675.8179	100125.948	71995.0756	123970.591	1558.34649	30709.4339	0	0	0	0	3
459	250	0.5298079	4.52008405	95692.7447	100089.723	71995.0756	123970.591	1484.14716	30709.4339	0	0	0	0	3
460	250	0.530713252	4.52993173	100816.72	100123.287	71995.0756	123970.591	1484.14716	30709.4339	0	0	0	0	3
461	251	0.53168736	4.53977941	92169.3284	100243.277	71995.0756	123970.591	1484.14716	30709.4339	0	0	0	0	3
462	252	0.532645636	4.54962709	103066.277	100356.281	71995.0756	123970.591	1484.14716	30709.4339	0	0	0	0	3
463	252	0.534038212	4.55947476	102654.918	100434.701	71995.0756	123970.591	1484.14716	30709.4339	0	0	0	0	3
464	253	0.535424562	4.56932244	95205.8795	100408.753	71995.0756	123970.591	1484.14716	30709.4339	0	0	0	0	3
465	254	0.536969678	4.57917012	97096.124	100367.671	71995.0756	123970.591	1484.14716	30709.4339	0	0	0	0	3
466	254	0.538757625	4.5890178	90860.1954	100277.121	71995.0756	123970.591	1484.14716	30709.4339	0	0	0	0	3
467	255	0.539740353	4.59886547	91288.1796	100250.479	71995.0756	123970.591	1484.14716	30709.4339	0	0	0	0	3
468	255	0.541329417	4.60871315	99273.1558	100157.969	71995.0756	123970.591	1484.14716	30709.4339	0	0	0	0	3
469	256	0.54287956	4.61856083	105832.527	100204.703	71995.0756	123970.591	1484.14716	30709.4339	0	0	0	0	3
470	256	0.544321384	4.62840851	104014.217	100094.32	71995.0756	123970.591	1484.14716	30709.4339	0	0	0	0	3
471	257	0.545950691	4.63825618	106294.878	100106.472	71995.0756	123970.591	1484.14716	30709.4339	0	0	0	0	3
472	257	0.547219307	4.64810386	110058.928	100091.571	71995.0756	123970.591	1484.14716	30709.4339	0	0	0	0	3
473	257	0.548674512	4.65795154	106967.577	100066.354	71995.0756	123970.591	1484.14716	30709.4339	0	0	0	0	3
474	258	0.550109694	4.66779922	109206.473	100015.169	71995.0756	123970.591	1392.03031	30709.4339	0	0	0	0	3
475	258	0.55175374	4.67764689	107845.381	100012.83	71995.0756	123970.591	1283.62544	30709.4339	0	0	0	0	3
476	259	0.553402585	4.68749457	103751.316	100002.58	71995.0756	123970.591	1130.90399	30709.4339	0	0	0	0	3
477	259	0.555025066	4.69734225	103153.045	99994.2062	71995.0756	123970.591	1118.23063	30709.4339	0	0	0	0	3
478	260	0.556713693	4.70718993	101141.431	99999.8951	71995.0756	123970.591	1118.23063	30709.4339	0	0	0	0	3
479	260	0.558302349	4.71703761	96590.0573	100023.088	71995.0756	123970.591	1118.23063	30709.4339	0	0	0	0	3
480	261	0.55945108	4.72688528	87640.6402	100014.533	71995.0756	123970.591	1118.23063	30709.4339	0	0	0	0	3
481	262	0.560723018	4.73673296	74386.3278	99927.8465	71995.0756	123970.591	1069.0112	30709.4339	0	0	0	0	3
482	262	0.561060392	4.74658064	106659.772	99925.9486	71995.0756	123970.591	1055.2761	30709.4339	0	0	0	0	3
483	263	0.561704441	4.75642832	95947.558	99806.7891	71995.0756	123970.591	1055.2761	30709.4339	0	0	0	0	3
484	263	0.562830751	4.76627599	78644.0737	99889.0866	73553.239	123970.591	1012.35336	30709.4339	0	0	0	0	3
485	264	0.56358858	4.77612367	97184.2377	99792.9954	73553.239	123970.591	1012.35336	30709.4339	0	0	0	0	3
486	264	0.564588388	4.78597135	97557.047	99791.6767	73553.239	123970.591	1012.35336	30709.4339	0	0	0	0	3
487	265	0.565920651	4.79581903	96054.0376	99778.3687	73553.239	123970.591	791.646152	30709.4339	0	0	0	0	3
488	266	0.566773653	4.8056667	94052.4613	99688.037	73553.239	123970.591	876.880737	30709.4339	0	0	0	0	3
489	266	0.567734001	4.81551438	99803.1447	99189.7651	73553.239	113479.078	1375.15262	30709.4339	0	0	0	0	3
490	267	0.569038592	4.82536206	80910.1995	98996.7179	73553.239	113479.078	1568.19986	30709.4339	0	0	0	0	3
491	267	0.57036616	4.83520974	87751.1978	99059.3309	74386.3278	113479.078	1568.19986	30709.4339	0	0	0	0	3
492	267	0.571510819	4.84505742	102630.388	99525.4992	74386.3278	113479.078	1568.19986	30709.4339	0	0	0	0	3
493	268	0.572273024	4.85490509	106378.074	99672.0259	74386.3278	113479.078	1568.19986	30709.4339	0	0	0	0	3
494	268	0.573672144	4.86475277	109783.22	99807.0275	74386.3278	113479.078	1568.19986	30709.4339	0	0	0	0	3
495	269	0.575143483	4.87460045	108593.851	99881.5643	74386.3278	113479.078	1568.19986	30709.4339	0	0	0	0	3
496	269	0.576587669	4.88444813	107642.4	99856.3467	74386.3278	113479.078	1568.19986	30709.4339	0	0	0	0	3
497	270	0.578210735	4.8942958	111411.7	100032.142	74386.3278	113479.078	1568.19986	30709.4339	0	0	0	0	3
498	270	0.579476495	4.90414348	108858.063	99990.1011	74386.3278	113479.078	1568.19986	30709.4339	0	0	0	0	3
499	271	0.58097718	4.91399116	108346.102	99896.2973	74386.3278	111411.7	1492.66292	30709.4339	0	0	0	0	3
500	271	0.582327371	4.92383884	108470.251	99911.4287	74386.3278	111411.7	1437.98308	30709.4339	0	0	0	0	3
501	272	0.583758262	4.93368651	107228.149	99974.5768	74386.3278	111411.7	1437.98308	30709.4339	0	0	0	0	3
502	272	0.585315048	4.94353419	103664.524	99959.136	74386.3278	111411.7	1437.98308	30709.4339	0	0	0	0	3
503	273	0.586914507	4.95338187	102620.398	99993.1487	74386.3278	111411.7	1437.98308	30709.4339	0	0	0	0	3
504	273	0.58861391	4.96322955	102427.141	100029.974	74386.3278	111411.7	1437.98308	30709.4339	0	0	0	0	3
505	274	0.590203302	4.97307722	92298.8896	99844.1129	74386.3278	111411.7	1437.98308	30709.4339	0	0	0	0	3
506	275	0.591479158	4.9829249	85295.8379	99583.2743	74386.3278	111411.7	1437.98308	30709.4339	0	0	0	0	3
507	275	0.59210839	4.99277258	83244.8551	99625.2047	74386.3278	111411.7	1437.98308	30709.4339	0	0	0	0	3
508	276	0.592621254	5.00262026	88657.5728	99727.9498	74386.3278	111411.7	1437.98308	30709.4339	0	0	0	0	3
509	276	0.593492463	5.01246794	101166.105	99871.3972	74386.3278	111411.7	1437.98308	30709.4339	0	0	0	0	3
510	277	0.594452408	5.02231561	88149.3414	99730.6773	74386.3278	111411.7	1437.98308	30709.4339	0	0	0	0	3
511	277	0.59541151	5.03216329	104276.913	99782.8744	74386.3278	111411.7	1437.98308	30709.4339	0	0	0	0	3
512	278	0.596727671	5.04201097	116712.97	100239.501	74386.3278	116712.97	1437.98308	30709.4339	0	0	0	0	3
513	278	0.59689842	5.05185865	-22685.6389	99870.6741	-22685.6389	116712.97	1437.98308	30709.4339	0	0	0	0	3
514	279	0.597405971	5.06170632	35416.9963	99293.2386	-22685.6389	116712.97	1412.03548	30709.4339	0	0	0	0	3
515	279	0.5981943	5.071554	50251.2051	98767.5908	-22685.6389	116712.97	1600.07993	30709.4339	0	0	0	0	3
516	280	0.598517714	5.08140168	27196.9029	98433.472	-22685.6389	116712.97	1843.64854	30709.4339	0	0	0	0	3
517	280	0.598896752	5.09124936	89044.2595	98599.4496	-22685.6389	116712.97	1817.00736	30709.4339	0	0	0	0	3
518	281	0.599374291	5.10109703	107794.76	98793.5693	-22685.6389	116712.97	1806.029	30709.4339	0	0	0	0	3
519	281	0.599945298	5.11094471	106835.744	98858.9107	-22685.6389	116712.97	1806.029	30709.4339	0	0	0	0	3
520	282	0.600794807	5.12079239	112604.392	98873.8774	-22685.6389	116712.97	1806.029	30709.4339	0	0	0	0	3
521	282	0.601678255	5.13064007	118912.137	99053.3033	-22685.6389	118912.137	1806.029	30709.4339	0	0	0	0	3
522	283	0.602771821	5.14048775	114286.354	99138.8275	-22685.6389	118912.137	1806.029	30709.4339	0	0	0	0	3
523	284	0.603583355	5.15033542	115544.555	99129.2542	-22685.6389	118912.137	1806.029	30709.4339	0	0	0	0	3
524	284	0.604529626	5.1601831	103571.772	99000.3038	-22685.6389	118912.137	1806.029	30709.4339	0	0	0	0	3
525	285	0.606009176	5.17003078	103561.59	98858.9954	-22685.6389	118912.137	1806.029	30709.4339	0	0	0	0	3
526	285	0.607208009	5.17987846	99491.4456	98606.2498	-22685.6389	118912.137	1806.029	30709.4339	0	0	0	0	3
527	286	0.60854835	5.18972613	101773.532	98529.3957	-22685.6389	118912.137	1806.029	30709.4339	0	0	0	0	3
528	286	0.610130266	5.19957381	105662.628	98598.0351	-22685.6389	118912.137	1806.029	30709.4339	0	0	0	0	3
529	286	0.611460789	5.20942149	108502.045	98760.2841	-22685.6389	118912.137	1806.029	30709.4339	0	0	0	0	3
530	287	0.613111019	5.21926917	110709.904	99182.9796	-22685.6389	118912.137	1806.029	30709.4339	0	0	0	0	3
531	287	0.614719516	5.22911684	108086.293	99681.9983	-22685.6389	118912.137	1806.029	30709.4339	0	0	0	0	3
532	288	0.616337746	5.23896452	103595.989	100374.41	-22685.6389	118912.137	1940.93775	30709.4339	0	0	0	0	3
533	288	0.618000224	5.2488122	103738.725	100435.397	-22685.6389	118912.137	2001.92467	30709.4339	0	0	0	0	3
534	289	0.619742496	5.25865988	102099.441	100535.152	-22685.6389	118912.137	2101.68	30709.4339	0	0	0	0	3
535	289	0.621406125	5.26850756	95083.479	100801.246	-22685.6389	118912.137	2367.77405	30709.4339	0	0	0	0	3
536	290	0.622657682	5.27835523	87811.2834	100572.419	-22685.6389	118912.137	2367.77405	30709.4339	0	0	0	0	3
537	290	0.623590956	5.28820291	79567.5924	100291.271	-22685.6389	118912.137	2367.77405	30709.4339	0	0	0	0	3
538	291	0.624130237	5.29805059	89715.1664	100290.268	-22685.6389	118912.137	2367.77405	30709.4339	0	0	0	0	3
539	291	0.625136757	5.30789827	86352.148	100141.062	-22685.6389	118912.137	2367.77405	30709.4339	0	0	0	0	3
540	292	0.626072358	5.31774594	83190.1763	99874.7747	-22685.6389	118912.137	2367.77405	30709.4339	0	0	0	0	3
541	293	0.627216417	5.32759362	125226.828	100798.585	-22685.6389	125226.828	2367.77405	30709.4339	0	0	0	0	3
542	293	0.627405876	5.3374413	-11710.8553	100728.553	-22685.6389	125226.828	2367.77405	30709.4339	0	0	0	0	3
543	294	0.627802594	5.34728898	75816.599	100514.312	-22685.6389	125226.828	2367.77405	30709.4339	0	0	0	0	3
544	294	0.62842842	5.35713665	116677.871	100614.858	-22685.6389	125226.828	2367.77405	30709.4339	0	0	0	0	3
545	295	0.62900804	5.36698433	88014.837	100251.064	-22685.6389	125226.828	2367.77405	30709.4339	0	0	0	0	3
546	295	0.629770261	5.37683201	99395.1931	100014.414	-22685.6389	125226.828	2367.77405	30709.4339	0	0	0	0	3
547	296	0.630439412	5.38667969	76828.4379	99521.7437	-22685.6389	125226.828	2367.77405	30709.4339	0	0	0	0	3
548	296	0.631380296	5.39652736	97716.3126	99126.8394	-22685.6389	125226.828	2367.77405	30709.4339	0	0	0	0	3
549	297	0.63236574	5.40637504	94107.3678	98800.4254	-22685.6389	125226.828	2367.77405	30709.4339	0	0	0	0	3
550	298	0.633429871	5.41622272	97336.308	98497.6178	-22685.6389	125226.828	2367.77405	30709.4339	0	0	0	0	3
551	298	0.634103666	5.4260704	87565.7255	98095.2944	-22685.6389	125226.828	2705.95161	30709.4339	0	0	0	0	3
552	299	0.63558409	5.43591808	96509.6569	97797.8456	-22685.6389	125226.828	3003.40045	30709.4339	0	0	0	0	3
553	299	0.636702931	5.44576575	101176.94	97693.6869	-22685.6389	125226.828	3107.55911	30709.4339	0	0	0	0	3
554	300	0.637761121	5.45561343	99548.0467	97577.3014	-22685.6389	125226.828	3223.9446	30709.4339	0	0	0	0	3
555	300	0.639374546	5.46546111	106244.693	97690.4276	-22685.6389	125226.828	3223.9446	30709.4339	0	0	0	0	3
556	300	0.640460191	5.47530879	111557.258	98160.4869	-22685.6389	125226.828	3223.9446	30709.4339	0	0	0	0	3
557	301	0.642152978	5.48515646	116988.126	99113.3384	-22685.6389	125226.828	3223.9446	30709.4339	0	0	0	0	3
558	301	0.643203697	5.49500414	106699.062	99464.7488	-22685.6389	125226.828	3223.9446	30709.4339	0	0	0	0	3
559	302	0.644567873	5.50485182	108813.79	99816.9633	-22685.6389	125226.828	3223.9446	30709.4339	0	0	0	0	3
560	302	0.646107499	5.5146995	110838.421	100117.135	-22685.6389	125226.828	3223.9446	30709.4339	0	0	0	0	3
561	302	0.647718581	5.52454717	104424.01	100463.079	-22685.6389	125226.828	3223.9446	30709.4339	0	0	0	0	3
562	303	0.649268274	5.53439485	104071.623	100498.995	-22685.6389	125226.828	3223.9446	30709.4339	0	0	0	0	3
563	303	0.650981987	5.54424253	101944.187	100151.307	-22685.6389	125226.828	3223.9446	30709.4339	0	0	0	0	3
564	304	0.652570066	5.55409021	97432.3875	100450.497	-11710.8553	125226.828	3223.9446	30709.4339	0	0	0	0	3
565	305	0.653880571	5.56393789	83177.32	100634.141	-11710.8553	125226.828	3223.9446	30709.4339	0	0	0	0	3
566	305	0.654479667	5.57378556	101735.199	101351.521	-11710.8553	125226.828	3774.21987	30709.4339	0	0	0	0	3
567	306	0.655286929	5.58363324	68536.6674	101307.35	-11710.8553	125226.828	3774.21987	30709.4339	0	0	0	0	3
568	306	0.655740742	5.59348092	95198.829	101340.354	-11710.8553	125226.828	3774.21987	30709.4339	0	0	0	0	3
569	307	0.656599418	5.6033286	114337.753	101481.521	-11710.8553	125226.828	3904.21967	30709.4339	0	0	0	0	3
570	307	0.657650316	5.61317627	96038.164	101329.408	-11710.8553	125226.828	3904.21967	30709.4339	0	0	0	0	3
571	308	0.658500537	5.62302395	110507.515	101298.652	-11710.8553	125226.828	3904.21967	30709.4339	0	0	0	0	3
572	308	0.659968766	5.63287163	104133.899	101103.117	-11710.8553	125226.828	3904.21967	30709.4339	0	0	0	0	3
573	309	0.661209799	5.64271931	89863.8407	100617.73	-11710.8553	125226.828	3904.21967	30709.4339	0	0	0	0	3
574	310	0.662654609	5.65256698	87827.773	100099.836	-11710.8553	125226.828	3904.21967	30709.4339	0	0	0	0	3
575	310	0.664384446	5.66241466	86295.5459	99645.9948	-11710.8553	125226.828	3904.21967	30709.4339	0	0	0	0	3
576	311	0.665439354	5.67226234	95128.9325	99468.3341	-11710.8553	125226.828	3904.21967	30709.4339	0	0	0	0	3
577	311	0.666184295	5.68211002	101936.121	99499.0354	-11710.8553	125226.828	3904.21967	30709.4339	0	0	0	0	3
578	312	0.667415177	5.6919577	106509.821	99593.84	-11710.8553	125226.828	3904.21967	30709.4339	0	0	0	0	3
579	312	0.668911574	5.70180537	109225.656	99675.7149	-11710.8553	125226.828	3904.21967	30709.4339	0	0	0	0	3
580	312	0.670298515	5.71165305	107698.666	99665.2407	-11710.8553	125226.828	3904.21967	30709.4339	0	0	0	0	3
581	313	0.671708088	5.72150073	108051.853	99555.94	-11710.8553	125226.828	3904.21967	30709.4339	0	0	0	0	3
582	313	0.673441407	5.73134841	109934.919	99628.6393	-11710.8553	125226.828	3904.21967	30709.4339	0	0	0	0	3
583	314	0.674661989	5.74119608	107622.188	99685.8488	-11710.8553	125226.828	3904.21967	30709.4339	0	0	0	0	3
584	314	0.676120293	5.75104376	107371.925	99762.7725	-11710.8553	125226.828	3904.21967	30709.4339	0	0	0	0	3
585	314	0.677704299	5.76089144	106358.683	99872.7907	-11710.8553	125226.828	3904.21967	30709.4339	0	0	0	0	3
586	315	0.679362099	5.77073912	102665.601	100090.155	-11710.8553	125226.828	3904.21967	30709.4339	0	0	0	0	3
587	315	0.680955745	5.78058679	102322.513	100414.785	-11710.8553	125226.828	3904.21967	30709.4339	0	0	0	0	3
588	316	0.682647975	5.79043447	101422.582	100773.109	-11710.8553	125226.828	3904.21967	30709.4339	0	0	0	0	3
589	316	0.684167017	5.80028215	95492.0607	100738.817	-11710.8553	125226.828	3904.21967	30709.4339	0	0	0	0	3
590	317	0.685338465	5.81012983	89477.7557	100760.224	-11710.8553	125226.828	3904.21967	30709.4339	0	0	0	0	3
591	318	0.686633903	5.8199775	86539.1237	100727.464	-11710.8553	125226.828	3904.21967	30709.4339	0	0	0	0	3
592	318	0.687169314	5.82982518	90670.1433	100170.134	-11710.8553	116988.126	3904.21967	30709.4339	0	0	0	0	3
593	319	0.688006833	5.83967286	109595.5	100650.172	68536.6674	116988.126	3904.21967	30709.4339	0	0	0	0	3
594	319	0.689153129	5.84952054	97043.8177	100743.374	68536.6674	116988.126	3904.21967	30709.4339	0	0	0	0	3
595	320	0.690174577	5.85936822	96075.5366	100504.652	68536.6674	116988.126	3904.21967	30709.4339	0	0	0	0	3
596	320	0.691578585	5.86921589	96309.6502	100526.22	68536.6674	116988.126	3904.21967	30709.4339	0	0	0	0	3
597	321	0.693127823	5.87906357	97780.1129	100472.678	68536.6674	116988.126	3904.21967	30709.4339	0	0	0	0	3
598	322	0.694431863	5.88891125	107478.71	100862.688	68536.6674	116988.126	3904.21967	30709.4339	0	0	0	0	3
599	322	0.695407325	5.89875893	81536.3936	100614.486	68536.6674	116988.126	3904.21967	30709.4339	0	0	0	0	3
600	323	0.696642079	5.9086066	93418.9441	100576.022	68536.6674	116988.126	3904.21967	30709.4339	0	0	0	0	3
601	324	0.698630891	5.91845428	96622.8181	100508.313	68536.6674	116988.126	3904.21967	30709.4339	0	0	0	0	3
602	324	0.699937092	5.92830196	99714.547	100625.029	68536.6674	116988.126	3904.21967	30709.4339	0	0	0	0	3
603	324	0.701082969	5.93814964	99723.3053	100702.27	68536.6674	116988.126	3904.21967	30709.4339	0	0	0	0	3
604	325	0.702574103	5.94799731	106911.423	100834.765	68536.6674	116988.126	3904.21967	30709.4339	0	0	0	0	3
605	325	0.704142914	5.95784499	110231.093	101077.342	68536.6674	116988.126	3791.09349	30709.4339	0	0	0	0	3
606	326	0.705549667	5.96769267	112441.537	101192.936	68536.6674	116988.126	3321.03422	30709.4339	0	0	0	0	3
607	326	0.706992232	5.97754035	110857.191	101233.358	68536.6674	116988.126	2368.18266	30709.4339	0	0	0	0	3
608	327	0.708534394	5.98738803	107452.884	100976.088	68536.6674	114337.753	2016.77233	30709.4339	0	0	0	0	3
609	327	0.710090358	5.9972357	104188.784	100960.922	68536.6674	114337.753	2013.187	30709.4339	0	0	0	0	3
610	327	0.711678707	6.00708338	102635.313	100840.924	68536.6674	114337.753	2013.187	30709.4339	0	0	0	0	3
611	328	0.71338405	6.01693106	101308.951	100623.994	68536.6674	114337.753	2013.187	30709.4339	0	0	0	0	3
612	328	0.714968002	6.02677874	98917.0672	100492.754	68536.6674	114337.753	2013.187	30709.4339	0	0	0	0	3
613	329	0.716042738	6.03662641	90273.4307	100245.216	68536.6674	114337.753	2013.187	30709.4339	0	0	0	0	3
614	330	0.717511175	6.04647409	84194.4027	99847.1781	68536.6674	114337.753	2013.187	30709.4339	0	0	0	0	3
615	330	0.717989731	6.05632177	78763.123	99751.5641	68536.6674	114337.753	2013.187	30709.4339	0	0	0	0	3
616	331	0.718472946	6.06616945	105355.905	100129.762	68536.6674	114337.753	2013.187	30709.4339	0	0	0	0	3
617	331	0.71953361	6.07601712	84939.1161	99867.3035	68536.6674	114337.753	2013.187	30709.4339	0	0	0	0	3
618	332	0.720494423	6.0858648	89827.6243	100107.242	78763.123	114337.753	2013.187	30709.4339	0	0	0	0	3
619	332	0.721571271	6.09571248	95089.1595	100058.994	78763.123	114337.753	2013.187	30709.4339	0	0	0	0	3
620	333	0.722655372	6.10556016	97754.8255	99835.5653	78763.123	112441.537	1861.07357	30709.4339	0	0	0	0	3
621	333	0.724085384	6.11540784	99705.7074	99892.839	78763.123	112441.537	1830.31811	30709.4339	0	0	0	0	3
622	334	0.725235897	6.12525551	105650.668	99856.8705	78763.123	112441.537	1765.02385	30709.4339	0	0	0	0	3
623	334	0.726755101	6.13510319	88967.9478	99515.1516	78763.123	112441.537	1765.02385	30709.4339	0	0	0	0	3
624	335	0.728347177	6.14495087	94699.9846	99579.3704	78763.123	112441.537	1765.02385	30709.4339	0	0	0	0	3
625	335	0.729887926	6.15479855	98151.9202	99799.1942	78763.123	112441.537	1765.02385	30709.4339	0	0	0	0	3
626	336	0.731292221	6.16464622	105802.759	100274.324	78763.123	112441.537	1765.02385	30709.4339	0	0	0	0	3
627	336	0.732886419	6.1744939	103701.541	100435.807	78763.123	112441.537	1734.32254	30709.4339	0	0	0	0	3
628	337	0.734077927	6.18434158	107716.748	100547.124	78763.123	112441.537	1718.20633	30709.4339	0	0	0	0	3
629	337	0.735678613	6.19418926	109548.252	100650.672	78763.123	112441.537	1718.20633	30709.4339	0	0	0	0	3
630	337	0.73722628	6.20403693	108478.944	100640.191	78763.123	112441.537	1718.20633	30709.4339	0	0	0	0	3
631	338	0.738609858	6.21388461	111865.954	100724.248	78763.123	112441.537	1718.20633	30709.4339	0	0	0	0	3
632	338	0.740217647	6.22373229	108795.418	100762.899	78763.123	112441.537	1718.20633	30709.4339	0	0	0	0	3
633	339	0.741885218	6.23357997	103807.602	100604.801	78763.123	112441.537	1718.20633	30709.4339	0	0	0	0	3
634	339	0.743518555	6.24342764	103292.908	100544.172	78763.123	112441.537	1718.20633	30709.4339	0	0	0	0	3
635	340	0.745231387	6.25327532	101281.076	100418.364	78763.123	112441.537	1718.20633	30709.4339	0	0	0	0	3
636	340	0.746748514	6.263123	98767.9811	100245.817	78763.123	112441.537	1718.20633	30709.4339	0	0	0	0	3
637	341	0.747910651	6.27297068	87747.6223	99975.4086	78763.123	112441.537	1718.20633	30709.4339	0	0	0	0	3
638	341	0.749162771	6.28281836	80283.6651	99559.0752	78763.123	112441.537	1718.20633	30709.4339	0	0	0	0	3
639	342	0.749644306	6.29266603	106247.29	99560.0772	78763.123	112441.537	1718.20633	30709.4339	0	0	0	0	3
640	343	0.750609231	6.30251371	103699.643	99713.2006	78763.123	112441.537	1718.20633	30709.4339	0	0	0	0	3
641	343	0.751696384	6.31236139	88653.0493	99712.6914	78763.123	112441.537	1718.20633	30709.4339	0	0	0	0	3
642	344	0.752725177	6.32220907	98527.987	99952.4617	78763.123	112441.537	1718.20633	30709.4339	0	0	0	0	3
643	344	0.754102141	6.33205674	98143.176	99989.4919	78763.123	112441.537	1718.20633	30709.4339	0	0	0	0	3
644	345	0.755078896	6.34190442	92680.7207	99763.1071	78763.123	112441.537	1718.20633	30709.4339	0	0	0	0	3
645	346	0.756678812	6.3517521	103040.438	99886.9202	78763.123	112441.537	1718.20633	30709.4339	0	0	0	0	3
646	346	0.75792446	6.36159978	84589.9614	99663.134	78763.123	112441.537	1718.20633	30709.4339	0	0	0	0	3
647	346	0.759337346	6.37144745	88785.069	99505.7941	78763.123	112441.537	1727.56383	30709.4339	0	0	0	0	3
648	347	0.760688742	6.38129513	94711.3232	99449.4637	78763.123	112441.537	1783.89426	30709.4339	0	0	0	0	3
649	347	0.76168756	6.39114281	98062.2244	99273.1804	78763.123	112441.537	1960.17757	30709.4339	0	0	0	0	3
650	348	0.76344441	6.40099049	102136.5	99601.4129	78763.123	112441.537	1960.17757	30709.4339	0	0	0	0	3
651	348	0.76462516	6.41083817	107039.336	99842.8871	78763.123	112441.537	1960.17757	30709.4339	0	0	0	0	3
652	349	0.766040165	6.42068584	108689.493	100123.592	78763.123	112441.537	1960.17757	30709.4339	0	0	0	0	3
653	349	0.767940215	6.43053352	110727.658	100427.733	78763.123	112441.537	1960.17757	30709.4339	0	0	0	0	3
654	350	0.769208175	6.4403812	112537.744	100664.976	78763.123	112537.744	1960.17757	30709.4339	0	0	0	0	3
655	350	0.770569456	6.45022888	109080.89	100696.48	78763.123	112537.744	1960.17757	30709.4339	0	0	0	0	3
656	350	0.772018269	6.46007655	107713.843	100625.892	78763.123	112537.744	1960.17757	30709.4339	0	0	0	0	3
657	351	0.773604818	6.46992423	103445.731	100447.391	78763.123	112537.744	1960.17757	30709.4339	0	0	0	0	3
658	351	0.775137991	6.47977191	103119.657	100287.15	78763.123	112537.744	1702.90745	30709.4339	0	0	0	0	3
659	352	0.776780696	6.48961959	101157.307	100146.171	78763.123	112537.744	1687.74152	30709.4339	0	0	0	0	3
660	352	0.778323743	6.49946726	96397.6481	99969.2149	78763.123	112537.744	1567.74334	30709.4339	0	0	0	0	3
661	353	0.779453739	6.50931494	85894.8708	99672.0753	78763.123	112537.744	1489.71831	30709.4339	0	0	0	0	3
662	354	0.780387383	6.51916262	86320.2364	99444.3656	78763.123	112537.744	1489.71831	30709.4339	0	0	0	0	3
663	354	0.780889584	6.5290103	83028.6212	99331.9778	78763.123	112537.744	1489.71831	30709.4339	0	0	0	0	3
664	355	0.78141765	6.53885798	91246.9155	99415.5895	78763.123	112537.744	1489.71831	30709.4339	0	0	0	0	3
665	355	0.782335945	6.54870565	93879.2706	99681.9594	78763.123	112537.744	1489.71831	30709.4339	0	0	0	0	3
666	356	0.783520955	6.55855333	90286.3294	99664.8215	80283.6651	112537.744	1489.71831	30709.4339	0	0	0	0	3
667	356	0.784585688	6.56840101	94899.1318	99546.4751	80283.6651	112537.744	1489.71831	30709.4339	0	0	0	0	3
668	357	0.785659492	6.57824869	91788.3685	99654.7961	80283.6651	112537.744	1489.71831	30709.4339	0	0	0	0	3
669	357	0.786437034	6.58809636	80273.1991	99569.45	80273.1991	112537.744	1489.71831	30709.4339	0	0	0	0	3
670	358	0.787744741	6.59794404	94750.4108	99547.1253	80273.1991	112537.744	1489.71831	30709.4339	0	0	0	0	3
671	358	0.789205704	6.60779172	86654.4833	99293.2929	80273.1991	112537.744	1489.71831	30709.4339	0	0	0	0	3
672	359	0.790318798	6.6176394	82448.0292	99001.2934	80273.1991	112537.744	1761.60531	30709.4339	0	0	0	0	3
673	359	0.791517699	6.62748707	99189.849	98889.2847	80273.1991	112537.744	1873.61397	30709.4339	0	0	0	0	3
674	360	0.792434772	6.63733475	111164.486	99290.1666	80273.1991	112537.744	1873.61397	30709.4339	0	0	0	0	3
675	360	0.793626698	6.64718243	108208.691	99564.9563	80273.1991	112537.744	1873.61397	30709.4339	0	0	0	0	3
676	361	0.794843237	6.65703011	109979.016	99793.5171	80273.1991	112537.744	1873.61397	30709.4339	0	0	0	0	3
677	361	0.79640848	6.66687778	108291.705	99868.1986	80273.1991	112537.744	1873.61397	30709.4339	0	0	0	0	3
678	362	0.797855983	6.67672546	111275.18	100028.282	80273.1991	112537.744	1873.61397	30709.4339	0	0	0	0	3
679	362	0.79859434	6.68657314	114389.241	100050.643	80273.1991	114389.241	1873.61397	30709.4339	0	0	0	0	3
680	362	0.799984962	6.69642082	111225.216	100055.882	80273.1991	114389.241	1873.61397	30709.4339	0	0	0	0	3
681	363	0.801290655	6.7062685	109232.509	100039.426	80273.1991	114389.241	1873.61397	30709.4339	0	0	0	0	3
682	363	0.80282166	6.71611617	109105.058	100000.751	80273.1991	114389.241	1873.61397	30709.4339	0	0	0	0	3
683	364	0.804425434	6.72596385	104576.745	99894.8277	80273.1991	114389.241	1807.19488	30709.4339	0	0	0	0	3
684	364	0.806027388	6.73581153	103165.445	99874.787	80273.1991	114389.241	1807.19488	30709.4339	0	0	0	0	3
685	365	0.807671441	6.74565921	102308.615	99850.1334	80273.1991	114389.241	1807.19488	30709.4339	0	0	0	0	3
686	365	0.809340781	6.75550688	98662.4861	99780.9774	80273.1991	114389.241	1807.19488	30709.4339	0	0	0	0	3
687	366	0.810499195	6.76535456	89596.0266	99620.0137	80273.1991	114389.241	1807.19488	30709.4339	0	0	0	0	3
688	366	0.811312995	6.77520224	90115.3139	99715.6321	80273.1991	114389.241	1807.19488	30709.4339	0	0	0	0	3
689	367	0.812002606	6.78504992	79351.2331	99879.3437	79351.2331	114389.241	1807.19488	30709.4339	0	0	0	0	3
690	368	0.812531656	6.79489759	95183.9781	99791.0831	79351.2331	114389.241	1807.19488	30709.4339	0	0	0	0	3
691	368	0.813328273	6.80474527	98387.6411	99713.1248	79351.2331	114389.241	1807.19488	30709.4339	0	0	0	0	3
692	369	0.814338918	6.81459295	88044.1249	99716.8089	79351.2331	114389.241	1807.19488	30709.4339	0	0	0	0	3
693	369	0.815272394	6.82444063	103149.467	99787.5932	79351.2331	114389.241	1807.19488	30709.4339	0	0	0	0	3
694	370	0.816534551	6.83428831	102819.118	99885.1476	79351.2331	114389.241	1807.19488	30709.4339	0	0	0	0	3
695	370	0.817716198	6.84413598	93290.1254	99873.0777	79351.2331	114389.241	1807.19488	30709.4339	0	0	0	0	3
696	371	0.818664572	6.85398366	99151.8652	99780.2904	79351.2331	114389.241	1807.19488	30709.4339	0	0	0	0	3
697	371	0.820282098	6.86383134	95040.3687	99960.7791	79351.2331	114389.241	1807.19488	30709.4339	0	0	0	0	3
698	372	0.821471369	6.87367902	92909.1304	100079.936	79351.2331	114389.241	1807.19488	30709.4339	0	0	0	0	3
699	372	0.823088495	6.88352669	98334.792	100150.978	79351.2331	114389.241	1807.19488	30709.4339	0	0	0	0	3
700	373	0.823868174	6.89337437	108193.311	100285.372	79351.2331	114389.241	1807.19488	30709.4339	0	0	0	0	3
701	374	0.825387033	6.90322205	106594.57	100387.574	79351.2331	114389.241	1807.19488	30709.4339	0	0	0	0	3
702	374	0.826664374	6.91306973	103027.738	100315.334	79351.2331	114389.241	1807.19488	30709.4339	0	0	0	0	3
703	375	0.827994822	6.9229174	105534.033	100236.143	79351.2331	114389.241	1807.19488	30709.4339	0	0	0	0	3
704	375	0.829656734	6.93276508	110048.98	100177.385	79351.2331	114389.241	1807.19488	30709.4339	0	0	0	0	3
705	376	0.83107841	6.94261276	104377.678	100020.589	79351.2331	114389.241	1807.19488	30709.4339	0	0	0	0	3
706	376	0.83311592	6.95246044	105645.029	100006.62	79351.2331	114389.241	1736.60736	30709.4339	0	0	0	0	3
707	376	0.834831133	6.96230811	107661.948	100037.89	79351.2331	114389.241	1558.10668	30709.4339	0	0	0	0	3
708	377	0.836545686	6.97215579	103513.274	100046.661	79351.2331	114389.241	1498.28895	30709.4339	0	0	0	0	3
709	377	0.838160952	6.98200347	102700.98	100039.933	79351.2331	114389.241	1498.28895	30709.4339	0	0	0	0	3
710	378	0.839652878	6.99185115	99907.5577	100007.597	79351.2331	114389.241	1498.28895	30709.4339	0	0	0	0	3
711	378	0.841261697	7.00169883	93922.6025	99940.5577	79351.2331	114389.241	1498.28895	30709.4339	0	0	0	0	3
712	379	0.842415095	7.0115465	87864.8921	99971.4262	79351.2331	114389.241	1498.28895	30709.4339	0	0	0	0	3
713	379	0.843336789	7.02139418	78146.0146	99854.3321	78146.0146	114389.241	1498.28895	30709.4339	0	0	0	0	3
714	380	0.843844415	7.03124186	90202.8492	99910.7303	78146.0146	114389.241	1498.28895	30709.4339	0	0	0	0	3
715	380	0.844723316	7.04108954	97853.8247	99954.4428	78146.0146	114389.241	1498.28895	30709.4339	0	0	0	0	3
716	381	0.845888733	7.05093721	98256.1716	100011.082	78146.0146	114389.241	1498.28895	30709.4339	0	0	0	0	3
717	382	0.846744989	7.06078489	109905.438	100327.355	78146.0146	114389.241	1498.28895	30709.4339	0	0	0	0	3
718	382	0.847996849	7.07063257	102738.284	100466.096	78146.0146	114389.241	1576.81174	30709.4339	0	0	0	0	3
719	383	0.849069836	7.08048025	100463.331	100613	78146.0146	114389.241	1723.71536	30709.4339	0	0	0	0	3
720	383	0.850476434	7.09032792	103600.189	100925.571	78146.0146	114389.241	2036.28606	30709.4339	0	0	0	0	3
721	384	0.851815156	7.1001756	83971.1759	100697.354	78146.0146	114389.241	2036.28606	30709.4339	0	0	0	0	3
722	384	0.853290169	7.11002328	91399.6755	100803.494	78146.0146	114389.241	2036.28606	30709.4339	0	0	0	0	3
723	385	0.854839115	7.11987096	95774.7683	100999.434	78146.0146	114389.241	2110.14974	30709.4339	0	0	0	0	3
724	385	0.8562054	7.12971864	103684.041	101089.675	78146.0146	114389.241	1799.50843	30709.4339	0	0	0	0	3
725	386	0.857316024	7.13956631	100035.37	100929.224	78146.0146	114389.241	1524.7187	30709.4339	0	0	0	0	3
726	386	0.858971507	7.14941399	102876.479	100845.775	78146.0146	114389.241	1469.66127	30709.4339	0	0	0	0	3
727	387	0.860338734	7.15926167	105861.016	100780.825	78146.0146	114389.241	1469.66127	30709.4339	0	0	0	0	3
728	387	0.861430578	7.16910935	109083.333	100739.434	78146.0146	114389.241	1469.66127	30709.4339	0	0	0	0	3
729	387	0.862812491	7.17895702	108896.838	100678.198	78146.0146	114389.241	1469.66127	30709.4339	0	0	0	0	3
730	388	0.864156809	7.1888047	110002.784	100714.98	78146.0146	111225.216	1469.66127	30709.4339	0	0	0	0	3
731	388	0.865713512	7.19865238	107754.828	100659.345	78146.0146	110048.98	1469.66127	30709.4339	0	0	0	0	3
732	389	0.867266586	7.20850006	103022.37	100545.304	78146.0146	110048.98	1469.66127	30709.4339	0	0	0	0	3
733	389	0.868851478	7.21834773	102466.413	100392.944	78146.0146	110048.98	1469.66127	30709.4339	0	0	0	0	3
734	390	0.87058317	7.22819541	100993.237	100307.235	78146.0146	110048.98	1469.66127	30709.4339	0	0	0	0	3
735	390	0.872087765	7.23804309	97539.514	100174.886	78146.0146	110048.98	1469.66127	30709.4339	0	0	0	0	3
736	391	0.873177525	7.24789077	88651.7133	99929.6346	78146.0146	110048.98	1469.66127	30709.4339	0	0	0	0	3
737	391	0.874498785	7.25773845	88742.224	99735.2428	78146.0146	110048.98	1469.66127	30709.4339	0	0	0	0	3
738	392	0.875116493	7.26758612	81651.6453	99744.142	78146.0146	110048.98	1376.5502	30709.4339	0	0	0	0	3
739	392	0.875638371	7.2774338	95317.1627	99830.0426	78146.0146	110048.98	1376.5502	30709.4339	0	0	0	0	3
740	393	0.8765549	7.28728148	101315.484	100069.908	78146.0146	110048.98	1376.5502	30709.4339	0	0	0	0	3
741	394	0.877649969	7.29712916	54166.9755	99337.672	54166.9755	110048.98	1752.00296	30709.4339	0	0	0	0	3
742	394	0.878263088	7.30697683	96835.8036	99325.7041	54166.9755	110048.98	1763.97085	30709.4339	0	0	0	0	3
743	395	0.879229759	7.31682451	89238.4677	99351.1412	54166.9755	110048.98	1763.97085	30709.4339	0	0	0	0	3
744	395	0.880215469	7.32667219	97759.8219	99272.3919	54166.9755	110048.98	1817.28313	30709.4339	0	0	0	0	3
745	396	0.881436213	7.33651987	83264.2891	98902.3194	54166.9755	110048.98	2187.35556	30709.4339	0	0	0	0	3
746	396	0.882263401	7.34636754	89212.753	98880.886	54166.9755	110048.98	2208.78894	30709.4339	0	0	0	0	3
747	397	0.883362149	7.35621522	101270.404	98917.4946	54166.9755	110048.98	2208.78894	30709.4339	0	0	0	0	3
748	397	0.884803652	7.3660629	103447.263	99115.8939	54166.9755	110048.98	2208.78894	30709.4339	0	0	0	0	3
749	398	0.886534667	7.37591058	110219.634	99524.7613	54166.9755	110219.634	2208.78894	30709.4339	0	0	0	0	3
750	398	0.887484806	7.38575825	104474.588	99627.6764	54166.9755	110219.634	2208.78894	30709.4339	0	0	0	0	3
751	398	0.888974693	7.39560593	106891.266	99691.3181	54166.9755	110219.634	2208.78894	30709.4339	0	0	0	0	3
752	399	0.890206284	7.40545361	105098.956	99632.3067	54166.9755	110219.634	2208.78894	30709.4339	0	0	0	0	3
753	399	0.891724357	7.41530129	107270.83	99743.8763	54166.9755	110219.634	2208.78894	30709.4339	0	0	0	0	3
754	400	0.892965629	7.42514897	106237.576	99749.3702	54166.9755	110219.634	2208.78894	30709.4339	0	0	0	0	3
755	400	0.894646736	7.43499664	109757.311	99744.8675	54166.9755	110219.634	2208.78894	30709.4339	0	0	0	0	3
756	401	0.896348875	7.44484432	110166.549	99915.738	54166.9755	110219.634	2208.78894	30709.4339	0	0	0	0	3
757	401	0.897891144	7.454692	108866.394	99948.6338	54166.9755	110219.634	2208.78894	30709.4339	0	0	0	0	3
758	402	0.899572222	7.46453968	104122.114	99852.651	54166.9755	110219.634	2208.78894	30709.4339	0	0	0	0	3
759	402	0.901266391	7.47438735	103275.237	99845.2671	54166.9755	110219.634	2208.78894	30709.4339	0	0	0	0	3
760	402	0.902987933	7.48423503	99661.6548	99769.2365	54166.9755	110219.634	2208.78894	30709.4339	0	0	0	0	3
761	403	0.904473253	7.49408271	90490.9632	99553.4468	54166.9755	110219.634	2208.78894	30709.4339	0	0	0	0	3
762	404	0.905704991	7.50393039	87453.3906	99462.7455	54166.9755	110219.634	2208.78894	30709.4339	0	0	0	0	3
763	404	0.906334017	7.51377806	84147.8392	99521.3112	54166.9755	110219.634	2208.78894	30709.4339	0	0	0	0	3
764	405	0.906875446	7.52362574	87869.4684	99732.0939	54166.9755	110219.634	2208.78894	30709.4339	0	0	0	0	3
765	405	0.90783223	7.53347342	105065.778	99887.4434	54166.9755	110219.634	2208.78894	30709.4339	0	0	0	0	3
766	406	0.908908679	7.5433211	95808.964	99846.8901	54166.9755	110219.634	2208.78894	30709.4339	0	0	0	0	3
767	406	0.910058782	7.55316878	102017.859	99914.6895	54166.9755	110219.634	2208.78894	30709.4339	0	0	0	0	3
768	407	0.911501677	7.56301645	99995.1479	99784.378	54166.9755	110219.634	2208.78894	30709.4339	0	0	0	0	3
769	407	0.912980986	7.57286413	92202.018	99554.8677	54166.9755	110219.634	2208.78894	30709.4339	0	0	0	0	3
770	408	0.914423981	7.58271181	92714.828	99388.927	54166.9755	110219.634	2208.78894	30709.4339	0	0	0	0	3
771	409	0.916042901	7.59255949	89715.8519	99059.7421	54166.9755	110219.634	2208.78894	30709.4339	0	0	0	0	3
772	409	0.917230907	7.60240716	98662.0284	99361.3043	54166.9755	110219.634	2208.78894	30709.4339	0	0	0	0	3
773	410	0.918450198	7.61225484	100107.067	99555.4848	54166.9755	110219.634	2208.78894	30709.4339	0	0	0	0	3
774	410	0.919742398	7.62210252	113981.997	99932.9397	54166.9755	113981.997	2208.78894	30709.4339	0	0	0	0	3
775	411	0.920803939	7.6319502	99437.9918	99845.469	54166.9755	113981.997	2048.33779	30709.4339	0	0	0	0	3
776	411	0.922301496	7.64179787	104245.822	99943.6274	54166.9755	113981.997	1964.88904	30709.4339	0	0	0	0	3
777	411	0.923761879	7.65164555	107530.315	100039.694	54166.9755	113981.997	1899.93856	30709.4339	0	0	0	0	3
778	412	0.925020393	7.66149323	110468.736	100119.562	54166.9755	113981.997	1858.54784	30709.4339	0	0	0	0	3
779	412	0.926380144	7.67134091	108942.681	100153.592	54166.9755	113981.997	1834.09411	30709.4339	0	0	0	0	3
780	413	0.927759808	7.68118859	108609.883	100147.193	54166.9755	113981.997	1834.09411	30709.4339	0	0	0	0	3
781	413	0.929169549	7.69103626	107472.893	100102.253	54166.9755	113981.997	1778.45897	30709.4339	0	0	0	0	3
782	413	0.930729101	7.70088394	102656.324	99980.2886	54166.9755	113981.997	1664.41797	30709.4339	0	0	0	0	3
783	414	0.932254531	7.71073162	102686.877	99971.1197	54166.9755	113981.997	1512.05833	30709.4339	0	0	0	0	3
784	414	0.933884891	7.7205793	100898.652	99933.5612	54166.9755	113981.997	1426.34881	30709.4339	0	0	0	0	3
785	415	0.935419472	7.73042697	95093.892	99790.7107	54166.9755	113981.997	1293.99988	30709.4339	0	0	0	0	3
786	415	0.936575407	7.74027465	86734.424	99609.2019	54166.9755	113981.997	1272.70602	30709.4339	0	0	0	0	3
787	416	0.937814516	7.75012233	82287.6804	99461.8835	54166.9755	113981.997	1272.70602	30709.4339	0	0	0	0	3
788	417	0.938314201	7.75997001	84902.4318	99569.8248	54166.9755	113981.997	1272.70602	30709.4339	0	0	0	0	3
789	417	0.939157615	7.76981768	101341.74	99765.9902	54166.9755	113981.997	1272.70602	30709.4339	0	0	0	0	3
790	418	0.940164782	7.77966536	84540.9179	99564.3295	54166.9755	113981.997	1272.70602	30709.4339	0	0	0	0	3
791	418	0.941261728	7.78951304	94526.5621	99454.1225	54166.9755	113981.997	1272.70602	30709.4339	0	0	0	0	3
792	419	0.942686231	7.79936072	99739.0394	100222.9	82287.6804	113981.997	1342.01413	30709.4339	0	0	0	0	3
793	419	0.943821173	7.80920839	102780.87	100298.861	82287.6804	113981.997	1417.97488	30709.4339	0	0	0	0	3
794	420	0.945227377	7.81905607	98527.0211	100423.111	82287.6804	113981.997	1542.22469	30709.4339	0	0	0	0	3
795	420	0.946251586	7.82890375	81183.9469	100164.469	81183.9469	113981.997	1542.22469	30709.4339	0	0	0	0	3
796	421	0.947681521	7.83875143	89392.2021	100243.375	81183.9469	113981.997	1542.22469	30709.4339	0	0	0	0	3
797	422	0.948940267	7.84859911	98079.9755	100339.379	81183.9469	113981.997	1505.6161	30709.4339	0	0	0	0	3
798	422	0.949837852	7.85844678	100767.962	100329.777	81183.9469	113981.997	1363.36864	30709.4339	0	0	0	0	3
799	422	0.951225065	7.86829446	105772.401	100375.79	81183.9469	113981.997	1363.36864	30709.4339	0	0	0	0	3
800	423	0.952666554	7.87814214	107459.227	100272.524	81183.9469	113981.997	1363.36864	30709.4339	0	0	0	0	3
801	424	0.954174118	7.88798982	109016.73	100410.326	81183.9469	113981.997	1363.36864	30709.4339	0	0	0	0	3
802	424	0.955688308	7.89783749	109413.946	100469.944	81183.9469	113981.997	1410.20189	30709.4339	0	0	0	0	3
803	425	0.957005189	7.90768517	107460.79	100522.416	81183.9469	113981.997	1462.67376	30709.4339	0	0	0	0	3
804	425	0.958436849	7.91753285	111471.68	100603.825	81183.9469	113981.997	1544.08334	30709.4339	0	0	0	0	3
805	425	0.960044368	7.92738053	108093.272	100679.057	81183.9469	113981.997	1619.31459	30709.4339	0	0	0	0	3
806	426	0.961680309	7.9372282	103639.313	100523.631	81183.9469	113981.997	1619.31459	30709.4339	0	0	0	0	3
807	426	0.963293894	7.94707588	103023.051	100338.695	81183.9469	113981.997	1619.31459	30709.4339	0	0	0	0	3
808	427	0.965000685	7.95692356	100831.575	100155.252	81183.9469	113981.997	1619.31459	30709.4339	0	0	0	0	3
809	427	0.966119235	7.96677124	98362.3849	100024.908	81183.9469	113981.997	1619.31459	30709.4339	0	0	0	0	3
810	428	0.967213689	7.97661892	91747.4982	99804.0371	81183.9469	113981.997	1619.31459	30709.4339	0	0	0	0	3
811	428	0.968566891	7.98646659	87903.8938	99562.2189	81183.9469	113981.997	1619.31459	30709.4339	0	0	0	0	3
812	429	0.969146041	7.99631427	85013.1932	99640.268	81183.9469	113981.997	1619.31459	30709.4339	0	0	0	0	3
813	430	0.969636214	8.00616195	96476.6659	99850.8119	81183.9469	113981.997	1619.31459	30709.4339	0	0	0	0	3
814	430	0.970507347	8.01600963	96975.2124	99965.6969	81183.9469	113981.997	1619.31459	30709.4339	0	0	0	0	3
815	431	0.971490904	8.0258573	109812.247	100216.935	81183.9469	113981.997	1619.31459	30709.4339	0	0	0	0	3
816	431	0.972457063	8.03570498	106035.321	100232.134	81183.9469	113981.997	1619.31459	30709.4339	0	0	0	0	3
817	432	0.973845929	8.04555266	100005.166	100300.601	81183.9469	113981.997	1619.31459	30709.4339	0	0	0	0	3
818	433	0.975118858	8.05540034	88017.2579	100029.915	81183.9469	113981.997	1619.31459	30709.4339	0	0	0	0	3
819	433	0.976249684	8.06524801	106888.327	100150.472	81183.9469	113981.997	1619.31459	30709.4339	0	0	0	0	3
820	434	0.977183816	8.07509569	87712.9859	100152.652	81183.9469	113981.997	1619.31459	30709.4339	0	0	0	0	3
821	434	0.978507377	8.08494337	87192.3861	100052.455	81183.9469	113981.997	1619.31459	30709.4339	0	0	0	0	3
822	435	0.979897875	8.09479105	92383.1005	100147.513	81183.9469	113981.997	1317.75242	30709.4339	0	0	0	0	3
823	435	0.98089603	8.10463873	99120.5791	100159.132	81183.9469	113981.997	1224.93418	30709.4339	0	0	0	0	3
824	436	0.981974724	8.1144864	109626.671	100320.897	81183.9469	113981.997	1224.93418	30709.4339	0	0	0	0	3
825	436	0.983232658	8.12433408	99312.8543	100022.884	81183.9469	111471.68	1224.93418	30709.4339	0	0	0	0	3
826	437	0.984538622	8.13418176	103616.342	100106.258	81183.9469	111471.68	1224.93418	30709.4339	0	0	0	0	3
827	437	0.985778419	8.14402944	105933.116	100122.404	81183.9469	111471.68	1224.93418	30709.4339	0	0	0	0	3
828	438	0.987537418	8.15387711	110763.283	100246.259	81183.9469	111471.68	1224.93418	30709.4339	0	0	0	0	3
829	438	0.988904481	8.16372479	107625.369	100202.783	81183.9469	111471.68	1224.93418	30709.4339	0	0	0	0	3
830	438	0.99036736	8.17357247	107034.998	100173.255	81183.9469	111471.68	1224.93418	30709.4339	0	0	0	0	3
831	439	0.991902634	8.18342015	106950.43	100154.003	81183.9469	111471.68	1224.93418	30709.4339	0	0	0	0	3
832	439	0.993518606	8.19326782	102841.329	100061.149	81183.9469	111471.68	1224.93418	30709.4339	0	0	0	0	3
833	440	0.995059784	8.2031155	102691.001	100061.238	81183.9469	111471.68	1224.93418	30709.4339	0	0	0	0	3
834	440	0.996697993	8.21296318	100972.527	100022.253	81183.9469	111471.68	1224.93418	30709.4339	0	0	0	0	3
835	441	0.998226752	8.22281086	95557.8462	99893.9718	81183.9469	111471.68	1224.93418	30709.4339	0	0	0	0	3
836	441	0.999344801	8.23265853	84162.1334	99734.0531	81183.9469	111471.68	1224.93418	30709.4339	0	0	0	0	3
837	442	1	8.24250621	92076.5941	99891.8715	81183.9469	111471.68	1224.93418	30709.4339	0	0	0	0	3
