Iteration	CPUTime	PhysTime	Travels	Value	AvValue	MinValue	MaxValue	Delta	Criteria	PrevAvRefValue	Progress	CriteriaType	CriteriaVarType	CriteriaPercentage
1	3	9.23472925e-05	0.00984767767	293.210227	293.210227	293.210227	293.210227	0	0	0	0	0	0	3
2	4	0.000192213384	0.0196953553	293.21935	293.214967	293.210227	293.21935	0.00474027883	0	0	0	0	0	3
3	4	0.000291291591	0.029543033	293.208804	293.212871	293.208804	293.21935	0.00474027883	0	0	0	0	0	3
4	5	0.000384554122	0.0393907107	293.224778	293.215759	293.208804	293.224778	0.00553190945	0	0	0	0	0	3
5	5	0.000479593701	0.0492383884	293.212368	293.215087	293.208804	293.224778	0.00553190945	0	0	0	0	0	3
6	7	0.000647949827	0.059086066	293.210594	293.213919	293.208804	293.224778	0.00553190945	0	0	0	0	0	3
7	7	0.000861756473	0.0689337437	293.213935	293.213923	293.208804	293.224778	0.00553190945	0	0	0	0	0	3
8	8	0.00108107564	0.0787814214	293.210099	293.213147	293.208804	293.224778	0.00553190945	0	0	0	0	0	3
9	8	0.00131386986	0.0886290991	293.215931	293.213641	293.208804	293.224778	0.00553190945	0	0	0	0	0	3
10	9	0.0015453664	0.0984767767	293.20825	293.212833	293.20825	293.224778	0.00553190945	0	0	0	0	0	3
11	10	0.00190403487	0.108324454	293.215046	293.21325	293.20825	293.224778	0.00553190945	0	0	0	0	0	3
12	10	0.00222220483	0.118172132	293.193769	293.210461	293.193769	293.224778	0.00553190945	0	0	0	0	0	3
13	11	0.00233459074	0.12801981	293.256293	293.212667	293.193769	293.256293	0.00553190945	0	0	0	0	0	3
14	12	0.00246588317	0.137867487	293.211768	293.212619	293.193769	293.256293	0.00553190945	0	0	0	0	0	3
15	13	0.00263967106	0.147715165	293.209691	293.212426	293.193769	293.256293	0.00553190945	0	0	0	0	0	3
16	13	0.00293799959	0.157562843	293.233885	293.214605	293.193769	293.256293	0.00553190945	0	0	0	0	0	3
17	14	0.00312291115	0.16741052	293.227185	293.21535	293.193769	293.256293	0.00553190945	0	0	0	0	0	3
18	14	0.00335905763	0.177258198	293.21797	293.215534	293.193769	293.256293	0.00553190945	0	0	0	0	0	3
19	15	0.00358167492	0.187105876	293.213107	293.215383	293.193769	293.256293	0.00553190945	0	0	0	0	0	3
20	15	0.00381486729	0.196953553	293.224444	293.215937	293.193769	293.256293	0.00571063871	0	0	0	0	0	3
21	16	0.00429210182	0.206801231	293.21617	293.215963	293.193769	293.256293	0.00573657113	0	0	0	0	0	3
22	16	0.00476260133	0.216648909	293.215357	293.215903	293.193769	293.256293	0.00573657113	0	0	0	0	0	3
23	17	0.00524415024	0.226496586	293.208484	293.215222	293.193769	293.256293	0.00573657113	0	0	0	0	0	3
24	18	0.00566855574	0.236344264	293.217976	293.215428	293.193769	293.256293	0.00573657113	0	0	0	0	0	3
25	18	0.00615515784	0.246191942	293.208796	293.214904	293.193769	293.256293	0.00573657113	0	0	0	0	0	3
26	19	0.00716333819	0.25603962	293.210479	293.214281	293.193769	293.256293	0.00573657113	0	0	0	0	0	3
27	19	0.00783806457	0.265887297	293.210878	293.213988	293.193769	293.256293	0.00573657113	0	0	0	0	0	3
28	20	0.00858442219	0.275734975	293.211188	293.213745	293.193769	293.256293	0.00573657113	0	0	0	0	0	3
29	20	0.00960392862	0.285582653	293.211191	293.213474	293.193769	293.256293	0.00573657113	0	0	0	0	0	3
30	21	0.0109113983	0.29543033	293.211501	293.213237	293.193769	293.256293	0.00573657113	0	0	0	0	0	3
31	21	0.0127832534	0.305278008	293.210392	293.212821	293.193769	293.256293	0.00573657113	0	0	0	0	0	3
32	21	0.0140628175	0.315125686	293.209582	293.212526	293.193769	293.256293	0.00573657113	0	0	0	0	0	3
33	22	0.0153713335	0.324973363	293.210437	293.212348	293.193769	293.256293	0.00573657113	0	0	0	0	0	3
34	22	0.0168639654	0.334821041	293.211443	293.212268	293.193769	293.256293	0.00573657113	0	0	0	0	0	3
35	23	0.0184715168	0.344668719	293.211865	293.212233	293.193769	293.256293	0.00573657113	0	0	0	0	0	3
36	23	0.0200768919	0.354516396	293.212737	293.212273	293.193769	293.256293	0.00573657113	0	0	0	0	0	3
37	24	0.0217816155	0.364364074	293.212542	293.212294	293.193769	293.256293	0.00573657113	0	0	0	0	0	3
38	24	0.0229347217	0.374211752	293.213248	293.212342	293.193769	293.256293	0.00573657113	0	0	0	0	0	3
39	25	0.024433855	0.384059429	293.214041	293.212446	293.193769	293.256293	0.00573657113	0	0	0	0	0	3
40	25	0.0256424944	0.393907107	293.216056	293.212617	293.193769	293.256293	0.00573657113	0	0	0	0	0	3
41	26	0.0267673033	0.403754785	293.218315	293.212856	293.193769	293.256293	0.00573657113	0	0	0	0	0	3
42	26	0.0273488377	0.413602462	293.214156	293.212884	293.193769	293.256293	0.00573657113	0	0	0	0	0	3
43	27	0.0282008629	0.42345014	293.212428	293.21287	293.193769	293.256293	0.00573657113	0	0	0	0	0	3
44	28	0.0293613566	0.433297818	293.216865	293.213028	293.193769	293.256293	0.00573657113	0	0	0	0	0	3
45	28	0.030252838	0.443145495	293.214301	293.213065	293.193769	293.256293	0.00573657113	0	0	0	0	0	3
46	29	0.0310865355	0.452993173	293.213767	293.213084	293.193769	293.256293	0.00573657113	0	0	0	0	0	3
47	29	0.0322794168	0.462840851	293.214435	293.213134	293.193769	293.256293	0.00573657113	0	0	0	0	0	3
48	30	0.0335132932	0.472688528	293.212274	293.213102	293.193769	293.256293	0.00573657113	0	0	0	0	0	3
49	30	0.0349420076	0.482536206	293.215082	293.213183	293.193769	293.256293	0.00573657113	0	0	0	0	0	3
50	31	0.03650693	0.492383884	293.21467	293.213247	293.193769	293.256293	0.00573657113	0	0	0	0	0	3
51	31	0.0378426053	0.502231561	293.213419	293.213253	293.193769	293.256293	0.00573657113	0	0	0	0	0	3
52	32	0.0391715561	0.512079239	293.211952	293.213216	293.193769	293.256293	0.0055025729	0	0	0	0	0	3
53	32	0.0402662821	0.521926917	293.212055	293.213169	293.193769	293.256293	0.0055025729	0	0	0	0	0	3
54	33	0.0419412871	0.531774594	293.211684	293.21312	293.193769	293.256293	0.0055025729	0	0	0	0	0	3
55	33	0.0434903324	0.541622272	293.211463	293.213035	293.193769	293.256293	0.0055025729	0	0	0	0	0	3
56	34	0.0450838527	0.55146995	293.211385	293.212977	293.193769	293.256293	0.0055025729	0	0	0	0	0	3
57	34	0.046407568	0.561317627	293.210736	293.212921	293.193769	293.256293	0.0055025729	0	0	0	0	0	3
58	35	0.0477654592	0.571165305	293.211657	293.21288	293.193769	293.256293	0.0055025729	0	0	0	0	0	3
59	35	0.0492999819	0.581012983	293.211625	293.212853	293.193769	293.256293	0.0055025729	0	0	0	0	0	3
60	35	0.0509499143	0.59086066	293.212655	293.212832	293.193769	293.256293	0.0055025729	0	0	0	0	0	3
61	36	0.0525228563	0.600708338	293.212847	293.212853	293.193769	293.256293	0.0055025729	0	0	0	0	0	3
62	36	0.0541952888	0.610556016	293.213385	293.212855	293.193769	293.256293	0.0055025729	0	0	0	0	0	3
63	37	0.0554604025	0.620403693	293.213767	293.212991	293.208484	293.256293	0.00373028803	0	0	0	0	0	3
64	38	0.0566314946	0.630251371	293.216164	293.21297	293.208484	293.233885	0.00373028803	0	0	0	0	0	3
65	38	0.0578586098	0.640099049	293.217602	293.213075	293.208484	293.233885	0.00373028803	0	0	0	0	0	3
66	39	0.0582279026	0.649946726	293.212601	293.213083	293.208484	293.233885	0.00373028803	0	0	0	0	0	3
67	39	0.0588948105	0.659794404	293.215085	293.212995	293.208484	293.227185	0.00373028803	0	0	0	0	0	3
68	40	0.0599265222	0.669642082	293.214017	293.212968	293.208484	293.224444	0.00373028803	0	0	0	0	0	3
69	41	0.061087731	0.679489759	293.214276	293.212974	293.208484	293.224444	0.00373028803	0	0	0	0	0	3
70	42	0.0620505312	0.689337437	293.212539	293.212966	293.208484	293.224444	0.00373028803	0	0	0	0	0	3
71	42	0.0630700732	0.699185115	293.214231	293.212943	293.208484	293.218315	0.00373028803	0	0	0	0	0	3
72	43	0.0644443771	0.709032792	293.214605	293.212955	293.208484	293.218315	0.00367039608	0	0	0	0	0	3
73	43	0.0655348315	0.71888047	293.215395	293.21298	293.208484	293.218315	0.0031952911	0	0	0	0	0	3
74	44	0.0671173732	0.728728148	293.216966	293.213117	293.208796	293.218315	0.0031952911	0	0	0	0	0	3
75	44	0.0682092772	0.738575825	293.21599	293.213134	293.208796	293.218315	0.00267096491	0	0	0	0	0	3
76	45	0.0694522998	0.748423503	293.213854	293.213182	293.209582	293.218315	0.0020481342	0	0	0	0	0	3
77	45	0.0708309806	0.758271181	293.213005	293.213221	293.209582	293.218315	0.00175521492	0	0	0	0	0	3
78	46	0.0722745653	0.768118859	293.212782	293.213235	293.209582	293.218315	0.00151179657	0	0	0	0	0	3
79	46	0.0739206629	0.777966536	293.21225	293.213234	293.209582	293.218315	0.00124073424	0	0	0	0	0	3
80	47	0.0750304958	0.787814214	293.210768	293.213224	293.209582	293.218315	0.00102023738	0	0	0	0	0	3
81	47	0.0765735744	0.797661892	293.210514	293.213195	293.209582	293.218315	0.00102023738	0	0	0	0	0	3
82	48	0.0778113057	0.807509569	293.212441	293.213261	293.209582	293.218315	0.00102806933	0	0	0	0	0	3
83	48	0.0791634223	0.817357247	293.211884	293.213305	293.210437	293.218315	0.00107179412	0	0	0	0	0	3
84	49	0.0806755044	0.827204925	293.211694	293.213325	293.210514	293.218315	0.00109194725	0	0	0	0	0	3
85	49	0.082319417	0.837052602	293.212799	293.213355	293.210514	293.218315	0.00112166505	0	0	0	0	0	3
86	49	0.0838965264	0.84690028	293.213054	293.213384	293.210514	293.218315	0.00111073335	0	0	0	0	0	3
87	50	0.0855756599	0.856747958	293.213503	293.213403	293.210514	293.218315	0.00110856784	0	0	0	0	0	3
88	50	0.0871659312	0.866595635	293.214714	293.213457	293.210514	293.218315	0.00111492716	0	0	0	0	0	3
89	51	0.0883265183	0.876443313	293.216385	293.213513	293.210514	293.218315	0.00106636863	0	0	0	0	0	3
90	52	0.089204308	0.886290991	293.215758	293.213531	293.210514	293.218315	0.000914464924	0	0	0	0	0	3
91	52	0.0899001123	0.896138668	293.216748	293.213518	293.210514	293.218315	0.000699218315	0	0	0	0	0	3
92	53	0.0908801795	0.905986346	293.216791	293.213484	293.210514	293.217602	0.000699218315	0	0	0	0	0	3
93	54	0.0919359244	0.915834024	293.217342	293.213541	293.210514	293.217602	0.000709446179	0	0	0	0	0	3
94	54	0.0929714979	0.925681701	293.214482	293.213571	293.210514	293.217602	0.000739126077	0	0	0	0	0	3
95	55	0.0943091796	0.935529379	293.21372	293.213515	293.210514	293.217602	0.000739126077	0	0	0	0	0	3
96	55	0.0957191023	0.945377057	293.215752	293.213553	293.210514	293.217602	0.000739126077	0	0	0	0	0	3
97	56	0.0971466588	0.955224734	293.215565	293.213593	293.210514	293.217602	0.000761603179	0	0	0	0	0	3
98	56	0.0987605851	0.965072412	293.215899	293.213634	293.210514	293.217602	0.000802483379	0	0	0	0	0	3
99	57	0.0997843029	0.97492009	293.215526	293.213689	293.210514	293.217602	0.000857023994	0	0	0	0	0	3
100	57	0.101302094	0.984767767	293.213158	293.213647	293.210514	293.217602	0.000857023994	0	0	0	0	0	3
101	59	0.102918459	0.994615445	293.211769	293.213577	293.210514	293.217602	0.000857023994	0	0	0	0	0	3
102	59	0.104569798	1.00446312	293.212269	293.213548	293.210514	293.217602	0.000857023994	0.00684486196	0	0	0	0	3
103	59	0.105717532	1.0143108	293.211986	293.213553	293.210514	293.217602	0.000857023994	0.00684486196	0	0	0	0	3
104	60	0.10742332	1.02415848	293.211298	293.21352	293.210514	293.217602	0.000857023994	0.00684486196	0	0	0	0	3
105	60	0.108682568	1.03400616	293.211614	293.21353	293.210514	293.217602	0.000857023994	0.00684486196	0	0	0	0	3
106	61	0.110110344	1.04385383	293.211226	293.213529	293.210514	293.217602	0.000857023994	0.00684486196	0	0	0	0	3
107	61	0.11162589	1.05370151	293.211998	293.213545	293.210514	293.217602	0.000857023994	0.00684486196	0	0	0	0	3
108	62	0.113191861	1.06354919	293.212709	293.213581	293.210514	293.217602	0.000857023994	0.00684486196	0	0	0	0	3
109	62	0.114800027	1.07339687	293.213076	293.213608	293.210514	293.217602	0.000857023994	0.00684486196	0	0	0	0	3
110	63	0.116558323	1.08324454	293.213433	293.213649	293.210514	293.217602	0.000857023994	0.00684486196	0	0	0	0	3
111	63	0.118056296	1.09309222	293.214016	293.213681	293.210514	293.217602	0.000835743338	0.00684486196	0	0	0	0	3
112	64	0.119170361	1.1029399	293.2164	293.213746	293.210514	293.217602	0.00089130453	0.00684486196	0	0	0	0	3
113	65	0.120264101	1.11278758	293.217649	293.21382	293.210514	293.217649	0.000877515713	0.00684486196	0	0	0	0	3
114	65	0.120858592	1.12263525	293.216994	293.21385	293.210514	293.217649	0.000907386601	0.00684486196	0	0	0	0	3
115	66	0.121351903	1.13248293	293.213951	293.213809	293.210514	293.217649	0.000907386601	0.00684486196	0	0	0	0	3
116	66	0.122212343	1.14233061	293.214327	293.213743	293.210514	293.217649	0.000907386601	0.00684486196	0	0	0	0	3
117	67	0.123271544	1.15217829	293.217054	293.213804	293.210514	293.217649	0.000907386601	0.00684486196	0	0	0	0	3
118	68	0.124254372	1.16202597	293.213717	293.21379	293.210514	293.217649	0.000907386601	0.00684486196	0	0	0	0	3
119	68	0.125596522	1.17187364	293.214095	293.213792	293.210514	293.217649	0.000907386601	0.00684486196	0	0	0	0	3
120	69	0.126514166	1.18172132	293.216779	293.213825	293.210514	293.217649	0.000907386601	0.00684486196	0	0	0	0	3
121	69	0.128020041	1.191569	293.217289	293.213923	293.210514	293.217649	0.000980740862	0.00684486196	0	0	0	0	3
122	70	0.129157197	1.20141668	293.212718	293.213898	293.210514	293.217649	0.000968379924	0.00684486196	0	0	0	0	3
123	71	0.130419765	1.21126435	293.217108	293.213945	293.210514	293.217649	0.000964415782	0.00684486196	0	0	0	0	3
124	71	0.131632663	1.22111203	293.214639	293.213933	293.210514	293.217649	0.000827462949	0.00684486196	0	0	0	0	3
125	72	0.13274659	1.23095971	293.213028	293.213845	293.210514	293.217649	0.000810280075	0.00684486196	0	0	0	0	3
126	72	0.134267535	1.24080739	293.213616	293.213804	293.210514	293.217649	0.000762789623	0.00684486196	0	0	0	0	3
127	73	0.135681836	1.25065506	293.212654	293.213779	293.210514	293.217649	0.00074991795	0.00684486196	0	0	0	0	3
128	74	0.137194281	1.26050274	293.212206	293.213759	293.210514	293.217649	0.00074991795	0.00684486196	0	0	0	0	3
129	74	0.138142115	1.27035042	293.212391	293.213761	293.210514	293.217649	0.00074991795	0.00684486196	0	0	0	0	3
130	75	0.139506709	1.2801981	293.212532	293.213773	293.210514	293.217649	0.00074991795	0.00684486196	0	0	0	0	3
131	75	0.140694753	1.29004578	293.212308	293.213797	293.210514	293.217649	0.00074991795	0.00684486196	0	0	0	0	3
132	76	0.141996612	1.29989345	293.211719	293.213833	293.211226	293.217649	0.000683591909	0.00684486196	0	0	0	0	3
133	76	0.143483317	1.30974113	293.21253	293.21383	293.211226	293.217649	0.00063986712	0.00684486196	0	0	0	0	3
134	77	0.145118561	1.31958881	293.213822	293.21387	293.211226	293.217649	0.000619713992	0.00684486196	0	0	0	0	3
135	77	0.146636387	1.32943649	293.213774	293.213917	293.211226	293.217649	0.000589996192	0.00684486196	0	0	0	0	3
136	78	0.148243706	1.33928416	293.21397	293.213947	293.211226	293.217649	0.000562620839	0.00684486196	0	0	0	0	3
137	78	0.149775833	1.34913184	293.214608	293.213983	293.211226	293.217649	0.000580472561	0.00684486196	0	0	0	0	3
138	79	0.150892269	1.35897952	293.217016	293.214048	293.211226	293.217649	0.000590348716	0.00684486196	0	0	0	0	3
139	80	0.152092963	1.3688272	293.220495	293.21415	293.211226	293.220495	0.000666184147	0.00684486196	0	0	0	0	3
140	80	0.152444692	1.37867487	293.21419	293.21411	293.211226	293.220495	0.000666184147	0.00684486196	0	0	0	0	3
141	81	0.152992581	1.38852255	293.214832	293.214094	293.211226	293.220495	0.000666184147	0.00684486196	0	0	0	0	3
142	82	0.154014265	1.39837023	293.216173	293.214098	293.211226	293.220495	0.000666184147	0.00684486196	0	0	0	0	3
143	82	0.15511864	1.40821791	293.218481	293.214132	293.211226	293.220495	0.000635296853	0.00684486196	0	0	0	0	3
144	83	0.156214035	1.41806558	293.2173	293.214134	293.211226	293.220495	0.000635296853	0.00684486196	0	0	0	0	3
145	84	0.156704289	1.42791326	293.216136	293.214143	293.211226	293.220495	0.000635296853	0.00684486196	0	0	0	0	3
146	85	0.157876095	1.43776094	293.214726	293.214163	293.211226	293.220495	0.000643256788	0.00684486196	0	0	0	0	3
147	85	0.158026569	1.44760862	293.223849	293.21415	293.211226	293.223849	0.000643256788	0.00684486196	0	0	0	0	3
148	85	0.158381695	1.4574563	293.219565	293.214149	293.211226	293.223849	0.000643256788	0.00684486196	0	0	0	0	3
149	86	0.158970906	1.46730397	293.223664	293.214195	293.211226	293.223849	0.000675296615	0.00684486196	0	0	0	0	3
150	87	0.159432915	1.47715165	293.207924	293.214124	293.207924	293.223849	0.000675296615	0.00684486196	0	0	0	0	3
151	87	0.16047411	1.48699933	293.212861	293.214126	293.207924	293.223849	0.000675296615	0.00684486196	0	0	0	0	3
152	88	0.160882038	1.49684701	293.212934	293.214183	293.207924	293.223849	0.000675296615	0.00684486196	0	0	0	0	3
153	88	0.161973111	1.50669468	293.21511	293.214256	293.207924	293.223849	0.000736450123	0.00684486196	0	0	0	0	3
154	89	0.162857565	1.51654236	293.215281	293.214318	293.207924	293.223849	0.000797911288	0.00684486196	0	0	0	0	3
155	90	0.164200625	1.52639004	293.214803	293.21442	293.207924	293.223849	0.000891325046	0.00684486196	0	0	0	0	3
156	90	0.165667618	1.53623772	293.213401	293.214456	293.207924	293.223849	0.000927115172	0.00684486196	0	0	0	0	3
157	91	0.166837508	1.54608539	293.214872	293.214546	293.207924	293.223849	0.00100049953	0.00684486196	0	0	0	0	3
158	91	0.168123962	1.55593307	293.213556	293.214591	293.207924	293.223849	0.00101021616	0.00684486196	0	0	0	0	3
159	92	0.169448066	1.56578075	293.212936	293.214605	293.207924	293.223849	0.000996775061	0.00684486196	0	0	0	0	3
160	92	0.171083319	1.57562843	293.212258	293.21458	293.207924	293.223849	0.000956113187	0.00684486196	0	0	0	0	3
161	92	0.172305353	1.58547611	293.212971	293.214581	293.207924	293.223849	0.000923492887	0.00684486196	0	0	0	0	3
162	93	0.173607835	1.59532378	293.213584	293.214573	293.207924	293.223849	0.000861245393	0.00684486196	0	0	0	0	3
163	93	0.175079191	1.60517146	293.213375	293.214505	293.207924	293.223849	0.000861245393	0.00684486196	0	0	0	0	3
164	94	0.17670598	1.61501914	293.214362	293.21444	293.207924	293.223849	0.000861245393	0.00684486196	0	0	0	0	3
165	94	0.178285205	1.62486682	293.21441	293.214413	293.207924	293.223849	0.000861245393	0.00684486196	0	0	0	0	3
166	95	0.180039999	1.63471449	293.214963	293.214433	293.207924	293.223849	0.000861245393	0.00684486196	0	0	0	0	3
167	95	0.181622014	1.64456217	293.216103	293.214479	293.207924	293.223849	0.000845863404	0.00684486196	0	0	0	0	3
168	96	0.18288601	1.65440985	293.217957	293.214507	293.207924	293.223849	0.000845863404	0.00684486196	0	0	0	0	3
169	97	0.183775223	1.66425753	293.218047	293.214573	293.207924	293.223849	0.000845863404	0.00684486196	0	0	0	0	3
170	97	0.184708265	1.6741052	293.217879	293.214636	293.207924	293.223849	0.000877193212	0.00684486196	0	0	0	0	3
171	98	0.185783197	1.68395288	293.219814	293.214697	293.207924	293.223849	0.000937920744	0.00684486196	0	0	0	0	3
172	99	0.186654415	1.69380056	293.215254	293.214638	293.207924	293.223849	0.000937920744	0.00684486196	0	0	0	0	3
173	99	0.187741155	1.70364824	293.216885	293.214717	293.207924	293.223849	0.000958561933	0.00684486196	0	0	0	0	3
174	100	0.188793004	1.71349592	293.215571	293.214681	293.207924	293.223849	0.000958561933	0.00684486196	0	0	0	0	3
175	101	0.190048196	1.72334359	293.216657	293.214724	293.207924	293.223849	0.000965562359	0.00684486196	0	0	0	0	3
176	101	0.191407778	1.73319127	293.214938	293.214762	293.207924	293.223849	0.00100272897	0.00684486196	0	0	0	0	3
177	102	0.19306294	1.74303895	293.216472	293.214839	293.207924	293.223849	0.0010805254	0.00684486196	0	0	0	0	3
178	103	0.194016179	1.75288663	293.217053	293.214929	293.207924	293.223849	0.00116967515	0.00684486196	0	0	0	0	3
179	103	0.195601742	1.7627343	293.215354	293.215011	293.207924	293.223849	0.00125001618	0.00684486196	0	0	0	0	3
180	104	0.197116851	1.77258198	293.214245	293.215033	293.207924	293.223849	0.00126008716	0.00684486196	0	0	0	0	3
181	104	0.198594813	1.78242966	293.213568	293.215054	293.207924	293.223849	0.00125691353	0.00684486196	0	0	0	0	3
182	105	0.200036183	1.79227734	293.212283	293.215042	293.207924	293.223849	0.0012241087	0.00684486196	0	0	0	0	3
183	105	0.20160832	1.80212501	293.212174	293.215039	293.207924	293.223849	0.0012241087	0.00684486196	0	0	0	0	3
184	105	0.203002323	1.81197269	293.213378	293.215063	293.207924	293.223849	0.0011927893	0.00684486196	0	0	0	0	3
185	106	0.204387832	1.82182037	293.212227	293.21503	293.207924	293.223849	0.00114510153	0.00684486196	0	0	0	0	3
186	106	0.205921512	1.83166805	293.213026	293.215011	293.207924	293.223849	0.00111594987	0.00684486196	0	0	0	0	3
187	107	0.207498274	1.84151572	293.214054	293.215014	293.207924	293.223849	0.00107919829	0.00684486196	0	0	0	0	3
188	107	0.209096916	1.8513634	293.21443	293.215008	293.207924	293.223849	0.00101499994	0.00684486196	0	0	0	0	3
189	108	0.210874745	1.86121108	293.214856	293.214966	293.207924	293.223849	0.000968789899	0.00684486196	0	0	0	0	3
190	108	0.212495521	1.87105876	293.215382	293.214868	293.207924	293.223849	0.000968789899	0.00684486196	0	0	0	0	3
191	109	0.213646264	1.88090644	293.217429	293.21492	293.207924	293.223849	0.000968789899	0.00684486196	0	0	0	0	3
192	110	0.214494602	1.89075411	293.218824	293.214974	293.207924	293.223849	0.000964459796	0.00684486196	0	0	0	0	3
193	110	0.215083712	1.90060179	293.217372	293.214977	293.207924	293.223849	0.000938893863	0.00684486196	0	0	0	0	3
194	111	0.215634505	1.91044947	293.216021	293.214923	293.207924	293.223849	0.000938893863	0.00684486196	0	0	0	0	3
195	111	0.216454094	1.92029715	293.214521	293.214874	293.207924	293.223849	0.000938893863	0.00684486196	0	0	0	0	3
196	112	0.217487461	1.93014482	293.219966	293.214951	293.207924	293.223849	0.000938893863	0.00684486196	0	0	0	0	3
197	113	0.218401835	1.9399925	293.214583	293.21495	293.207924	293.223849	0.000938893863	0.00684486196	0	0	0	0	3
198	113	0.219798542	1.94984018	293.216017	293.214952	293.207924	293.223664	0.000938893863	0.00684486196	0	0	0	0	3
199	114	0.221105571	1.95968786	293.217923	293.214988	293.207924	293.223664	0.000938893863	0.00684486196	0	0	0	0	3
200	114	0.222473294	1.96953553	293.216827	293.214947	293.207924	293.219966	0.000938893863	0.00684486196	0	0	0	0	3
201	116	0.223949664	1.97938321	293.218015	293.215067	293.212174	293.219966	0.000941207022	0.00684486196	0	0	0	0	3
202	116	0.225312894	1.98923089	293.217452	293.215153	293.212174	293.219966	0.000969441771	0.00684486196	0	0	0	0	3
203	117	0.226694301	1.99907857	293.214955	293.215163	293.212174	293.219966	0.000906369668	0.00684486196	0	0	0	0	3
204	117	0.227701662	2.00892625	293.212832	293.215128	293.212174	293.219966	0.000844908503	0.00684486196	0	0	0	0	3
205	118	0.228595135	2.01877392	293.213368	293.215102	293.212174	293.219966	0.000749782789	0.00684486196	0	0	0	0	3
206	118	0.230301789	2.0286216	293.21382	293.215075	293.212174	293.219966	0.000749782789	0.00684486196	0	0	0	0	3
207	119	0.231488713	2.03846928	293.212923	293.215073	293.212174	293.219966	0.000749782789	0.00684486196	0	0	0	0	3
208	119	0.232907811	2.04831696	293.212455	293.215021	293.212174	293.219966	0.000749782789	0.00684486196	0	0	0	0	3
209	119	0.234319307	2.05816463	293.21235	293.214992	293.212174	293.219966	0.000749782789	0.00684486196	0	0	0	0	3
210	120	0.235639397	2.06801231	293.212119	293.214976	293.212119	293.219966	0.000749782789	0.00684486196	0	0	0	0	3
211	120	0.237075915	2.07785999	293.212995	293.215	293.212119	293.219966	0.000749782789	0.00684486196	0	0	0	0	3
212	121	0.238587857	2.08770767	293.213793	293.21501	293.212119	293.219966	0.000749782789	0.00684486196	0	0	0	0	3
213	121	0.240199887	2.09755534	293.214405	293.215023	293.212119	293.219966	0.000749782789	0.00684486196	0	0	0	0	3
214	122	0.241933193	2.10740302	293.214626	293.215049	293.212119	293.219966	0.000749782789	0.00684486196	0	0	0	0	3
215	122	0.243325248	2.1172507	293.215135	293.215068	293.212119	293.219966	0.000749782789	0.00684486196	0	0	0	0	3
216	123	0.244652537	2.12709838	293.216884	293.21512	293.212119	293.219966	0.000729442487	0.00684486196	0	0	0	0	3
217	123	0.245912354	2.13694606	293.217822	293.215176	293.212119	293.219966	0.000696490696	0.00684486196	0	0	0	0	3
218	124	0.246576765	2.14679373	293.218476	293.215187	293.212119	293.219966	0.000679669287	0.00684486196	0	0	0	0	3
219	124	0.247102701	2.15664141	293.216306	293.215141	293.212119	293.219966	0.000613730427	0.00684486196	0	0	0	0	3
220	125	0.248047812	2.16648909	293.215146	293.215101	293.212119	293.219966	0.000550703615	0.00684486196	0	0	0	0	3
221	126	0.249085994	2.17633677	293.220691	293.215151	293.212119	293.220691	0.000548282988	0.00684486196	0	0	0	0	3
222	126	0.250006631	2.18618444	293.214716	293.215067	293.212119	293.220691	0.000548282988	0.00684486196	0	0	0	0	3
223	127	0.251326228	2.19603212	293.215977	293.215083	293.212119	293.220691	0.000505656812	0.00684486196	0	0	0	0	3
224	127	0.25265683	2.2058798	293.213843	293.215027	293.212119	293.220691	0.000505656812	0.00684486196	0	0	0	0	3
225	128	0.253812016	2.21572748	293.2144	293.215007	293.212119	293.220691	0.000462334468	0.00684486196	0	0	0	0	3
226	128	0.254830478	2.22557515	293.218404	293.215029	293.212119	293.220691	0.00042516786	0.00684486196	0	0	0	0	3
227	129	0.256327826	2.23542283	293.217103	293.215079	293.212119	293.220691	0.000347371431	0.00684486196	0	0	0	0	3
228	129	0.25757473	2.24527051	293.216379	293.215068	293.212119	293.220691	0.000319091807	0.00684486196	0	0	0	0	3
229	130	0.258680251	2.25511819	293.214136	293.215023	293.212119	293.220691	0.000319091807	0.00684486196	0	0	0	0	3
230	130	0.260170402	2.26496586	293.21444	293.215001	293.212119	293.220691	0.000319091807	0.00684486196	0	0	0	0	3
231	131	0.261421797	2.27481354	293.214012	293.215	293.212119	293.220691	0.000319091807	0.00684486196	0	0	0	0	3
232	131	0.263081146	2.28466122	293.213878	293.215004	293.212119	293.220691	0.000319091807	0.00684486196	0	0	0	0	3
233	132	0.264590649	2.2945089	293.213552	293.215031	293.212119	293.220691	0.000319091807	0.00684486196	0	0	0	0	3
234	132	0.265999712	2.30435658	293.213393	293.215064	293.212119	293.220691	0.000319091807	0.00684486196	0	0	0	0	3
235	132	0.267425659	2.31420425	293.213066	293.215057	293.212119	293.220691	0.000319091807	0.00684486196	0	0	0	0	3
236	133	0.269063321	2.32405193	293.213563	293.21508	293.212119	293.220691	0.000319091807	0.00684486196	0	0	0	0	3
237	133	0.270769684	2.33389961	293.214618	293.215116	293.212119	293.220691	0.000319091807	0.00684486196	0	0	0	0	3
238	134	0.272390917	2.34374729	293.214714	293.215132	293.212119	293.220691	0.000319091807	0.00684486196	0	0	0	0	3
239	134	0.274103199	2.35359496	293.215359	293.215155	293.212119	293.220691	0.000319091807	0.00684486196	0	0	0	0	3
240	135	0.27531349	2.36344264	293.21583	293.215176	293.212119	293.220691	0.000319091807	0.00684486196	0	0	0	0	3
241	135	0.276445677	2.37329032	293.218112	293.215223	293.212119	293.220691	0.000348275	0.00684486196	0	0	0	0	3
242	136	0.277520091	2.383138	293.217044	293.215213	293.212119	293.220691	0.000348275	0.00684486196	0	0	0	0	3
243	137	0.27813548	2.39298567	293.219836	293.21521	293.212119	293.220691	0.000348275	0.00684486196	0	0	0	0	3
244	137	0.27870407	2.40283335	293.217336	293.215209	293.212119	293.220691	0.000348275	0.00684486196	0	0	0	0	3
245	138	0.279618208	2.41268103	293.215815	293.215211	293.212119	293.220691	0.000348275	0.00684486196	0	0	0	0	3
246	138	0.280664476	2.42252871	293.228451	293.215435	293.212119	293.228451	0.000488389673	0.00684486196	0	0	0	0	3
247	139	0.281218506	2.43237639	293.214687	293.215355	293.212119	293.228451	0.000488389673	0.00684486196	0	0	0	0	3
248	140	0.282061746	2.44222406	293.224386	293.215486	293.212119	293.228451	0.000539132621	0.00684486196	0	0	0	0	3
249	140	0.282258171	2.45207174	293.206617	293.215446	293.206617	293.228451	0.000539132621	0.00684486196	0	0	0	0	3
250	141	0.282665868	2.46191942	293.227511	293.215474	293.206617	293.228451	0.000539132621	0.00684486196	0	0	0	0	3
251	141	0.282991417	2.4717671	293.242064	293.215586	293.206617	293.242064	0.000610097253	0.00684486196	0	0	0	0	3
252	141	0.283308658	2.48161477	293.216302	293.215529	293.206617	293.242064	0.000610097253	0.00684486196	0	0	0	0	3
253	142	0.283652579	2.49146245	293.211444	293.21546	293.206617	293.242064	0.000610097253	0.00684486196	0	0	0	0	3
254	142	0.284089644	2.50131013	293.202438	293.215373	293.202438	293.242064	0.000610097253	0.00684486196	0	0	0	0	3
255	143	0.28462114	2.51115781	293.202763	293.215301	293.202438	293.242064	0.000610097253	0.00684486196	0	0	0	0	3
256	143	0.285144599	2.52100548	293.205287	293.215238	293.202438	293.242064	0.000610097253	0.00684486196	0	0	0	0	3
257	144	0.285684999	2.53085316	293.206322	293.215195	293.202438	293.242064	0.000610097253	0.00684486196	0	0	0	0	3
258	144	0.286265809	2.54070084	293.209205	293.215181	293.202438	293.242064	0.000610097253	0.00684486196	0	0	0	0	3
259	145	0.286908609	2.55054852	293.213784	293.215236	293.202438	293.242064	0.000610097253	0.00684486196	0	0	0	0	3
260	146	0.287637462	2.5603962	293.218568	293.215358	293.202438	293.242064	0.000610097253	0.00684486196	0	0	0	0	3
261	146	0.288476905	2.57024387	293.220254	293.215517	293.202438	293.242064	0.000586203851	0.00684486196	0	0	0	0	3
262	147	0.289456234	2.58009155	293.216721	293.215608	293.202438	293.242064	0.000608429135	0.00684486196	0	0	0	0	3
263	147	0.290595441	2.58993923	293.215073	293.215649	293.202438	293.242064	0.000649454755	0.00684486196	0	0	0	0	3
264	148	0.291901253	2.59978691	293.215127	293.215675	293.202438	293.242064	0.000675063706	0.00684486196	0	0	0	0	3
265	148	0.293381231	2.60963458	293.213591	293.21565	293.202438	293.242064	0.000675063706	0.00684486196	0	0	0	0	3
266	149	0.294617552	2.61948226	293.213062	293.215602	293.202438	293.242064	0.000675063706	0.00684486196	0	0	0	0	3
267	149	0.296101751	2.62932994	293.212042	293.215466	293.202438	293.242064	0.000675063706	0.00684486196	0	0	0	0	3
268	150	0.297574255	2.63917762	293.212554	293.215326	293.202438	293.242064	0.000675063706	0.00684486196	0	0	0	0	3
269	150	0.29900055	2.64902529	293.211977	293.215195	293.202438	293.242064	0.000675063706	0.00684486196	0	0	0	0	3
270	150	0.300562459	2.65887297	293.212711	293.215111	293.202438	293.242064	0.000675063706	0.00684486196	0	0	0	0	3
271	151	0.302297997	2.66872065	293.214067	293.215077	293.202438	293.242064	0.000675063706	0.00684486196	0	0	0	0	3
272	151	0.30389161	2.67856833	293.214491	293.214954	293.202438	293.242064	0.00072114735	0.00684486196	0	0	0	0	3
273	152	0.305640686	2.688416	293.214915	293.214956	293.202438	293.242064	0.00072114735	0.00684486196	0	0	0	0	3
274	152	0.307253969	2.69826368	293.215741	293.214955	293.202438	293.242064	0.00072114735	0.00684486196	0	0	0	0	3
275	153	0.308504453	2.70811136	293.217821	293.215046	293.202438	293.242064	0.00072114735	0.00684486196	0	0	0	0	3
276	153	0.309573521	2.71795904	293.218075	293.215117	293.202438	293.242064	0.00072114735	0.00684486196	0	0	0	0	3
277	154	0.31018586	2.72780672	293.217045	293.215078	293.202438	293.242064	0.00072114735	0.00684486196	0	0	0	0	3
278	154	0.31110069	2.73765439	293.217839	293.215069	293.202438	293.242064	0.00072114735	0.00684486196	0	0	0	0	3
279	155	0.312259509	2.74750207	293.217516	293.215091	293.202438	293.242064	0.00072114735	0.00684486196	0	0	0	0	3
280	156	0.313315969	2.75734975	293.217549	293.215158	293.202438	293.242064	0.00072114735	0.00684486196	0	0	0	0	3
281	156	0.314141682	2.76719743	293.214696	293.21517	293.202438	293.242064	0.00072114735	0.00684486196	0	0	0	0	3
282	157	0.315392435	2.7770451	293.218715	293.215279	293.202438	293.242064	0.00072114735	0.00684486196	0	0	0	0	3
283	158	0.316409475	2.78689278	293.218223	293.215379	293.202438	293.242064	0.00072114735	0.00684486196	0	0	0	0	3
284	158	0.318254025	2.79674046	293.217231	293.215494	293.202438	293.242064	0.00072114735	0.00684486196	0	0	0	0	3
285	159	0.319210286	2.80658814	293.216087	293.21556	293.202438	293.242064	0.00072114735	0.00684486196	0	0	0	0	3
286	159	0.320688622	2.81643581	293.214167	293.215588	293.202438	293.242064	0.00072114735	0.00684486196	0	0	0	0	3
287	160	0.321983301	2.82628349	293.21479	293.215632	293.202438	293.242064	0.00072114735	0.00684486196	0	0	0	0	3
288	160	0.323406882	2.83613117	293.21272	293.215586	293.202438	293.242064	0.00072114735	0.00684486196	0	0	0	0	3
289	161	0.324916738	2.84597885	293.213617	293.215556	293.202438	293.242064	0.00072114735	0.00684486196	0	0	0	0	3
290	161	0.326197397	2.85582653	293.213114	293.215503	293.202438	293.242064	0.00072114735	0.00684486196	0	0	0	0	3
291	162	0.327815789	2.8656742	293.211921	293.215385	293.202438	293.242064	0.00072114735	0.00684486196	0	0	0	0	3
292	162	0.329318323	2.87552188	293.212384	293.215241	293.202438	293.242064	0.00072114735	0.00684486196	0	0	0	0	3
293	162	0.330857732	2.88536956	293.213142	293.215144	293.202438	293.242064	0.00072114735	0.00684486196	0	0	0	0	3
294	163	0.332390025	2.89521724	293.213369	293.215041	293.202438	293.242064	0.00072114735	0.00684486196	0	0	0	0	3
295	163	0.334020067	2.90506491	293.21431	293.214996	293.202438	293.242064	0.00072114735	0.00684486196	0	0	0	0	3
296	164	0.335654167	2.91491259	293.214378	293.214964	293.202438	293.242064	0.00072114735	0.00684486196	0	0	0	0	3
297	164	0.337387744	2.92476027	293.215073	293.214719	293.202438	293.242064	0.000956169719	0.00684486196	0	0	0	0	3
298	165	0.33901746	2.93460795	293.217217	293.214789	293.202438	293.242064	0.000956169719	0.00684486196	0	0	0	0	3
299	165	0.340316724	2.94445562	293.21834	293.21473	293.202438	293.242064	0.000956169719	0.00684486196	0	0	0	0	3
300	166	0.340894297	2.9543033	293.217487	293.214784	293.202438	293.242064	0.000956169719	0.00684486196	0	0	0	0	3
301	167	0.341535188	2.96415098	293.217301	293.214723	293.202438	293.242064	0.000956169719	0.00684486196	0	0	0	0	3
302	168	0.342435522	2.97399866	293.218058	293.214624	293.202438	293.220254	0.00105077837	0.00684486196	0	0	0	0	3
303	168	0.343586415	2.98384633	293.219087	293.2147	293.202438	293.220254	0.00105077837	0.00684486196	0	0	0	0	3
304	169	0.344672114	2.99369401	293.211025	293.214653	293.202438	293.220254	0.00105077837	0.00684486196	0	0	0	0	3
305	169	0.344865742	3.00354169	293.252829	293.214863	293.202763	293.252829	0.00105077837	0.00684486196	0	0	0	0	3
306	170	0.345320997	3.01338937	293.242102	293.215173	293.205287	293.252829	0.00105077837	0.00684486196	0	0	0	0	3
307	170	0.345738462	3.02323705	293.216641	293.215269	293.206322	293.252829	0.00105077837	0.00684486196	0	0	0	0	3
308	171	0.346161894	3.03308472	293.225807	293.215422	293.209205	293.252829	0.00105077837	0.00684486196	0	0	0	0	3
309	171	0.346786442	3.0429324	293.235507	293.215689	293.211025	293.252829	0.00106523584	0.00684486196	0	0	0	0	3
310	172	0.3472328	3.05278008	293.22411	293.215772	293.211025	293.252829	0.00114784553	0.00684486196	0	0	0	0	3
311	172	0.3476891	3.06262776	293.229063	293.215839	293.211025	293.252829	0.00121489672	0.00684486196	0	0	0	0	3
312	173	0.348167864	3.07247543	293.220288	293.215813	293.211025	293.252829	0.00121489672	0.00684486196	0	0	0	0	3
313	173	0.348639726	3.08232311	293.218622	293.21582	293.211025	293.252829	0.00121489672	0.00684486196	0	0	0	0	3
314	174	0.34910641	3.09217079	293.217011	293.215844	293.211025	293.252829	0.00121989881	0.00684486196	0	0	0	0	3
315	174	0.349643819	3.10201847	293.203421	293.215745	293.203421	293.252829	0.00121989881	0.00684486196	0	0	0	0	3
316	175	0.350239133	3.11186614	293.207235	293.215712	293.203421	293.252829	0.00121989881	0.00684486196	0	0	0	0	3
317	175	0.350861638	3.12171382	293.20724	293.215676	293.203421	293.252829	0.00121989881	0.00684486196	0	0	0	0	3
318	176	0.351572162	3.1315615	293.214721	293.215761	293.203421	293.252829	0.00121989881	0.00684486196	0	0	0	0	3
319	177	0.352428948	3.14140918	293.215292	293.21584	293.203421	293.252829	0.00121989881	0.00684486196	0	0	0	0	3
320	177	0.353235908	3.15125686	293.216899	293.215957	293.203421	293.252829	0.00133301957	0.00684486196	0	0	0	0	3
321	178	0.354101676	3.16110453	293.215183	293.216039	293.203421	293.252829	0.00141521132	0.00684486196	0	0	0	0	3
322	178	0.355283343	3.17095221	293.215559	293.216093	293.203421	293.252829	0.00146911594	0.00684486196	0	0	0	0	3
323	179	0.356580265	3.18079989	293.214438	293.216101	293.203421	293.252829	0.00147683939	0.00684486196	0	0	0	0	3
324	179	0.357982304	3.19064757	293.213397	293.216068	293.203421	293.252829	0.00147683939	0.00684486196	0	0	0	0	3
325	179	0.359642112	3.20049524	293.21301	293.215981	293.203421	293.252829	0.00147683939	0.00684486196	0	0	0	0	3
326	180	0.360819179	3.21034292	293.213639	293.215885	293.203421	293.252829	0.00147683939	0.00684486196	0	0	0	0	3
327	180	0.36257744	3.2201906	293.213775	293.21577	293.203421	293.252829	0.00147683939	0.00684486196	0	0	0	0	3
328	181	0.364104242	3.23003828	293.214455	293.215719	293.203421	293.252829	0.00147683939	0.00684486196	0	0	0	0	3
329	181	0.365745268	3.23988595	293.215638	293.215681	293.203421	293.252829	0.00147683939	0.00684486196	0	0	0	0	3
330	182	0.367470743	3.24973363	293.215435	293.215635	293.203421	293.252829	0.00147683939	0.00684486196	0	0	0	0	3
331	182	0.368942471	3.25958131	293.216174	293.215613	293.203421	293.252829	0.00147683939	0.00684486196	0	0	0	0	3
332	183	0.370653895	3.26942899	293.21831	293.215708	293.203421	293.252829	0.00147683939	0.00684486196	0	0	0	0	3
333	183	0.371802014	3.27927667	293.219278	293.215714	293.203421	293.252829	0.00147683939	0.00684486196	0	0	0	0	3
334	184	0.37237739	3.28912434	293.218972	293.215701	293.203421	293.252829	0.00147683939	0.00684486196	0	0	0	0	3
335	184	0.372982193	3.29897202	293.220011	293.215698	293.203421	293.252829	0.00147683939	0.00684486196	0	0	0	0	3
336	185	0.373808318	3.3088197	293.219743	293.215752	293.203421	293.252829	0.00147683939	0.00684486196	0	0	0	0	3
337	186	0.374946885	3.31866738	293.22014	293.215887	293.203421	293.252829	0.00147683939	0.00684486196	0	0	0	0	3
338	186	0.376039713	3.32851505	293.218763	293.215972	293.203421	293.252829	0.00147683939	0.00684486196	0	0	0	0	3
339	187	0.377093582	3.33836273	293.216176	293.216062	293.203421	293.252829	0.00147683939	0.00684486196	0	0	0	0	3
340	187	0.378496643	3.34821041	293.216338	293.216138	293.203421	293.252829	0.00151393315	0.00684486196	0	0	0	0	3
341	188	0.379879668	3.35805809	293.213426	293.21614	293.203421	293.252829	0.00151621447	0.00684486196	0	0	0	0	3
342	189	0.381303746	3.36790576	293.21926	293.216351	293.203421	293.252829	0.00172694734	0.00684486196	0	0	0	0	3
343	189	0.382772662	3.37775344	293.218175	293.216513	293.203421	293.252829	0.00188857029	0.00684486196	0	0	0	0	3
344	190	0.383542516	3.38760112	293.217528	293.216626	293.203421	293.252829	0.00200189983	0.00684486196	0	0	0	0	3
345	190	0.384671196	3.3974488	293.215092	293.216688	293.203421	293.252829	0.00206424077	0.00684486196	0	0	0	0	3
346	191	0.385646395	3.40729647	293.2146	293.216724	293.203421	293.252829	0.00209987197	0.00684486196	0	0	0	0	3
347	191	0.386748411	3.41714415	293.215635	293.216775	293.203421	293.252829	0.00215141448	0.00684486196	0	0	0	0	3
348	192	0.388368868	3.42699183	293.21418	293.216751	293.203421	293.252829	0.00215141448	0.00684486196	0	0	0	0	3
349	192	0.389816708	3.43683951	293.213174	293.216634	293.203421	293.252829	0.00215141448	0.00684486196	0	0	0	0	3
350	192	0.390981274	3.44668719	293.213161	293.21651	293.203421	293.252829	0.00215141448	0.00684486196	0	0	0	0	3
351	193	0.392161423	3.45653486	293.215118	293.216467	293.203421	293.252829	0.00215141448	0.00684486196	0	0	0	0	3
352	193	0.393471241	3.46638254	293.214608	293.21641	293.203421	293.252829	0.00215141448	0.00684486196	0	0	0	0	3
353	194	0.394932814	3.47623022	293.214421	293.216327	293.203421	293.252829	0.00212206517	0.00684486196	0	0	0	0	3
354	194	0.396529457	3.4860779	293.215635	293.216246	293.203421	293.252829	0.00212206517	0.00684486196	0	0	0	0	3
355	195	0.398118684	3.49592557	293.215677	293.216335	293.203421	293.252829	0.00191259884	0.00684486196	0	0	0	0	3
356	195	0.399854025	3.50577325	293.216055	293.216197	293.203421	293.242102	0.00160235682	0.00684486196	0	0	0	0	3
357	196	0.401466045	3.51562093	293.217344	293.21602	293.203421	293.235507	0.00150684098	0.00684486196	0	0	0	0	3
358	196	0.402733731	3.52546861	293.219736	293.216098	293.203421	293.235507	0.00135311117	0.00684486196	0	0	0	0	3
359	197	0.403589908	3.53531628	293.219562	293.216078	293.203421	293.235507	0.00116294712	0.00684486196	0	0	0	0	3
360	198	0.404307077	3.54516396	293.220499	293.215923	293.203421	293.229063	0.00116294712	0.00684486196	0	0	0	0	3
361	198	0.405154913	3.55501164	293.2184	293.215896	293.203421	293.229063	0.00116294712	0.00684486196	0	0	0	0	3
362	199	0.406229027	3.56485932	293.219029	293.215851	293.203421	293.220499	0.00116294712	0.00684486196	0	0	0	0	3
363	199	0.407452718	3.574707	293.216927	293.215837	293.203421	293.220499	0.00116294712	0.00684486196	0	0	0	0	3
364	200	0.408933958	3.58455467	293.217106	293.215846	293.203421	293.220499	0.00116294712	0.00684486196	0	0	0	0	3
365	200	0.410495666	3.59440235	293.217153	293.215871	293.203421	293.220499	0.00116294712	0.00684486196	0	0	0	0	3
366	201	0.412090043	3.60425003	293.216735	293.216	293.207235	293.220499	0.00116294712	0.00684486196	0	0	0	0	3
367	202	0.412956101	3.61409771	293.220485	293.216145	293.20724	293.220499	0.00116294712	0.00684486196	0	0	0	0	3
368	202	0.414381569	3.62394538	293.217549	293.216264	293.21301	293.220499	0.00116294712	0.00684486196	0	0	0	0	3
369	203	0.41615126	3.63379306	293.216909	293.216299	293.21301	293.220499	0.00116294712	0.00684486196	0	0	0	0	3
370	203	0.417309787	3.64364074	293.215257	293.216293	293.21301	293.220499	0.00116294712	0.00684486196	0	0	0	0	3
371	203	0.418968974	3.65348842	293.215784	293.216273	293.21301	293.220499	0.00116294712	0.00684486196	0	0	0	0	3
372	204	0.420093171	3.66333609	293.214107	293.21625	293.21301	293.220499	0.00116294712	0.00684486196	0	0	0	0	3
373	204	0.421894983	3.67318377	293.214072	293.216204	293.21301	293.220499	0.00116294712	0.00684486196	0	0	0	0	3
374	205	0.423168389	3.68303145	293.214076	293.216197	293.21301	293.220499	0.00116294712	0.00684486196	0	0	0	0	3
375	205	0.424528409	3.69287913	293.213924	293.21621	293.21301	293.220499	0.00116294712	0.00684486196	0	0	0	0	3
376	206	0.426087451	3.70272681	293.214476	293.216249	293.213161	293.220499	0.00116294712	0.00684486196	0	0	0	0	3
377	206	0.427716925	3.71257448	293.215699	293.216282	293.213161	293.220499	0.00116294712	0.00684486196	0	0	0	0	3
378	207	0.429333526	3.72242216	293.215856	293.216337	293.213161	293.220499	0.00116294712	0.00684486196	0	0	0	0	3
379	207	0.431044683	3.73226984	293.216188	293.216377	293.213161	293.220499	0.00116294712	0.00684486196	0	0	0	0	3
380	208	0.432324714	3.74211752	293.216928	293.216405	293.213161	293.220499	0.00116294712	0.00684486196	0	0	0	0	3
381	208	0.433483148	3.75196519	293.219139	293.216479	293.213161	293.220499	0.00116294712	0.00684486196	0	0	0	0	3
382	209	0.434536146	3.76181287	293.219361	293.216532	293.213161	293.220499	0.00107792392	0.00684486196	0	0	0	0	3
383	209	0.435121273	3.77166055	293.222069	293.216535	293.213161	293.222069	0.00107792392	0.00684486196	0	0	0	0	3
384	210	0.435624108	3.78150823	293.216094	293.216482	293.213161	293.222069	0.00107792392	0.00684486196	0	0	0	0	3
385	211	0.43651098	3.7913559	293.214815	293.216437	293.213161	293.222069	0.00107792392	0.00684486196	0	0	0	0	3
386	211	0.437551707	3.80120358	293.224322	293.21653	293.213161	293.224322	0.00102353731	0.00684486196	0	0	0	0	3
387	212	0.438322899	3.81105126	293.2156	293.216478	293.213161	293.224322	0.000938474678	0.00684486196	0	0	0	0	3
388	212	0.439539475	3.82089894	293.217232	293.216428	293.213161	293.224322	0.000938474678	0.00684486196	0	0	0	0	3
389	213	0.440906809	3.83074661	293.218701	293.216436	293.213161	293.224322	0.000938474678	0.00684486196	0	0	0	0	3
390	213	0.442056519	3.84059429	293.216274	293.216438	293.213161	293.224322	0.000938474678	0.00684486196	0	0	0	0	3
391	214	0.443606494	3.85044197	293.219628	293.216516	293.213161	293.224322	0.000938474678	0.00684486196	0	0	0	0	3
392	215	0.444588057	3.86028965	293.21804	293.216605	293.213161	293.224322	0.000938474678	0.00684486196	0	0	0	0	3
393	215	0.445952776	3.87013733	293.216216	293.216538	293.213161	293.224322	0.000938474678	0.00684486196	0	0	0	0	3
394	216	0.447302768	3.879985	293.216014	293.21649	293.213161	293.224322	0.000938474678	0.00684486196	0	0	0	0	3
395	216	0.448759799	3.88983268	293.214643	293.216436	293.213161	293.224322	0.000938474678	0.00684486196	0	0	0	0	3
396	217	0.450134163	3.89968036	293.215398	293.216438	293.213161	293.224322	0.000938474678	0.00684486196	0	0	0	0	3
397	217	0.451593601	3.90952804	293.214525	293.216423	293.213161	293.224322	0.000938474678	0.00684486196	0	0	0	0	3
398	218	0.453100442	3.91937571	293.214265	293.216387	293.213161	293.224322	0.000913850878	0.00684486196	0	0	0	0	3
399	218	0.454528921	3.92922339	293.214723	293.216405	293.213161	293.224322	0.000796953881	0.00684486196	0	0	0	0	3
400	218	0.456180457	3.93907107	293.21448	293.216427	293.213161	293.224322	0.000767780281	0.00684486196	0	0	0	0	3
401	219	0.457761453	3.94891875	293.21477	293.216445	293.213924	293.224322	0.000767780281	0.00684486196	0	0	0	0	3
402	220	0.459401115	3.95876642	293.215787	293.216452	293.213924	293.224322	0.000767780281	0.00684486196	0	0	0	0	3
403	220	0.460983884	3.9686141	293.215911	293.216475	293.213924	293.224322	0.000767780281	0.00684486196	0	0	0	0	3
404	221	0.462661752	3.97846178	293.216579	293.216522	293.213924	293.224322	0.000767780281	0.00684486196	0	0	0	0	3
405	221	0.464218761	3.98830946	293.217765	293.216572	293.213924	293.224322	0.000767780281	0.00684486196	0	0	0	0	3
406	222	0.465374286	3.99815714	293.220117	293.216654	293.213924	293.224322	0.000816865559	0.00684486196	0	0	0	0	3
407	223	0.466411719	4.00800481	293.222154	293.216755	293.213924	293.224322	0.00091821807	0.00684486196	0	0	0	0	3
408	223	0.466904533	4.01785249	293.216725	293.216741	293.213924	293.224322	0.00091821807	0.00684486196	0	0	0	0	3
409	224	0.467860435	4.02770017	293.21711	293.216688	293.213924	293.224322	0.00091821807	0.00684486196	0	0	0	0	3
410	224	0.468908125	4.03754785	293.219987	293.216703	293.213924	293.224322	0.00091821807	0.00684486196	0	0	0	0	3
411	225	0.469913776	4.04739552	293.217696	293.216677	293.213924	293.224322	0.00091821807	0.00684486196	0	0	0	0	3
412	226	0.471393542	4.0572432	293.216972	293.216661	293.213924	293.224322	0.00091821807	0.00684486196	0	0	0	0	3
413	226	0.472474855	4.06709088	293.217855	293.216642	293.213924	293.224322	0.00091821807	0.00684486196	0	0	0	0	3
414	227	0.473854094	4.07693856	293.217125	293.216647	293.213924	293.224322	0.000908832077	0.00684486196	0	0	0	0	3
415	227	0.475594116	4.08678623	293.218109	293.216675	293.213924	293.224322	0.000884443461	0.00684486196	0	0	0	0	3
416	228	0.476630594	4.09663391	293.218191	293.216687	293.213924	293.224322	0.000755231893	0.00684486196	0	0	0	0	3
417	228	0.478180976	4.10648159	293.215987	293.21667	293.213924	293.224322	0.000610098358	0.00684486196	0	0	0	0	3
418	229	0.479646151	4.11632927	293.215691	293.216599	293.213924	293.224322	0.000557833502	0.00684486196	0	0	0	0	3
419	229	0.481313754	4.12617695	293.214885	293.216536	293.213924	293.224322	0.000557833502	0.00684486196	0	0	0	0	3
420	230	0.482629395	4.13602462	293.214991	293.216495	293.213924	293.224322	0.000557833502	0.00684486196	0	0	0	0	3
421	230	0.484309556	4.1458723	293.214783	293.216474	293.213924	293.224322	0.000557833502	0.00684486196	0	0	0	0	3
422	230	0.485886208	4.15571998	293.214966	293.216455	293.213924	293.224322	0.000557833502	0.00684486196	0	0	0	0	3
423	231	0.487385676	4.16556766	293.214217	293.216445	293.213924	293.224322	0.000557833502	0.00684486196	0	0	0	0	3
424	231	0.489045333	4.17541533	293.214934	293.216471	293.213924	293.224322	0.000557833502	0.00684486196	0	0	0	0	3
425	232	0.490776145	4.18526301	293.215829	293.2165	293.213924	293.224322	0.000545302003	0.00684486196	0	0	0	0	3
426	232	0.492401102	4.19511069	293.215962	293.216539	293.214217	293.224322	0.000506062946	0.00684486196	0	0	0	0	3
427	233	0.494103072	4.20495837	293.216565	293.216586	293.214217	293.224322	0.000473551631	0.00684486196	0	0	0	0	3
428	233	0.495670403	4.21480604	293.217775	293.216635	293.214217	293.224322	0.00041782474	0.00684486196	0	0	0	0	3
429	234	0.496818514	4.22465372	293.219439	293.216702	293.214217	293.224322	0.000378702364	0.00684486196	0	0	0	0	3
430	235	0.497863285	4.2345014	293.222458	293.216805	293.214217	293.224322	0.000418009094	0.00684486196	0	0	0	0	3
431	235	0.498343131	4.24434908	293.215654	293.216794	293.214217	293.224322	0.000418009094	0.00684486196	0	0	0	0	3
432	236	0.499155911	4.25419675	293.215492	293.216736	293.214217	293.224322	0.000418009094	0.00684486196	0	0	0	0	3
433	237	0.500198286	4.26404443	293.222825	293.216791	293.214217	293.224322	0.000418009094	0.00684486196	0	0	0	0	3
434	237	0.500782026	4.27389211	293.21526	293.21673	293.214217	293.224322	0.000418009094	0.00684486196	0	0	0	0	3
435	238	0.501839174	4.28373979	293.217318	293.216745	293.214217	293.224322	0.000418009094	0.00684486196	0	0	0	0	3
436	238	0.503054274	4.29358747	293.217617	293.216786	293.214217	293.224322	0.000418009094	0.00684486196	0	0	0	0	3
437	239	0.503906556	4.30343514	293.216683	293.216667	293.214217	293.222825	0.000418009094	0.00684486196	0	0	0	0	3
438	239	0.505194405	4.31328282	293.211295	293.216576	293.211295	293.222825	0.000418009094	0.00684486196	0	0	0	0	3
439	240	0.505761185	4.3231305	293.22154	293.216606	293.211295	293.222825	0.000418009094	0.00684486196	0	0	0	0	3
440	240	0.506505098	4.33297818	293.222734	293.216632	293.211295	293.222825	0.000418009094	0.00684486196	0	0	0	0	3
441	241	0.507826923	4.34282585	293.22133	293.216732	293.211295	293.222825	0.000418009094	0.00684486196	0	0	0	0	3
442	241	0.508873765	4.35267353	293.217766	293.21668	293.211295	293.222825	0.000418009094	0.00684486196	0	0	0	0	3
443	242	0.509836419	4.36252121	293.215559	293.216643	293.211295	293.222825	0.000418009094	0.00684486196	0	0	0	0	3
444	242	0.510726445	4.37236889	293.21477	293.216627	293.211295	293.222825	0.000418009094	0.00684486196	0	0	0	0	3
445	243	0.512363627	4.38221656	293.215025	293.216599	293.211295	293.222825	0.000418009094	0.00684486196	0	0	0	0	3
446	243	0.513786718	4.39206424	293.215628	293.216622	293.211295	293.222825	0.000418009094	0.00684486196	0	0	0	0	3
447	244	0.515282997	4.40191192	293.214736	293.216604	293.211295	293.222825	0.000418009094	0.00684486196	0	0	0	0	3
448	244	0.516659894	4.4117596	293.213842	293.216592	293.211295	293.222825	0.000418009094	0.00684486196	0	0	0	0	3
449	245	0.517862633	4.42160728	293.214933	293.216616	293.211295	293.222825	0.000399874161	0.00684486196	0	0	0	0	3
450	245	0.519220163	4.43145495	293.215867	293.216642	293.211295	293.222825	0.000377291193	0.00684486196	0	0	0	0	3
451	246	0.520606563	4.44130263	293.215841	293.21668	293.211295	293.222825	0.000359908982	0.00684486196	0	0	0	0	3
452	246	0.522144442	4.45115031	293.216643	293.216726	293.211295	293.222825	0.000359908982	0.00684486196	0	0	0	0	3
453	246	0.523596637	4.46099799	293.216677	293.216749	293.211295	293.222825	0.000359908982	0.00684486196	0	0	0	0	3
454	247	0.525149841	4.47084566	293.21699	293.216775	293.211295	293.222825	0.000359908982	0.00684486196	0	0	0	0	3
455	247	0.526651075	4.48069334	293.217278	293.216792	293.211295	293.222825	0.000359908982	0.00684486196	0	0	0	0	3
456	248	0.527766626	4.49054102	293.21968	293.216819	293.211295	293.222825	0.000374286212	0.00684486196	0	0	0	0	3
457	249	0.528682412	4.5003887	293.219993	293.216805	293.211295	293.222825	0.000374286212	0.00684486196	0	0	0	0	3
458	249	0.529292003	4.51023637	293.219888	293.216746	293.211295	293.222825	0.000374286212	0.00684486196	0	0	0	0	3
459	250	0.5298079	4.52008405	293.21792	293.216756	293.211295	293.222825	0.000374286212	0.00684486196	0	0	0	0	3
460	250	0.530713252	4.52993173	293.21682	293.216752	293.211295	293.222825	0.000374286212	0.00684486196	0	0	0	0	3
461	251	0.53168736	4.53977941	293.218742	293.216729	293.211295	293.222825	0.000374286212	0.00684486196	0	0	0	0	3
462	252	0.532645636	4.54962709	293.216329	293.216707	293.211295	293.222825	0.000374286212	0.00684486196	0	0	0	0	3
463	252	0.534038212	4.55947476	293.216431	293.216695	293.211295	293.222825	0.000374286212	0.00684486196	0	0	0	0	3
464	253	0.535424562	4.56932244	293.218085	293.216705	293.211295	293.222825	0.000374286212	0.00684486196	0	0	0	0	3
465	254	0.536969678	4.57917012	293.217672	293.21672	293.211295	293.222825	0.000374286212	0.00684486196	0	0	0	0	3
466	254	0.538757625	4.5890178	293.219006	293.216746	293.211295	293.222825	0.000374286212	0.00684486196	0	0	0	0	3
467	255	0.539740353	4.59886547	293.218865	293.216756	293.211295	293.222825	0.000374286212	0.00684486196	0	0	0	0	3
468	255	0.541329417	4.60871315	293.217022	293.216781	293.211295	293.222825	0.000374286212	0.00684486196	0	0	0	0	3
469	256	0.54287956	4.61856083	293.215533	293.216776	293.211295	293.222825	0.000374286212	0.00684486196	0	0	0	0	3
470	256	0.544321384	4.62840851	293.215909	293.216806	293.211295	293.222825	0.000374286212	0.00684486196	0	0	0	0	3
471	257	0.545950691	4.63825618	293.215386	293.216807	293.211295	293.222825	0.000374286212	0.00684486196	0	0	0	0	3
472	257	0.547219307	4.64810386	293.214563	293.216816	293.211295	293.222825	0.000374286212	0.00684486196	0	0	0	0	3
473	257	0.548674512	4.65795154	293.215252	293.216826	293.211295	293.222825	0.000381410992	0.00684486196	0	0	0	0	3
474	258	0.550109694	4.66779922	293.214766	293.216841	293.211295	293.222825	0.000370298489	0.00684486196	0	0	0	0	3
475	258	0.55175374	4.67764689	293.215081	293.216846	293.211295	293.222825	0.000345942699	0.00684486196	0	0	0	0	3
476	259	0.553402585	4.68749457	293.216001	293.216852	293.211295	293.222825	0.000313057735	0.00684486196	0	0	0	0	3
477	259	0.555025066	4.69734225	293.216145	293.216856	293.211295	293.222825	0.000280815713	0.00684486196	0	0	0	0	3
478	260	0.556713693	4.70718993	293.216615	293.216858	293.211295	293.222825	0.000282229612	0.00684486196	0	0	0	0	3
479	260	0.558302349	4.71703761	293.21764	293.216855	293.211295	293.222825	0.000282229612	0.00684486196	0	0	0	0	3
480	261	0.55945108	4.72688528	293.21962	293.216858	293.211295	293.222825	0.000282452427	0.00684486196	0	0	0	0	3
481	262	0.560723018	4.73673296	293.2224	293.216877	293.211295	293.222825	0.000301511947	0.00684486196	0	0	0	0	3
482	262	0.561060392	4.74658064	293.215334	293.216878	293.211295	293.222825	0.000302568453	0.00684486196	0	0	0	0	3
483	263	0.561704441	4.75642832	293.217749	293.216905	293.211295	293.222825	0.000329548456	0.00684486196	0	0	0	0	3
484	263	0.562830751	4.76627599	293.221518	293.21689	293.211295	293.222734	0.000329548456	0.00684486196	0	0	0	0	3
485	264	0.56358858	4.77612367	293.217436	293.216911	293.211295	293.222734	0.00033571329	0.00684486196	0	0	0	0	3
486	264	0.564588388	4.78597135	293.217376	293.216912	293.211295	293.222734	0.000336268642	0.00684486196	0	0	0	0	3
487	265	0.565920651	4.79581903	293.217621	293.216913	293.211295	293.222734	0.000337684242	0.00684486196	0	0	0	0	3
488	266	0.566773653	4.8056667	293.218098	293.216932	293.211295	293.222734	0.000356869636	0.00684486196	0	0	0	0	3
489	266	0.567734001	4.81551438	293.216847	293.217047	293.213842	293.222734	0.000454944818	0.00684486196	0	0	0	0	3
490	267	0.569038592	4.82536206	293.220988	293.217088	293.213842	293.222734	0.00049595848	0.00684486196	0	0	0	0	3
491	267	0.57036616	4.83520974	293.219371	293.21707	293.213842	293.2224	0.00049595848	0.00684486196	0	0	0	0	3
492	267	0.571510819	4.84505742	293.216022	293.216963	293.213842	293.2224	0.00049595848	0.00684486196	0	0	0	0	3
493	268	0.572273024	4.85490509	293.215169	293.216928	293.213842	293.2224	0.00049595848	0.00684486196	0	0	0	0	3
494	268	0.573672144	4.86475277	293.214363	293.216892	293.213842	293.2224	0.00049595848	0.00684486196	0	0	0	0	3
495	269	0.575143483	4.87460045	293.214594	293.216869	293.213842	293.2224	0.00049595848	0.00684486196	0	0	0	0	3
496	269	0.576587669	4.88444813	293.214786	293.216869	293.213842	293.2224	0.00049595848	0.00684486196	0	0	0	0	3
497	270	0.578210735	4.8942958	293.213966	293.216824	293.213842	293.2224	0.00049595848	0.00684486196	0	0	0	0	3
498	270	0.579476495	4.90414348	293.214547	293.216827	293.213842	293.2224	0.00049595848	0.00684486196	0	0	0	0	3
499	271	0.58097718	4.91399116	293.214683	293.216841	293.213966	293.2224	0.000472623442	0.00684486196	0	0	0	0	3
500	271	0.582327371	4.92383884	293.21467	293.216831	293.213966	293.2224	0.000446548143	0.00684486196	0	0	0	0	3
501	272	0.583758262	4.93368651	293.214963	293.21681	293.213966	293.2224	0.000408379726	0.00684486196	0	0	0	0	3
502	272	0.585315048	4.94353419	293.215768	293.216806	293.213966	293.2224	0.000393614186	0.00684486196	0	0	0	0	3
503	273	0.586914507	4.95338187	293.216015	293.21679	293.213966	293.2224	0.000393614186	0.00684486196	0	0	0	0	3
504	273	0.58861391	4.96322955	293.216094	293.216775	293.213966	293.2224	0.000393614186	0.00684486196	0	0	0	0	3
505	274	0.590203302	4.97307722	293.218362	293.216808	293.213966	293.2224	0.000393614186	0.00684486196	0	0	0	0	3
506	275	0.591479158	4.9829249	293.219866	293.216857	293.213966	293.2224	0.000393614186	0.00684486196	0	0	0	0	3
507	275	0.59210839	4.99277258	293.220294	293.216842	293.213966	293.2224	0.000393614186	0.00684486196	0	0	0	0	3
508	276	0.592621254	5.00262026	293.219128	293.216815	293.213966	293.2224	0.000393614186	0.00684486196	0	0	0	0	3
509	276	0.593492463	5.01246794	293.216395	293.21678	293.213966	293.2224	0.000393614186	0.00684486196	0	0	0	0	3
510	277	0.594452408	5.02231561	293.219267	293.216808	293.213966	293.2224	0.000393614186	0.00684486196	0	0	0	0	3
511	277	0.59541151	5.03216329	293.215706	293.216792	293.213966	293.2224	0.000393614186	0.00684486196	0	0	0	0	3
512	278	0.596727671	5.04201097	293.213625	293.216699	293.213625	293.2224	0.000393614186	0.00684486196	0	0	0	0	3
513	278	0.59689842	5.05185865	293.245373	293.21678	293.213625	293.245373	0.000393614186	0.00684486196	0	0	0	0	3
514	279	0.597405971	5.06170632	293.232577	293.216914	293.213625	293.245373	0.000389708076	0.00684486196	0	0	0	0	3
515	279	0.5981943	5.071554	293.228813	293.217038	293.213625	293.245373	0.000389708076	0.00684486196	0	0	0	0	3
516	280	0.598517714	5.08140168	293.23381	293.21711	293.213625	293.245373	0.000411702499	0.00684486196	0	0	0	0	3
517	280	0.598896752	5.09124936	293.220022	293.217072	293.213625	293.245373	0.000411702499	0.00684486196	0	0	0	0	3
518	281	0.599374291	5.10109703	293.215877	293.217033	293.213625	293.245373	0.000411702499	0.00684486196	0	0	0	0	3
519	281	0.599945298	5.11094471	293.216074	293.217024	293.213625	293.245373	0.000411702499	0.00684486196	0	0	0	0	3
520	282	0.600794807	5.12079239	293.214765	293.217031	293.213625	293.245373	0.000411702499	0.00684486196	0	0	0	0	3
521	282	0.601678255	5.13064007	293.213393	293.217003	293.213393	293.245373	0.000411702499	0.00684486196	0	0	0	0	3
522	283	0.602771821	5.14048775	293.214474	293.217001	293.213393	293.245373	0.000411702499	0.00684486196	0	0	0	0	3
523	284	0.603583355	5.15033542	293.21427	293.217016	293.213393	293.245373	0.000411702499	0.00684486196	0	0	0	0	3
524	284	0.604529626	5.1601831	293.216974	293.217062	293.213393	293.245373	0.000411702499	0.00684486196	0	0	0	0	3
525	285	0.606009176	5.17003078	293.217014	293.217119	293.213393	293.245373	0.000420673217	0.00684486196	0	0	0	0	3
526	285	0.607208009	5.17987846	293.217923	293.217197	293.213393	293.245373	0.000498461445	0.00684486196	0	0	0	0	3
527	286	0.60854835	5.18972613	293.217416	293.217238	293.213393	293.245373	0.000539537409	0.00684486196	0	0	0	0	3
528	286	0.610130266	5.19957381	293.216549	293.21725	293.213393	293.245373	0.000551946038	0.00684486196	0	0	0	0	3
529	286	0.611460789	5.20942149	293.215929	293.217238	293.213393	293.245373	0.000551946038	0.00684486196	0	0	0	0	3
530	287	0.613111019	5.21926917	293.215456	293.217173	293.213393	293.245373	0.000551946038	0.00684486196	0	0	0	0	3
531	287	0.614719516	5.22911684	293.216063	293.21709	293.213393	293.245373	0.000551946038	0.00684486196	0	0	0	0	3
532	288	0.616337746	5.23896452	293.217076	293.216968	293.213393	293.245373	0.000551946038	0.00684486196	0	0	0	0	3
533	288	0.618000224	5.2488122	293.217046	293.21698	293.213393	293.245373	0.000551946038	0.00684486196	0	0	0	0	3
534	289	0.619742496	5.25865988	293.21742	293.216984	293.213393	293.245373	0.000551946038	0.00684486196	0	0	0	0	3
535	289	0.621406125	5.26850756	293.218981	293.216954	293.213393	293.245373	0.000551946038	0.00684486196	0	0	0	0	3
536	290	0.622657682	5.27835523	293.220554	293.217024	293.213393	293.245373	0.000551946038	0.00684486196	0	0	0	0	3
537	290	0.623590956	5.28820291	293.222298	293.217101	293.213393	293.245373	0.000551946038	0.00684486196	0	0	0	0	3
538	291	0.624130237	5.29805059	293.220074	293.217117	293.213393	293.245373	0.000551946038	0.00684486196	0	0	0	0	3
539	291	0.625136757	5.30789827	293.220799	293.217166	293.213393	293.245373	0.000551946038	0.00684486196	0	0	0	0	3
540	292	0.626072358	5.31774594	293.221469	293.21724	293.213393	293.245373	0.000551946038	0.00684486196	0	0	0	0	3
541	293	0.627216417	5.32759362	293.212017	293.217054	293.212017	293.245373	0.000551946038	0.00684486196	0	0	0	0	3
542	293	0.627405876	5.3374413	293.24371	293.217088	293.212017	293.245373	0.000551946038	0.00684486196	0	0	0	0	3
543	294	0.627802594	5.34728898	293.224617	293.217163	293.212017	293.245373	0.000551946038	0.00684486196	0	0	0	0	3
544	294	0.62842842	5.35713665	293.215617	293.217173	293.212017	293.245373	0.000551946038	0.00684486196	0	0	0	0	3
545	295	0.62900804	5.36698433	293.221925	293.217294	293.212017	293.245373	0.000595197751	0.00684486196	0	0	0	0	3
546	295	0.629770261	5.37683201	293.219397	293.217396	293.212017	293.245373	0.000697252971	0.00684486196	0	0	0	0	3
547	296	0.630439412	5.38667969	293.224373	293.217552	293.212017	293.245373	0.000853941447	0.00684486196	0	0	0	0	3
548	296	0.631380296	5.39652736	293.219679	293.2177	293.212017	293.245373	0.00100107086	0.00684486196	0	0	0	0	3
549	297	0.63236574	5.40637504	293.220391	293.217825	293.212017	293.245373	0.00112664645	0.00684486196	0	0	0	0	3
550	298	0.633429871	5.41622272	293.219539	293.21795	293.212017	293.245373	0.00125129863	0.00684486196	0	0	0	0	3
551	298	0.634103666	5.4260704	293.221685	293.218084	293.212017	293.245373	0.00138542594	0.00684486196	0	0	0	0	3
552	299	0.63558409	5.43591808	293.219601	293.218213	293.212017	293.245373	0.00151491654	0.00684486196	0	0	0	0	3
553	299	0.636702931	5.44576575	293.218529	293.218294	293.212017	293.245373	0.00159589122	0.00684486196	0	0	0	0	3
554	300	0.637761121	5.45561343	293.218846	293.218378	293.212017	293.245373	0.00167908234	0.00684486196	0	0	0	0	3
555	300	0.639374546	5.46546111	293.217299	293.21842	293.212017	293.245373	0.00172125507	0.00684486196	0	0	0	0	3
556	300	0.640460191	5.47530879	293.21613	293.218372	293.212017	293.245373	0.00172125507	0.00684486196	0	0	0	0	3
557	301	0.642152978	5.48515646	293.214975	293.218221	293.212017	293.245373	0.00172125507	0.00684486196	0	0	0	0	3
558	301	0.643203697	5.49500414	293.217271	293.218176	293.212017	293.245373	0.00172125507	0.00684486196	0	0	0	0	3
559	302	0.644567873	5.50485182	293.216809	293.218131	293.212017	293.245373	0.00172125507	0.00684486196	0	0	0	0	3
560	302	0.646107499	5.5146995	293.216389	293.218108	293.212017	293.245373	0.00172125507	0.00684486196	0	0	0	0	3
561	302	0.647718581	5.52454717	293.217821	293.218079	293.212017	293.245373	0.00172125507	0.00684486196	0	0	0	0	3
562	303	0.649268274	5.53439485	293.21791	293.218116	293.212017	293.245373	0.00172125507	0.00684486196	0	0	0	0	3
563	303	0.650981987	5.54424253	293.218405	293.218234	293.212017	293.245373	0.00163954029	0.00684486196	0	0	0	0	3
564	304	0.652570066	5.55409021	293.219415	293.218185	293.212017	293.24371	0.00150534417	0.00684486196	0	0	0	0	3
565	305	0.653880571	5.56393789	293.222553	293.218157	293.212017	293.24371	0.00146590384	0.00684486196	0	0	0	0	3
566	305	0.654479667	5.57378556	293.218427	293.21801	293.212017	293.24371	0.00146590384	0.00684486196	0	0	0	0	3
567	306	0.655286929	5.58363324	293.225681	293.21803	293.212017	293.24371	0.00146590384	0.00684486196	0	0	0	0	3
568	306	0.655740742	5.59348092	293.219817	293.218031	293.212017	293.24371	0.00146590384	0.00684486196	0	0	0	0	3
569	307	0.656599418	5.6033286	293.215627	293.218012	293.212017	293.24371	0.00146590384	0.00684486196	0	0	0	0	3
570	307	0.657650316	5.61317627	293.219654	293.218061	293.212017	293.24371	0.00146590384	0.00684486196	0	0	0	0	3
571	308	0.658500537	5.62302395	293.216472	293.218087	293.212017	293.24371	0.00146590384	0.00684486196	0	0	0	0	3
572	308	0.659968766	5.63287163	293.217858	293.218152	293.212017	293.24371	0.00146590384	0.00684486196	0	0	0	0	3
573	309	0.661209799	5.64271931	293.22104	293.218282	293.212017	293.24371	0.00146590384	0.00684486196	0	0	0	0	3
574	310	0.662654609	5.65256698	293.221459	293.218415	293.212017	293.24371	0.00146590384	0.00684486196	0	0	0	0	3
575	310	0.664384446	5.66241466	293.221676	293.218532	293.212017	293.24371	0.00157810394	0.00684486196	0	0	0	0	3
576	311	0.665439354	5.67226234	293.219617	293.218589	293.212017	293.24371	0.00163515439	0.00684486196	0	0	0	0	3
577	311	0.666184295	5.68211002	293.218093	293.218596	293.212017	293.24371	0.00164243094	0.00684486196	0	0	0	0	3
578	312	0.667415177	5.6919577	293.217025	293.21859	293.212017	293.24371	0.00164243094	0.00684486196	0	0	0	0	3
579	312	0.668911574	5.70180537	293.216394	293.218589	293.212017	293.24371	0.00164243094	0.00684486196	0	0	0	0	3
580	312	0.670298515	5.71165305	293.216711	293.218605	293.212017	293.24371	0.00165134205	0.00684486196	0	0	0	0	3
581	313	0.671708088	5.72150073	293.216636	293.218647	293.212017	293.24371	0.00169264527	0.00684486196	0	0	0	0	3
582	313	0.673441407	5.73134841	293.216254	293.218647	293.212017	293.24371	0.00169277589	0.00684486196	0	0	0	0	3
583	314	0.674661989	5.74119608	293.216791	293.218651	293.212017	293.24371	0.00169751566	0.00684486196	0	0	0	0	3
584	314	0.676120293	5.75104376	293.216868	293.218653	293.212017	293.24371	0.00169868887	0.00684486196	0	0	0	0	3
585	314	0.677704299	5.76089144	293.217117	293.218648	293.212017	293.24371	0.00169868887	0.00684486196	0	0	0	0	3
586	315	0.679362099	5.77073912	293.21795	293.218618	293.212017	293.24371	0.00162859064	0.00684486196	0	0	0	0	3
587	315	0.680955745	5.78058679	293.218043	293.218561	293.212017	293.24371	0.00159882836	0.00684486196	0	0	0	0	3
588	316	0.682647975	5.79043447	293.218275	293.218494	293.212017	293.24371	0.00159882836	0.00684486196	0	0	0	0	3
589	316	0.684167017	5.80028215	293.219614	293.218508	293.212017	293.24371	0.00159882836	0.00684486196	0	0	0	0	3
590	317	0.685338465	5.81012983	293.220933	293.218517	293.212017	293.24371	0.00159882836	0.00684486196	0	0	0	0	3
591	318	0.686633903	5.8199775	293.221534	293.218536	293.212017	293.24371	0.00159882836	0.00684486196	0	0	0	0	3
592	318	0.687169314	5.82982518	293.220628	293.218679	293.214975	293.24371	0.00159032308	0.00684486196	0	0	0	0	3
593	319	0.688006833	5.83967286	293.216478	293.21857	293.214975	293.225681	0.00151559383	0.00684486196	0	0	0	0	3
594	319	0.689153129	5.84952054	293.219284	293.218544	293.214975	293.225681	0.00150576336	0.00684486196	0	0	0	0	3
595	320	0.690174577	5.85936822	293.219502	293.21859	293.214975	293.225681	0.00138493295	0.00684486196	0	0	0	0	3
596	320	0.691578585	5.86921589	293.219436	293.218578	293.214975	293.225681	0.00128287773	0.00684486196	0	0	0	0	3
597	321	0.693127823	5.87906357	293.219115	293.218581	293.214975	293.225681	0.00112618926	0.00684486196	0	0	0	0	3
598	322	0.694431863	5.88891125	293.217002	293.218488	293.214975	293.225681	0.000979059844	0.00684486196	0	0	0	0	3
599	322	0.695407325	5.89875893	293.222779	293.218536	293.214975	293.225681	0.000853484256	0.00684486196	0	0	0	0	3
600	323	0.696642079	5.9086066	293.220118	293.218538	293.214975	293.225681	0.000728832072	0.00684486196	0	0	0	0	3
601	324	0.698630891	5.91845428	293.219332	293.218546	293.214975	293.225681	0.000668185213	0.00684486196	0	0	0	0	3
602	324	0.699937092	5.92830196	293.218607	293.218515	293.214975	293.225681	0.000668185213	0.00684486196	0	0	0	0	3
603	324	0.701082969	5.93814964	293.218578	293.218492	293.214975	293.225681	0.000668185213	0.00684486196	0	0	0	0	3
604	325	0.702574103	5.94799731	293.216958	293.218456	293.214975	293.225681	0.000668185213	0.00684486196	0	0	0	0	3
605	325	0.704142914	5.95784499	293.216212	293.218397	293.214975	293.225681	0.000668185213	0.00684486196	0	0	0	0	3
606	326	0.705549667	5.96769267	293.215726	293.218367	293.214975	293.225681	0.000668185213	0.00684486196	0	0	0	0	3
607	326	0.706992232	5.97754035	293.216091	293.218354	293.214975	293.225681	0.000668185213	0.00684486196	0	0	0	0	3
608	327	0.708534394	5.98738803	293.216856	293.218406	293.215627	293.225681	0.000668185213	0.00684486196	0	0	0	0	3
609	327	0.710090358	5.9972357	293.217586	293.218404	293.215627	293.225681	0.000668185213	0.00684486196	0	0	0	0	3
610	327	0.711678707	6.00708338	293.217935	293.218426	293.215627	293.225681	0.000668185213	0.00684486196	0	0	0	0	3
611	328	0.71338405	6.01693106	293.21825	293.218468	293.215627	293.225681	0.000668185213	0.00684486196	0	0	0	0	3
612	328	0.714968002	6.02677874	293.218791	293.218491	293.215627	293.225681	0.000668185213	0.00684486196	0	0	0	0	3
613	329	0.716042738	6.03662641	293.220711	293.21854	293.215627	293.225681	0.000668185213	0.00684486196	0	0	0	0	3
614	330	0.717511175	6.04647409	293.221972	293.218619	293.215627	293.225681	0.000668185213	0.00684486196	0	0	0	0	3
615	330	0.717989731	6.05632177	293.223149	293.218633	293.215627	293.225681	0.000668185213	0.00684486196	0	0	0	0	3
616	331	0.718472946	6.06616945	293.217323	293.218544	293.215627	293.225681	0.000668185213	0.00684486196	0	0	0	0	3
617	331	0.71953361	6.07601712	293.22183	293.218599	293.215627	293.225681	0.000666233042	0.00684486196	0	0	0	0	3
618	332	0.720494423	6.0858648	293.220747	293.218542	293.215627	293.223149	0.000666233042	0.00684486196	0	0	0	0	3
619	332	0.721571271	6.09571248	293.219568	293.21855	293.215627	293.223149	0.000666233042	0.00684486196	0	0	0	0	3
620	333	0.722655372	6.10556016	293.21897	293.218595	293.215726	293.223149	0.000617164207	0.00684486196	0	0	0	0	3
621	333	0.724085384	6.11540784	293.218537	293.218577	293.215726	293.223149	0.000592047871	0.00684486196	0	0	0	0	3
622	334	0.725235897	6.12525551	293.2172	293.21858	293.215726	293.223149	0.000526669637	0.00684486196	0	0	0	0	3
623	334	0.726755101	6.13510319	293.220845	293.218648	293.215726	293.223149	0.00039652331	0.00684486196	0	0	0	0	3
624	335	0.728347177	6.14495087	293.219511	293.218624	293.215726	293.223149	0.000324379375	0.00684486196	0	0	0	0	3
625	335	0.729887926	6.15479855	293.218633	293.218563	293.215726	293.223149	0.000324379375	0.00684486196	0	0	0	0	3
626	336	0.731292221	6.16464622	293.216904	293.218448	293.215726	293.223149	0.000324379375	0.00684486196	0	0	0	0	3
627	336	0.732886419	6.1744939	293.217317	293.218403	293.215726	293.223149	0.000324379375	0.00684486196	0	0	0	0	3
628	337	0.734077927	6.18434158	293.216414	293.218372	293.215726	293.223149	0.000324379375	0.00684486196	0	0	0	0	3
629	337	0.735678613	6.19418926	293.216002	293.21834	293.215726	293.223149	0.000338392106	0.00684486196	0	0	0	0	3
630	337	0.73722628	6.20403693	293.216235	293.218335	293.215726	293.223149	0.000343448053	0.00684486196	0	0	0	0	3
631	338	0.738609858	6.21388461	293.215493	293.218311	293.215493	293.223149	0.00036804904	0.00684486196	0	0	0	0	3
632	338	0.740217647	6.22373229	293.216187	293.218295	293.215493	293.223149	0.000383437112	0.00684486196	0	0	0	0	3
633	339	0.741885218	6.23357997	293.217304	293.218323	293.215493	293.223149	0.000383437112	0.00684486196	0	0	0	0	3
634	339	0.743518555	6.24342764	293.21743	293.218329	293.215493	293.223149	0.000383437112	0.00684486196	0	0	0	0	3
635	340	0.745231387	6.25327532	293.2179	293.218349	293.215493	293.223149	0.000383437112	0.00684486196	0	0	0	0	3
636	340	0.746748514	6.263123	293.218474	293.21838	293.215493	293.223149	0.000383437112	0.00684486196	0	0	0	0	3
637	341	0.747910651	6.27297068	293.220913	293.218433	293.215493	293.223149	0.000383437112	0.00684486196	0	0	0	0	3
638	341	0.749162771	6.28281836	293.222484	293.218517	293.215493	293.223149	0.000383437112	0.00684486196	0	0	0	0	3
639	342	0.749644306	6.29266603	293.216768	293.21851	293.215493	293.223149	0.000383437112	0.00684486196	0	0	0	0	3
640	343	0.750609231	6.30251371	293.217377	293.218469	293.215493	293.223149	0.000383437112	0.00684486196	0	0	0	0	3
641	343	0.751696384	6.31236139	293.220709	293.218462	293.215493	293.223149	0.000383437112	0.00684486196	0	0	0	0	3
642	344	0.752725177	6.32220907	293.21849	293.218402	293.215493	293.223149	0.000383437112	0.00684486196	0	0	0	0	3
643	344	0.754102141	6.33205674	293.21857	293.218388	293.215493	293.223149	0.000352639586	0.00684486196	0	0	0	0	3
644	345	0.755078896	6.34190442	293.219804	293.218432	293.215493	293.223149	0.000352639586	0.00684486196	0	0	0	0	3
645	346	0.756678812	6.3517521	293.217486	293.218395	293.215493	293.223149	0.000352639586	0.00684486196	0	0	0	0	3
646	346	0.75792446	6.36159978	293.221587	293.218437	293.215493	293.223149	0.000352639586	0.00684486196	0	0	0	0	3
647	346	0.759337346	6.37144745	293.220602	293.218462	293.215493	293.223149	0.000352639586	0.00684486196	0	0	0	0	3
648	347	0.760688742	6.38129513	293.219227	293.218462	293.215493	293.223149	0.000352639586	0.00684486196	0	0	0	0	3
649	347	0.76168756	6.39114281	293.218449	293.21849	293.215493	293.223149	0.000352639586	0.00684486196	0	0	0	0	3
650	348	0.76344441	6.40099049	293.217492	293.218403	293.215493	293.223149	0.000352639586	0.00684486196	0	0	0	0	3
651	348	0.76462516	6.41083817	293.216395	293.218337	293.215493	293.223149	0.000352639586	0.00684486196	0	0	0	0	3
652	349	0.766040165	6.42068584	293.216017	293.218259	293.215493	293.223149	0.000389019875	0.00684486196	0	0	0	0	3
653	349	0.767940215	6.43053352	293.215567	293.218177	293.215493	293.223149	0.000470926694	0.00684486196	0	0	0	0	3
654	350	0.769208175	6.4403812	293.215179	293.218114	293.215179	293.223149	0.000533459099	0.00684486196	0	0	0	0	3
655	350	0.770569456	6.45022888	293.215951	293.218096	293.215179	293.223149	0.000551397613	0.00684486196	0	0	0	0	3
656	350	0.772018269	6.46007655	293.216266	293.218101	293.215179	293.223149	0.000551397613	0.00684486196	0	0	0	0	3
657	351	0.773604818	6.46992423	293.217219	293.218129	293.215179	293.223149	0.000551397613	0.00684486196	0	0	0	0	3
658	351	0.775137991	6.47977191	293.217299	293.218154	293.215179	293.223149	0.000551397613	0.00684486196	0	0	0	0	3
659	352	0.776780696	6.48961959	293.217751	293.218174	293.215179	293.223149	0.000551397613	0.00684486196	0	0	0	0	3
660	352	0.778323743	6.49946726	293.218821	293.218202	293.215179	293.223149	0.000551397613	0.00684486196	0	0	0	0	3
661	353	0.779453739	6.50931494	293.221144	293.218257	293.215179	293.223149	0.000551397613	0.00684486196	0	0	0	0	3
662	354	0.780387383	6.51916262	293.220997	293.218295	293.215179	293.223149	0.000551397613	0.00684486196	0	0	0	0	3
663	354	0.780889584	6.5290103	293.22171	293.218309	293.215179	293.223149	0.000551397613	0.00684486196	0	0	0	0	3
664	355	0.78141765	6.53885798	293.219909	293.218283	293.215179	293.223149	0.000551397613	0.00684486196	0	0	0	0	3
665	355	0.782335945	6.54870565	293.219354	293.218214	293.215179	293.223149	0.000551397613	0.00684486196	0	0	0	0	3
666	356	0.783520955	6.55855333	293.220124	293.218213	293.215179	293.222484	0.000551397613	0.00684486196	0	0	0	0	3
667	356	0.784585688	6.56840101	293.219069	293.218233	293.215179	293.222484	0.000551397613	0.00684486196	0	0	0	0	3
668	357	0.785659492	6.57824869	293.219727	293.2182	293.215179	293.222484	0.000551397613	0.00684486196	0	0	0	0	3
669	357	0.786437034	6.58809636	293.222294	293.218211	293.215179	293.222484	0.000551397613	0.00684486196	0	0	0	0	3
670	358	0.787744741	6.59794404	293.219022	293.218205	293.215179	293.222484	0.000551397613	0.00684486196	0	0	0	0	3
671	358	0.789205704	6.60779172	293.220719	293.218248	293.215179	293.222484	0.000551397613	0.00684486196	0	0	0	0	3
672	359	0.790318798	6.6176394	293.221565	293.218297	293.215179	293.222484	0.000551397613	0.00684486196	0	0	0	0	3
673	359	0.791517699	6.62748707	293.217765	293.218307	293.215179	293.222484	0.000551397613	0.00684486196	0	0	0	0	3
674	360	0.792434772	6.63733475	293.215088	293.218203	293.215088	293.222484	0.000527647488	0.00684486196	0	0	0	0	3
675	360	0.793626698	6.64718243	293.215708	293.218125	293.215088	293.222484	0.000466928305	0.00684486196	0	0	0	0	3
676	361	0.794843237	6.65703011	293.215298	293.21806	293.215088	293.222484	0.000456345875	0.00684486196	0	0	0	0	3
677	361	0.79640848	6.66687778	293.21564	293.218027	293.215088	293.222484	0.000489591924	0.00684486196	0	0	0	0	3
678	362	0.797855983	6.67672546	293.214981	293.217977	293.214981	293.222484	0.000540023881	0.00684486196	0	0	0	0	3
679	362	0.79859434	6.68657314	293.214299	293.217964	293.214299	293.222484	0.000553262879	0.00684486196	0	0	0	0	3
680	362	0.799984962	6.69642082	293.215009	293.217948	293.214299	293.222484	0.000568328296	0.00684486196	0	0	0	0	3
681	363	0.801290655	6.7062685	293.215463	293.217939	293.214299	293.222484	0.000577597739	0.00684486196	0	0	0	0	3
682	363	0.80282166	6.71611617	293.215512	293.217934	293.214299	293.222484	0.000582741995	0.00684486196	0	0	0	0	3
683	364	0.804425434	6.72596385	293.216534	293.217943	293.214299	293.222484	0.000582741995	0.00684486196	0	0	0	0	3
684	364	0.806027388	6.73581153	293.216865	293.217933	293.214299	293.222484	0.000584264977	0.00684486196	0	0	0	0	3
685	365	0.807671441	6.74565921	293.217086	293.217924	293.214299	293.222484	0.000593165845	0.00684486196	0	0	0	0	3
686	365	0.809340781	6.75550688	293.217915	293.217924	293.214299	293.222484	0.000593165845	0.00684486196	0	0	0	0	3
687	366	0.810499195	6.76535456	293.21993	293.217947	293.214299	293.222484	0.000593165845	0.00684486196	0	0	0	0	3
688	366	0.811312995	6.77520224	293.21979	293.217917	293.214299	293.222484	0.000600119246	0.00684486196	0	0	0	0	3
689	367	0.812002606	6.78504992	293.22213	293.217872	293.214299	293.222294	0.000638427257	0.00684486196	0	0	0	0	3
690	368	0.812531656	6.79489759	293.218638	293.217887	293.214299	293.222294	0.000618283823	0.00684486196	0	0	0	0	3
691	368	0.813328273	6.80474527	293.217975	293.217896	293.214299	293.222294	0.000618283823	0.00684486196	0	0	0	0	3
692	369	0.814338918	6.81459295	293.220233	293.217885	293.214299	293.222294	0.000618283823	0.00684486196	0	0	0	0	3
693	369	0.815272394	6.82444063	293.21691	293.21786	293.214299	293.222294	0.000630054325	0.00684486196	0	0	0	0	3
694	370	0.816534551	6.83428831	293.216997	293.217827	293.214299	293.222294	0.000663141401	0.00684486196	0	0	0	0	3
695	370	0.817716198	6.84413598	293.21911	293.21782	293.214299	293.222294	0.000669760933	0.00684486196	0	0	0	0	3
696	371	0.818664572	6.85398366	293.217808	293.217829	293.214299	293.222294	0.000669760933	0.00684486196	0	0	0	0	3
697	371	0.820282098	6.86383134	293.218653	293.217775	293.214299	293.222294	0.000715029339	0.00684486196	0	0	0	0	3
698	372	0.821471369	6.87367902	293.219095	293.217736	293.214299	293.222294	0.000754039603	0.00684486196	0	0	0	0	3
699	372	0.823088495	6.88352669	293.217815	293.217706	293.214299	293.222294	0.00078429445	0.00684486196	0	0	0	0	3
700	373	0.823868174	6.89337437	293.21563	293.217668	293.214299	293.222294	0.000735006966	0.00684486196	0	0	0	0	3
701	374	0.825387033	6.90322205	293.215938	293.21763	293.214299	293.222294	0.000706434164	0.00684486196	0	0	0	0	3
702	374	0.826664374	6.91306973	293.216696	293.217635	293.214299	293.222294	0.00067891514	0.00684486196	0	0	0	0	3
703	375	0.827994822	6.9229174	293.216125	293.217639	293.214299	293.222294	0.00067891514	0.00684486196	0	0	0	0	3
704	375	0.829656734	6.93276508	293.215135	293.217636	293.214299	293.222294	0.00067891514	0.00684486196	0	0	0	0	3
705	376	0.83107841	6.94261276	293.216407	293.217658	293.214299	293.222294	0.00067891514	0.00684486196	0	0	0	0	3
706	376	0.83311592	6.95246044	293.21614	293.217645	293.214299	293.222294	0.00067891514	0.00684486196	0	0	0	0	3
707	376	0.834831133	6.96230811	293.215705	293.217624	293.214299	293.222294	0.000685134879	0.00684486196	0	0	0	0	3
708	377	0.836545686	6.97215579	293.216634	293.217607	293.214299	293.222294	0.000701900832	0.00684486196	0	0	0	0	3
709	377	0.838160952	6.98200347	293.216826	293.217595	293.214299	293.222294	0.000714414113	0.00684486196	0	0	0	0	3
710	378	0.839652878	6.99185115	293.217468	293.217588	293.214299	293.222294	0.000721492033	0.00684486196	0	0	0	0	3
711	378	0.841261697	7.00169883	293.218808	293.217589	293.214299	293.222294	0.000721492033	0.00684486196	0	0	0	0	3
712	379	0.842415095	7.0115465	293.220127	293.217572	293.214299	293.222294	0.000737856418	0.00684486196	0	0	0	0	3
713	379	0.843336789	7.02139418	293.222217	293.217589	293.214299	293.222294	0.000737856418	0.00684486196	0	0	0	0	3
714	380	0.843844415	7.03124186	293.219568	293.217572	293.214299	293.222294	0.000735002222	0.00684486196	0	0	0	0	3
715	380	0.844723316	7.04108954	293.217912	293.217557	293.214299	293.222294	0.000749479311	0.00684486196	0	0	0	0	3
716	381	0.845888733	7.05093721	293.217818	293.217536	293.214299	293.222294	0.000770648216	0.00684486196	0	0	0	0	3
717	382	0.846744989	7.06078489	293.215238	293.217456	293.214299	293.222294	0.000850281227	0.00684486196	0	0	0	0	3
718	382	0.847996849	7.07063257	293.216821	293.217417	293.214299	293.222294	0.000889890864	0.00684486196	0	0	0	0	3
719	383	0.849069836	7.08048025	293.217328	293.217376	293.214299	293.222294	0.000930505705	0.00684486196	0	0	0	0	3
720	383	0.850476434	7.09032792	293.216632	293.2173	293.214299	293.222217	0.00100655579	0.00684486196	0	0	0	0	3
721	384	0.851815156	7.1001756	293.220984	293.217342	293.214299	293.222217	0.00100655579	0.00684486196	0	0	0	0	3
722	384	0.853290169	7.11002328	293.219299	293.21731	293.214299	293.222217	0.00100655579	0.00684486196	0	0	0	0	3
723	385	0.854839115	7.11987096	293.218258	293.217259	293.214299	293.222217	0.0010473021	0.00684486196	0	0	0	0	3
724	385	0.8562054	7.12971864	293.216462	293.217233	293.214299	293.222217	0.000969864362	0.00684486196	0	0	0	0	3
725	386	0.857316024	7.13956631	293.217237	293.217263	293.214299	293.222217	0.000892421291	0.00684486196	0	0	0	0	3
726	386	0.858971507	7.14941399	293.216563	293.217274	293.214299	293.222217	0.000827430738	0.00684486196	0	0	0	0	3
727	387	0.860338734	7.15926167	293.215894	293.217282	293.214299	293.222217	0.000794184689	0.00684486196	0	0	0	0	3
728	387	0.861430578	7.16910935	293.215174	293.217286	293.214299	293.222217	0.000743752732	0.00684486196	0	0	0	0	3
729	387	0.862812491	7.17895702	293.215207	293.217293	293.214299	293.222217	0.000730513734	0.00684486196	0	0	0	0	3
730	388	0.864156809	7.1888047	293.214963	293.217279	293.214963	293.222217	0.000715448317	0.00684486196	0	0	0	0	3
731	388	0.865713512	7.19865238	293.215467	293.217284	293.214963	293.222217	0.000714368478	0.00684486196	0	0	0	0	3
732	389	0.867266586	7.20850006	293.216521	293.217302	293.214963	293.222217	0.000714368478	0.00684486196	0	0	0	0	3
733	389	0.868851478	7.21834773	293.216651	293.217328	293.214963	293.222217	0.000714368478	0.00684486196	0	0	0	0	3
734	390	0.87058317	7.22819541	293.217	293.217339	293.214963	293.222217	0.000714368478	0.00684486196	0	0	0	0	3
735	390	0.872087765	7.23804309	293.21778	293.21736	293.214963	293.222217	0.000714368478	0.00684486196	0	0	0	0	3
736	391	0.873177525	7.24789077	293.21975	293.217407	293.214963	293.222217	0.000714368478	0.00684486196	0	0	0	0	3
737	391	0.874498785	7.25773845	293.219678	293.21744	293.214963	293.222217	0.000714368478	0.00684486196	0	0	0	0	3
738	392	0.875116493	7.26758612	293.221228	293.217432	293.214963	293.222217	0.000683657367	0.00684486196	0	0	0	0	3
739	392	0.875638371	7.2774338	293.218227	293.217408	293.214963	293.222217	0.000662739443	0.00684486196	0	0	0	0	3
740	393	0.8765549	7.28728148	293.216938	293.217351	293.214963	293.222217	0.000662739443	0.00684486196	0	0	0	0	3
741	394	0.877649969	7.29712916	293.227161	293.217506	293.214963	293.227161	0.000662739443	0.00684486196	0	0	0	0	3
742	394	0.878263088	7.30697683	293.217767	293.217502	293.214963	293.227161	0.000651616586	0.00684486196	0	0	0	0	3
743	395	0.879229759	7.31682451	293.219479	293.217489	293.214963	293.227161	0.000627109804	0.00684486196	0	0	0	0	3
744	395	0.880215469	7.32667219	293.217592	293.217499	293.214963	293.227161	0.000595833368	0.00684486196	0	0	0	0	3
745	396	0.881436213	7.33651987	293.220734	293.21757	293.214963	293.227161	0.000595833368	0.00684486196	0	0	0	0	3
746	396	0.882263401	7.34636754	293.219366	293.217565	293.214963	293.227161	0.000595833368	0.00684486196	0	0	0	0	3
747	397	0.883362149	7.35621522	293.216693	293.217546	293.214963	293.227161	0.00054213479	0.00684486196	0	0	0	0	3
748	397	0.884803652	7.3660629	293.216156	293.217487	293.214963	293.227161	0.000503124526	0.00684486196	0	0	0	0	3
749	398	0.886534667	7.37591058	293.214586	293.217381	293.214586	293.227161	0.000472869679	0.00684486196	0	0	0	0	3
750	398	0.887484806	7.38575825	293.215835	293.217347	293.214586	293.227161	0.000434910229	0.00684486196	0	0	0	0	3
751	398	0.888974693	7.39560593	293.215271	293.21732	293.214586	293.227161	0.000424721186	0.00684486196	0	0	0	0	3
752	399	0.890206284	7.40545361	293.215643	293.217321	293.214586	293.227161	0.000424721186	0.00684486196	0	0	0	0	3
753	399	0.891724357	7.41530129	293.215153	293.217282	293.214586	293.227161	0.000424721186	0.00684486196	0	0	0	0	3
754	400	0.892965629	7.42514897	293.215381	293.21727	293.214586	293.227161	0.000424721186	0.00684486196	0	0	0	0	3
755	400	0.894646736	7.43499664	293.21461	293.217256	293.214586	293.227161	0.000424721186	0.00684486196	0	0	0	0	3
756	401	0.896348875	7.44484432	293.214538	293.217203	293.214538	293.227161	0.000442254955	0.00684486196	0	0	0	0	3
757	401	0.897891144	7.454692	293.214846	293.21718	293.214538	293.227161	0.000443748873	0.00684486196	0	0	0	0	3
758	402	0.899572222	7.46453968	293.215913	293.217187	293.214538	293.227161	0.000426982919	0.00684486196	0	0	0	0	3
759	402	0.901266391	7.47438735	293.21612	293.217173	293.214538	293.227161	0.00042158449	0.00684486196	0	0	0	0	3
760	402	0.902987933	7.48423503	293.21695	293.217176	293.214538	293.227161	0.000415446101	0.00684486196	0	0	0	0	3
761	403	0.904473253	7.49408271	293.218998	293.217211	293.214538	293.227161	0.000415446101	0.00684486196	0	0	0	0	3
762	404	0.905704991	7.50393039	293.21962	293.217217	293.214538	293.227161	0.000415360145	0.00684486196	0	0	0	0	3
763	404	0.906334017	7.51377806	293.220335	293.217195	293.214538	293.227161	0.000415360145	0.00684486196	0	0	0	0	3
764	405	0.906875446	7.52362574	293.219546	293.217143	293.214538	293.227161	0.00042917518	0.00684486196	0	0	0	0	3
765	405	0.90783223	7.53347342	293.21577	293.217103	293.214538	293.227161	0.000466899845	0.00684486196	0	0	0	0	3
766	406	0.908908679	7.5433211	293.21783	293.217104	293.214538	293.227161	0.000466899845	0.00684486196	0	0	0	0	3
767	406	0.910058782	7.55316878	293.216458	293.217079	293.214538	293.227161	0.00049033681	0.00684486196	0	0	0	0	3
768	407	0.911501677	7.56301645	293.216902	293.2171	293.214538	293.227161	0.00049033681	0.00684486196	0	0	0	0	3
769	407	0.912980986	7.57286413	293.218621	293.21714	293.214538	293.227161	0.00049033681	0.00684486196	0	0	0	0	3
770	408	0.914423981	7.58271181	293.218467	293.217166	293.214538	293.227161	0.00049033681	0.00684486196	0	0	0	0	3
771	409	0.916042901	7.59255949	293.219058	293.217224	293.214538	293.227161	0.00049033681	0.00684486196	0	0	0	0	3
772	409	0.917230907	7.60240716	293.217038	293.217144	293.214538	293.227161	0.00049033681	0.00684486196	0	0	0	0	3
773	410	0.918450198	7.61225484	293.216673	293.217086	293.214538	293.227161	0.00049033681	0.00684486196	0	0	0	0	3
774	410	0.919742398	7.62210252	293.213565	293.216988	293.213565	293.227161	0.000581544701	0.00684486196	0	0	0	0	3
775	411	0.920803939	7.6319502	293.216779	293.216996	293.213565	293.227161	0.000581544701	0.00684486196	0	0	0	0	3
776	411	0.922301496	7.64179787	293.215693	293.216962	293.213565	293.227161	0.000607996652	0.00684486196	0	0	0	0	3
777	411	0.923761879	7.65164555	293.214972	293.216927	293.213565	293.227161	0.000642662565	0.00684486196	0	0	0	0	3
778	412	0.925020393	7.66149323	293.214328	293.216898	293.213565	293.227161	0.000671394423	0.00684486196	0	0	0	0	3
779	412	0.926380144	7.67134091	293.214682	293.216881	293.213565	293.227161	0.000688806911	0.00684486196	0	0	0	0	3
780	413	0.927759808	7.68118859	293.214771	293.216872	293.213565	293.227161	0.000698018869	0.00684486196	0	0	0	0	3
781	413	0.929169549	7.69103626	293.215041	293.216872	293.213565	293.227161	0.000698233587	0.00684486196	0	0	0	0	3
782	413	0.930729101	7.70088394	293.216124	293.216887	293.213565	293.227161	0.000698233587	0.00684486196	0	0	0	0	3
783	414	0.932254531	7.71073162	293.216135	293.216878	293.213565	293.227161	0.000698233587	0.00684486196	0	0	0	0	3
784	414	0.933884891	7.7205793	293.21656	293.216876	293.213565	293.227161	0.000698233587	0.00684486196	0	0	0	0	3
785	415	0.935419472	7.73042697	293.217874	293.216896	293.213565	293.227161	0.000698233587	0.00684486196	0	0	0	0	3
786	415	0.936575407	7.74027465	293.219716	293.216926	293.213565	293.227161	0.000698233587	0.00684486196	0	0	0	0	3
787	416	0.937814516	7.75012233	293.220638	293.21695	293.213565	293.227161	0.000698233587	0.00684486196	0	0	0	0	3
788	417	0.938314201	7.75997001	293.220076	293.216918	293.213565	293.227161	0.000698233587	0.00684486196	0	0	0	0	3
789	417	0.939157615	7.76981768	293.216468	293.21687	293.213565	293.227161	0.000699611572	0.00684486196	0	0	0	0	3
790	418	0.940164782	7.77966536	293.220184	293.216911	293.213565	293.227161	0.000699611572	0.00684486196	0	0	0	0	3
791	418	0.941261728	7.78951304	293.217956	293.216928	293.213565	293.227161	0.000699611572	0.00684486196	0	0	0	0	3
792	419	0.942686231	7.79936072	293.216802	293.216753	293.213565	293.220734	0.000816586938	0.00684486196	0	0	0	0	3
793	419	0.943821173	7.80920839	293.216123	293.216733	293.213565	293.220734	0.000836969348	0.00684486196	0	0	0	0	3
794	420	0.945227377	7.81905607	293.217056	293.216699	293.213565	293.220734	0.00087029929	0.00684486196	0	0	0	0	3
795	420	0.946251586	7.82890375	293.220902	293.216751	293.213565	293.220902	0.00087029929	0.00684486196	0	0	0	0	3
796	421	0.947681521	7.83875143	293.219009	293.216727	293.213565	293.220902	0.000865118596	0.00684486196	0	0	0	0	3
797	422	0.948940267	7.84859911	293.217006	293.216699	293.213565	293.220902	0.000847042302	0.00684486196	0	0	0	0	3
798	422	0.949837852	7.85844678	293.216386	293.216695	293.213565	293.220902	0.000792370095	0.00684486196	0	0	0	0	3
799	422	0.951225065	7.86829446	293.215237	293.216676	293.213565	293.220902	0.000704518583	0.00684486196	0	0	0	0	3
800	423	0.952666554	7.87814214	293.214843	293.216691	293.213565	293.220902	0.000670805131	0.00684486196	0	0	0	0	3
801	424	0.954174118	7.88798982	293.214496	293.216654	293.213565	293.220902	0.000667042729	0.00684486196	0	0	0	0	3
802	424	0.955688308	7.89783749	293.214412	293.216634	293.213565	293.220902	0.00068703173	0.00684486196	0	0	0	0	3
803	425	0.957005189	7.90768517	293.214855	293.216617	293.213565	293.220902	0.00066552286	0.00684486196	0	0	0	0	3
804	425	0.958436849	7.91753285	293.213985	293.216594	293.213565	293.220902	0.000676064366	0.00684486196	0	0	0	0	3
805	425	0.960044368	7.92738053	293.214754	293.216572	293.213565	293.220902	0.000683513175	0.00684486196	0	0	0	0	3
806	426	0.961680309	7.9372282	293.215758	293.216601	293.213565	293.220902	0.000652174114	0.00684486196	0	0	0	0	3
807	426	0.963293894	7.94707588	293.215911	293.216637	293.213565	293.220902	0.000652174114	0.00684486196	0	0	0	0	3
808	427	0.965000685	7.95692356	293.216432	293.216673	293.213565	293.220902	0.000652174114	0.00684486196	0	0	0	0	3
809	427	0.966119235	7.96677124	293.216997	293.216698	293.213565	293.220902	0.000652174114	0.00684486196	0	0	0	0	3
810	428	0.967213689	7.97661892	293.218467	293.216742	293.213565	293.220902	0.000652174114	0.00684486196	0	0	0	0	3
811	428	0.968566891	7.98646659	293.219259	293.216788	293.213565	293.220902	0.000652174114	0.00684486196	0	0	0	0	3
812	429	0.969146041	7.99631427	293.219882	293.216765	293.213565	293.220902	0.000652174114	0.00684486196	0	0	0	0	3
813	430	0.969636214	8.00616195	293.217382	293.216715	293.213565	293.220902	0.000652174114	0.00684486196	0	0	0	0	3
814	430	0.970507347	8.01600963	293.217304	293.216688	293.213565	293.220902	0.000652174114	0.00684486196	0	0	0	0	3
815	431	0.971490904	8.0258573	293.21448	293.21663	293.213565	293.220902	0.000652174114	0.00684486196	0	0	0	0	3
816	431	0.972457063	8.03570498	293.215319	293.216623	293.213565	293.220902	0.000652174114	0.00684486196	0	0	0	0	3
817	432	0.973845929	8.04555266	293.216643	293.216604	293.213565	293.220902	0.000652174114	0.00684486196	0	0	0	0	3
818	433	0.975118858	8.05540034	293.219316	293.216659	293.213565	293.220902	0.000652174114	0.00684486196	0	0	0	0	3
819	433	0.976249684	8.06524801	293.215099	293.216627	293.213565	293.220902	0.000652174114	0.00684486196	0	0	0	0	3
820	434	0.977183816	8.07509569	293.219392	293.216621	293.213565	293.220902	0.000652174114	0.00684486196	0	0	0	0	3
821	434	0.978507377	8.08494337	293.219475	293.216638	293.213565	293.220902	0.000652174114	0.00684486196	0	0	0	0	3
822	435	0.979897875	8.09479105	293.218275	293.216613	293.213565	293.220902	0.00057185119	0.00684486196	0	0	0	0	3
823	435	0.98089603	8.10463873	293.216767	293.216607	293.213565	293.220902	0.000514258919	0.00684486196	0	0	0	0	3
824	436	0.981974724	8.1144864	293.214414	293.216569	293.213565	293.220902	0.00042733983	0.00684486196	0	0	0	0	3
825	436	0.983232658	8.12433408	293.216665	293.216632	293.213985	293.220902	0.00042733983	0.00684486196	0	0	0	0	3
826	437	0.984538622	8.13418176	293.215675	293.21661	293.213985	293.220902	0.000393193559	0.00684486196	0	0	0	0	3
827	437	0.985778419	8.14402944	293.215158	293.216603	293.213985	293.220902	0.000381092163	0.00684486196	0	0	0	0	3
828	438	0.987537418	8.15387711	293.214099	293.216571	293.213985	293.220902	0.000381092163	0.00684486196	0	0	0	0	3
829	438	0.988904481	8.16372479	293.214808	293.216578	293.213985	293.220902	0.000381092163	0.00684486196	0	0	0	0	3
830	438	0.99036736	8.17357247	293.214943	293.21658	293.213985	293.220902	0.000381092163	0.00684486196	0	0	0	0	3
831	439	0.991902634	8.18342015	293.214973	293.216581	293.213985	293.220902	0.000381092163	0.00684486196	0	0	0	0	3
832	439	0.993518606	8.19326782	293.215889	293.216597	293.213985	293.220902	0.000381092163	0.00684486196	0	0	0	0	3
833	440	0.995059784	8.2031155	293.215927	293.216593	293.213985	293.220902	0.000381092163	0.00684486196	0	0	0	0	3
834	440	0.996697993	8.21296318	293.216324	293.216597	293.213985	293.220902	0.000381092163	0.00684486196	0	0	0	0	3
835	441	0.998226752	8.22281086	293.217539	293.21662	293.213985	293.220902	0.000381092163	0.00684486196	0	0	0	0	3
836	441	0.999344801	8.23265853	293.220057	293.21665	293.213985	293.220902	0.000381092163	0.00684486196	0	0	0	0	3
837	442	1	8.24250621	293.218272	293.216611	293.213985	293.220902	0.000381092163	0.00684486196	0	0	0	0	3
