Iteration	CPUTime	PhysTime	Travels	Value	AvValue	MinValue	MaxValue	Delta	Criteria	PrevAvRefValue	Progress	CriteriaType	CriteriaVarType	CriteriaPercentage
1	3	9.23472925e-05	0.00984767767	265.945658	265.945658	265.945658	265.945658	0	0	0	0	0	0	3
2	4	0.000192213384	0.0196953553	63.9508576	160.997549	63.9508576	265.945658	104.948109	0	0	0	0	0	3
3	4	0.000291291591	0.029543033	29.4528033	116.254693	29.4528033	265.945658	149.690964	0	0	0	0	0	3
4	5	0.000384554122	0.0393907107	41.9028286	98.222789	29.4528033	265.945658	167.722869	0	0	0	0	0	3
5	5	0.000479593701	0.0492383884	16.4145379	82.0111046	16.4145379	265.945658	183.934553	0	0	0	0	0	3
6	7	0.000647949827	0.059086066	35.0041192	69.7973287	16.4145379	265.945658	196.148329	0	0	0	0	0	3
7	7	0.000861756473	0.0689337437	38.4553931	62.0212176	16.4145379	265.945658	203.92444	0	0	0	0	0	3
8	8	0.00108107564	0.0787814214	23.2445752	54.1545517	16.4145379	265.945658	211.791106	0	0	0	0	0	3
9	8	0.00131386986	0.0886290991	40.9095216	51.8077694	16.4145379	265.945658	214.137888	0	0	0	0	0	3
10	9	0.0015453664	0.0984767767	20.2489338	47.0802424	16.4145379	265.945658	218.865415	0	0	0	0	0	3
11	10	0.00190403487	0.108324454	32.3140144	44.298686	16.4145379	265.945658	221.646972	0	0	0	0	0	3
12	10	0.00222220483	0.118172132	-39.058093	32.3638624	-39.058093	265.945658	233.581795	0	0	0	0	0	3
13	11	0.00233459074	0.12801981	128.620178	36.9975883	-39.058093	265.945658	233.581795	0	0	0	0	0	3
14	12	0.00246588317	0.137867487	63.2007419	38.3927378	-39.058093	265.945658	233.581795	0	0	0	0	0	3
15	13	0.00263967106	0.147715165	50.4153293	39.1842686	-39.058093	265.945658	233.581795	0	0	0	0	0	3
16	13	0.00293799959	0.157562843	23.1486793	37.5559927	-39.058093	265.945658	233.581795	0	0	0	0	0	3
17	14	0.00312291115	0.16741052	44.8951277	37.9905523	-39.058093	265.945658	233.581795	0	0	0	0	0	3
18	14	0.00335905763	0.177258198	17.2430001	36.5319701	-39.058093	265.945658	233.581795	0	0	0	0	0	3
19	15	0.00358167492	0.187105876	-0.267574638	34.244712	-39.058093	265.945658	233.581795	0	0	0	0	0	3
20	15	0.00381486729	0.196953553	43.1300521	34.7878484	-39.058093	265.945658	233.581795	0	0	0	0	0	3
21	16	0.00429210182	0.206801231	26.1804202	33.830797	-39.058093	265.945658	233.581795	0	0	0	0	0	3
22	16	0.00476260133	0.216648909	22.9126707	32.7521905	-39.058093	265.945658	233.581795	0	0	0	0	0	3
23	17	0.00524415024	0.226496586	10.1989732	30.6812206	-39.058093	265.945658	235.264437	0	0	0	0	0	3
24	18	0.00566855574	0.236344264	33.3572676	30.8815766	-39.058093	265.945658	235.264437	0	0	0	0	0	3
25	18	0.00615515784	0.246191942	6.51946804	28.955606	-39.058093	265.945658	236.990052	0	0	0	0	0	3
26	19	0.00716333819	0.25603962	14.3167185	26.8953041	-39.058093	265.945658	239.050353	0	0	0	0	0	3
27	19	0.00783806457	0.265887297	13.2562244	25.7212073	-39.058093	265.945658	240.22445	0	0	0	0	0	3
28	20	0.00858442219	0.275734975	15.5095117	24.8333692	-39.058093	265.945658	241.112288	0	0	0	0	0	3
29	20	0.00960392862	0.285582653	7.68652131	23.0131431	-39.058093	265.945658	242.932515	0	0	0	0	0	3
30	21	0.0109113983	0.29543033	10.988689	21.5723004	-39.058093	265.945658	244.373357	0	0	0	0	0	3
31	21	0.0127832534	0.305278008	16.7764017	20.8700357	-39.058093	265.945658	245.075622	0	0	0	0	0	3
32	21	0.0140628175	0.315125686	29.7420988	21.6772974	-39.058093	265.945658	245.075622	0	0	0	0	0	3
33	22	0.0153713335	0.324973363	25.0681441	21.9659501	-39.058093	265.945658	245.075622	0	0	0	0	0	3
34	22	0.0168639654	0.334821041	23.0528347	22.0621504	-39.058093	265.945658	245.075622	0	0	0	0	0	3
35	23	0.0184715168	0.344668719	26.8784217	22.481304	-39.058093	265.945658	245.075622	0	0	0	0	0	3
36	23	0.0200768919	0.354516396	27.0226953	22.8444397	-39.058093	265.945658	245.075622	0	0	0	0	0	3
37	24	0.0217816155	0.364364074	28.7971744	23.3103266	-39.058093	265.945658	245.075622	0	0	0	0	0	3
38	24	0.0229347217	0.374211752	27.9271918	23.5424521	-39.058093	265.945658	245.075622	0	0	0	0	0	3
39	25	0.024433855	0.384059429	30.0656634	23.9426822	-39.058093	265.945658	245.075622	0	0	0	0	0	3
40	25	0.0256424944	0.393907107	28.6645635	24.1652445	-39.058093	265.945658	245.075622	0	0	0	0	0	3
41	26	0.0267673033	0.403754785	31.7615017	24.4844525	-39.058093	265.945658	245.075622	0	0	0	0	0	3
42	26	0.0273488377	0.413602462	34.5651578	24.6988045	-39.058093	265.945658	245.075622	0	0	0	0	0	3
43	27	0.0282008629	0.42345014	38.6169352	25.1193093	-39.058093	265.945658	245.075622	0	0	0	0	0	3
44	28	0.0293613566	0.433297818	40.8444522	25.7408381	-39.058093	265.945658	245.075622	0	0	0	0	0	3
45	28	0.030252838	0.443145495	36.4632408	26.0568025	-39.058093	265.945658	245.075622	0	0	0	0	0	3
46	29	0.0310865355	0.452993173	30.7716633	26.1832485	-39.058093	265.945658	245.075622	0	0	0	0	0	3
47	29	0.0322794168	0.462840851	29.8251475	26.3178344	-39.058093	265.945658	245.075622	0	0	0	0	0	3
48	30	0.0335132932	0.472688528	22.9510143	26.1938764	-39.058093	265.945658	245.075622	0	0	0	0	0	3
49	30	0.0349420076	0.482536206	26.6853328	26.2139712	-39.058093	265.945658	245.075622	0	0	0	0	0	3
50	31	0.03650693	0.492383884	21.0614069	25.9930991	-39.058093	265.945658	245.075622	0	0	0	0	0	3
51	31	0.0378426053	0.502231561	14.5881566	25.5905554	-39.058093	265.945658	245.075622	0	0	0	0	0	3
52	32	0.0391715561	0.512079239	10.8721567	24.5220545	-39.058093	128.620178	140.127513	0	0	0	0	0	3
53	32	0.0402662821	0.521926917	13.1634443	24.1135068	-39.058093	128.620178	95.3846574	0	0	0	0	0	3
54	33	0.0419412871	0.531774594	15.2047964	23.742531	-39.058093	128.620178	77.3527533	0	0	0	0	0	3
55	33	0.0434903324	0.541622272	25.1883688	23.7551973	-39.058093	128.620178	61.1410689	0	0	0	0	0	3
56	34	0.0450838527	0.55146995	24.8876189	23.8112949	-39.058093	128.620178	48.927293	0	0	0	0	0	3
57	34	0.046407568	0.561317627	31.2444244	23.9851374	-39.058093	128.620178	41.1511819	0	0	0	0	0	3
58	35	0.0477654592	0.571165305	27.6755313	24.0260151	-39.058093	128.620178	33.284516	0	0	0	0	0	3
59	35	0.0492999819	0.581012983	31.1680289	24.2568575	-39.058093	128.620178	30.9377337	0	0	0	0	0	3
60	35	0.0509499143	0.59086066	27.9717937	24.3022428	-39.058093	128.620178	26.2102067	0	0	0	0	0	3
61	36	0.0525228563	0.600708338	27.432588	24.4172383	-39.058093	128.620178	23.4286503	0	0	0	0	0	3
62	36	0.0541952888	0.610556016	28.420934	24.4911242	-39.058093	128.620178	18.3142329	0	0	0	0	0	3
63	37	0.0554604025	0.620403693	27.949245	24.9530926	-0.267574638	128.620178	18.3142329	0	0	0	0	0	3
64	38	0.0566314946	0.630251371	28.0819889	24.8060033	-0.267574638	63.2007419	18.3142329	0	0	0	0	0	3
65	38	0.0578586098	0.640099049	33.1265433	24.8993246	-0.267574638	50.4153293	18.3142329	0	0	0	0	0	3
66	39	0.0582279026	0.649946726	44.5850625	24.9503324	-0.267574638	44.8951277	17.1205166	0	0	0	0	0	3
67	39	0.0588948105	0.659794404	40.9196311	25.150264	-0.267574638	44.8951277	17.1205166	0	0	0	0	0	3
68	40	0.0599265222	0.669642082	40.2230065	25.3597519	-0.267574638	44.5850625	15.6619344	0	0	0	0	0	3
69	41	0.061087731	0.679489759	35.9696674	25.6063723	-0.267574638	44.5850625	13.9178127	0	0	0	0	0	3
70	42	0.0620505312	0.689337437	32.2292678	25.8139446	6.51946804	44.5850625	13.9178127	0	0	0	0	0	3
71	42	0.0630700732	0.699185115	31.4401747	25.8426036	6.51946804	44.5850625	12.9607613	0	0	0	0	0	3
72	43	0.0644443771	0.709032792	29.9118711	25.9328943	6.51946804	44.5850625	11.8821548	0	0	0	0	0	3
73	43	0.0655348315	0.71888047	27.6226671	25.986597	6.51946804	44.5850625	10.0115409	0	0	0	0	0	3
74	44	0.0671173732	0.728728148	23.887803	26.0557883	6.51946804	44.5850625	10.0115409	0	0	0	0	0	3
75	44	0.0682092772	0.738575825	20.1678966	25.9034427	6.51946804	44.5850625	8.08557025	0	0	0	0	0	3
76	45	0.0694522998	0.748423503	15.5038696	25.8482329	7.68652131	44.5850625	6.02526844	0	0	0	0	0	3
77	45	0.0708309806	0.758271181	13.7305254	25.7684341	7.68652131	44.5850625	5.4477987	0	0	0	0	0	3
78	46	0.0722745653	0.768118859	10.1045347	25.54853	7.68652131	44.5850625	5.4477987	0	0	0	0	0	3
79	46	0.0739206629	0.777966536	17.2361012	25.4537837	7.68652131	44.5850625	5.4477987	0	0	0	0	0	3
80	47	0.0750304958	0.787814214	27.0160298	25.7571416	10.1045347	44.5850625	5.4477987	0	0	0	0	0	3
81	47	0.0765735744	0.797661892	29.6289707	26.1422011	10.1045347	44.5850625	5.4477987	0	0	0	0	0	3
82	48	0.0778113057	0.807509569	24.0592792	26.3721529	10.1045347	44.5850625	4.69485555	0	0	0	0	0	3
83	48	0.0791634223	0.817357247	30.1988884	26.385396	10.1045347	44.5850625	4.41944589	0	0	0	0	0	3
84	49	0.0806755044	0.827204925	32.2752835	26.5481672	10.1045347	44.5850625	4.48601679	0	0	0	0	0	3
85	49	0.082319417	0.837052602	28.1859596	26.6690071	10.1045347	44.5850625	4.18770306	0	0	0	0	0	3
86	49	0.0838965264	0.84690028	27.0474894	26.6729852	10.1045347	44.5850625	3.82854541	0	0	0	0	0	3
87	50	0.0855756599	0.856747958	28.6689886	26.7155835	10.1045347	44.5850625	3.40525696	0	0	0	0	0	3
88	50	0.0871659312	0.866595635	28.8819473	26.7140016	10.1045347	44.5850625	3.17313136	0	0	0	0	0	3
89	51	0.0883265183	0.876443313	30.6961362	26.7632842	10.1045347	44.5850625	3.02075322	0	0	0	0	0	3
90	52	0.089204308	0.886290991	31.952201	26.7571714	10.1045347	44.5850625	3.02075322	0	0	0	0	0	3
91	52	0.0899001123	0.896138668	36.4585818	26.8263451	10.1045347	44.5850625	3.08381407	0	0	0	0	0	3
92	53	0.0908801795	0.905986346	43.7924147	26.999115	10.1045347	44.5850625	3.25658403	0	0	0	0	0	3
93	54	0.0919359244	0.915834024	40.7370573	27.1555526	10.1045347	44.5850625	3.41302164	0	0	0	0	0	3
94	54	0.0929714979	0.925681701	35.1362968	27.1323826	10.1045347	44.5850625	3.41302164	0	0	0	0	0	3
95	55	0.0943091796	0.935529379	34.8739702	27.0468217	10.1045347	44.5850625	3.41302164	0	0	0	0	0	3
96	55	0.0957191023	0.945377057	34.5680787	27.080577	10.1045347	44.5850625	3.41302164	0	0	0	0	0	3
97	56	0.0971466588	0.955224734	32.0991333	27.1424452	10.1045347	44.5850625	3.41302164	0	0	0	0	0	3
98	56	0.0987605851	0.965072412	26.3304006	27.0745955	10.1045347	44.5850625	3.41302164	0	0	0	0	0	3
99	57	0.0997843029	0.97492009	22.2366782	27.0766375	10.1045347	44.5850625	3.41302164	0	0	0	0	0	3
100	57	0.101302094	0.984767767	16.220055	26.8367499	10.1045347	44.5850625	3.41302164	0	0	0	0	0	3
101	59	0.102918459	0.994615445	10.0714131	26.5647952	10.0714131	44.5850625	3.41302164	0	0	0	0	0	3
102	59	0.104569798	1.00446312	14.4155999	26.5038674	10.0714131	44.5850625	3.41302164	18.3567464	0	100	0	0	3
103	59	0.105717532	1.0143108	21.2173881	26.724862	10.0714131	44.5850625	3.41302164	18.3567464	0	100	0	0	3
104	60	0.10742332	1.02415848	23.1592905	26.855361	10.0714131	44.5850625	3.41302164	18.3567464	0	100	0	0	3
105	60	0.108682568	1.03400616	30.4483634	27.2155464	10.0714131	44.5850625	3.46034911	18.3567464	0	100	0	0	3
106	61	0.110110344	1.04385383	31.7920577	27.3607644	10.0714131	44.5850625	3.54946947	18.3567464	0	100	0	0	3
107	61	0.11162589	1.05370151	30.87268	27.4999768	10.0714131	44.5850625	3.51483942	18.3567464	0	100	0	0	3
108	62	0.113191861	1.06354919	28.9575882	27.4599374	10.0714131	44.5850625	3.47396169	18.3567464	0	100	0	0	3
109	62	0.114800027	1.07339687	29.643348	27.5079504	10.0714131	44.5850625	3.25109294	18.3567464	0	100	0	0	3
110	63	0.116558323	1.08324454	29.8131079	27.4847068	10.0714131	44.5850625	3.20570759	18.3567464	0	100	0	0	3
111	63	0.118056296	1.09309222	29.8040666	27.5245045	10.0714131	44.5850625	3.10726623	18.3567464	0	100	0	0	3
112	64	0.119170361	1.1029399	29.2843252	27.5560906	10.0714131	44.5850625	3.06496642	18.3567464	0	100	0	0	3
113	65	0.120264101	1.11278758	30.9141335	27.5897893	10.0714131	44.5850625	2.78378602	18.3567464	0	100	0	0	3
114	65	0.120858592	1.12263525	37.1995081	27.6701911	10.0714131	44.5850625	2.86418782	18.3567464	0	100	0	0	3
115	66	0.121351903	1.13248293	36.7747333	27.7321364	10.0714131	44.5850625	2.8328118	18.3567464	0	100	0	0	3
116	66	0.122212343	1.14233061	40.9893962	27.8065301	10.0714131	44.5850625	2.85619773	18.3567464	0	100	0	0	3
117	67	0.123271544	1.15217829	43.5246122	27.9672288	10.0714131	43.7924147	2.81696478	18.3567464	0	100	0	0	3
118	68	0.124254372	1.16202597	32.4262328	27.9021178	10.0714131	43.7924147	2.60747683	18.3567464	0	100	0	0	3
119	68	0.125596522	1.17187364	29.7629122	27.7465804	10.0714131	43.7924147	2.5134451	18.3567464	0	100	0	0	3
120	69	0.126514166	1.18172132	35.5830624	27.7105457	10.0714131	43.7924147	2.5134451	18.3567464	0	100	0	0	3
121	69	0.128020041	1.191569	30.1959511	27.7013305	10.0714131	43.7924147	2.5134451	18.3567464	0	100	0	0	3
122	70	0.129157197	1.20141668	14.0758609	27.409198	10.0714131	43.7924147	2.5134451	18.3567464	0	100	0	0	3
123	71	0.130419765	1.21126435	28.5691275	27.3792634	10.0714131	43.7924147	2.5134451	18.3567464	0	100	0	0	3
124	71	0.131632663	1.22111203	21.9693114	27.275975	10.0714131	43.7924147	2.5134451	18.3567464	0	100	0	0	3
125	72	0.13274659	1.23095971	15.183275	27.1524255	10.0714131	43.7924147	2.5134451	18.3567464	0	100	0	0	3
126	72	0.134267535	1.24080739	16.5571756	27.0239274	10.0714131	43.7924147	2.5134451	18.3567464	0	100	0	0	3
127	73	0.135681836	1.25065506	12.9635307	26.9398872	10.0714131	43.7924147	2.5134451	18.3567464	0	100	0	0	3
128	74	0.137194281	1.26050274	17.7912028	27.0058064	10.0714131	43.7924147	2.5134451	18.3567464	0	100	0	0	3
129	74	0.138142115	1.27035042	21.2458026	27.2933363	10.0714131	43.7924147	2.5134451	18.3567464	0	100	0	0	3
130	75	0.139506709	1.2801981	22.8090499	27.4524549	10.0714131	43.7924147	2.21008713	18.3567464	0	100	0	0	3
131	75	0.140694753	1.29004578	28.5171168	27.4790938	10.0714131	43.7924147	1.82502771	18.3567464	0	100	0	0	3
132	76	0.141996612	1.29989345	31.3842452	27.5060954	10.0714131	43.7924147	1.59507584	18.3567464	0	100	0	0	3
133	76	0.143483317	1.30974113	28.5745279	27.5952456	10.0714131	43.7924147	1.58183279	18.3567464	0	100	0	0	3
134	77	0.145118561	1.31958881	25.9115478	27.5001252	10.0714131	43.7924147	1.46336135	18.3567464	0	100	0	0	3
135	77	0.146636387	1.32943649	27.5587515	27.3920089	10.0714131	43.7924147	1.46336135	18.3567464	0	100	0	0	3
136	78	0.148243706	1.33928416	29.453905	27.4224823	10.0714131	43.7924147	1.46336135	18.3567464	0	100	0	0	3
137	78	0.149775833	1.34913184	30.2989875	27.4983571	10.0714131	43.7924147	1.46336135	18.3567464	0	100	0	0	3
138	79	0.150892269	1.35897952	29.4057985	27.5008662	10.0714131	43.7924147	1.46336135	18.3567464	0	100	0	0	3
139	80	0.152092963	1.3688272	32.0145343	27.5505102	10.0714131	43.7924147	1.46336135	18.3567464	0	100	0	0	3
140	80	0.152444692	1.37867487	44.4835827	27.5864609	10.0714131	44.4835827	1.46336135	18.3567464	0	100	0	0	3
141	81	0.152992581	1.38852255	41.5196884	27.646059	10.0714131	44.4835827	1.46336135	18.3567464	0	100	0	0	3
142	82	0.154014265	1.39837023	42.9744571	27.7946844	10.0714131	44.4835827	1.46336135	18.3567464	0	100	0	0	3
143	82	0.15511864	1.40821791	42.4982885	27.8033932	10.0714131	44.4835827	1.46336135	18.3567464	0	100	0	0	3
144	83	0.156214035	1.41806558	32.464468	27.6703941	10.0714131	44.4835827	1.46336135	18.3567464	0	100	0	0	3
145	84	0.156704289	1.42791326	31.1155316	27.5755842	10.0714131	44.4835827	1.46336135	18.3567464	0	100	0	0	3
146	85	0.157876095	1.43776094	19.0832062	27.265449	10.0714131	44.4835827	1.46336135	18.3567464	0	100	0	0	3
147	85	0.158026569	1.44760862	108.645184	27.2967361	10.0714131	108.645184	1.46336135	18.3567464	0	100	0	0	3
148	85	0.158381695	1.4574563	44.5360929	27.2847569	10.0714131	108.645184	1.46336135	18.3567464	0	100	0	0	3
149	86	0.158970906	1.46730397	38.67358	27.4217879	10.0714131	108.645184	1.46336135	18.3567464	0	100	0	0	3
150	87	0.159432915	1.47715165	-2.31574246	27.2804446	-2.31574246	108.645184	1.46336135	18.3567464	0	100	0	0	3
151	87	0.16047411	1.48699933	12.3148367	27.3008132	-2.31574246	108.645184	1.46336135	18.3567464	0	100	0	0	3
152	88	0.160882038	1.49684701	13.3523864	27.6831056	-2.31574246	108.645184	1.46336135	18.3567464	0	100	0	0	3
153	88	0.161973111	1.50669468	14.152965	27.8076068	-2.31574246	108.645184	1.24236677	18.3567464	0	100	0	0	3
154	89	0.162857565	1.51654236	8.74896191	27.6449769	-2.31574246	108.645184	1.11186775	18.3567464	0	100	0	0	3
155	90	0.164200625	1.52639004	9.0822746	27.3406442	-2.31574246	108.645184	1.02734154	18.3567464	0	100	0	0	3
156	90	0.165667618	1.53623772	14.1603714	26.9326642	-2.31574246	108.645184	1.03456457	18.3567464	0	100	0	0	3
157	91	0.166837508	1.54608539	16.0172275	26.5852472	-2.31574246	108.645184	1.38198154	18.3567464	0	100	0	0	3
158	91	0.168123962	1.55593307	18.5396768	26.2870413	-2.31574246	108.645184	1.6801875	18.3567464	0	100	0	0	3
159	92	0.169448066	1.56578075	20.8779417	26.0853887	-2.31574246	108.645184	1.88184004	18.3567464	0	100	0	0	3
160	92	0.171083319	1.57562843	28.8395864	26.0637485	-2.31574246	108.645184	1.90348026	18.3567464	0	100	0	0	3
161	92	0.172305353	1.58547611	27.5077025	25.9771444	-2.31574246	108.645184	1.99008432	18.3567464	0	100	0	0	3
162	93	0.173607835	1.59532378	26.1410251	25.8777921	-2.31574246	108.645184	2.08943665	18.3567464	0	100	0	0	3
163	93	0.175079191	1.60517146	30.5299834	25.932344	-2.31574246	108.645184	2.08943665	18.3567464	0	100	0	0	3
164	94	0.17670598	1.61501914	27.8541539	25.8911971	-2.31574246	108.645184	2.08943665	18.3567464	0	100	0	0	3
165	94	0.178285205	1.62486682	26.3533592	25.7868409	-2.31574246	108.645184	2.18038785	18.3567464	0	100	0	0	3
166	95	0.180039999	1.63471449	26.7947688	25.7246179	-2.31574246	108.645184	2.24261088	18.3567464	0	100	0	0	3
167	95	0.181622014	1.64456217	29.5139314	25.6044411	-2.31574246	108.645184	2.36278769	18.3567464	0	100	0	0	3
168	96	0.18288601	1.65440985	32.3802341	25.42971	-2.31574246	108.645184	2.47240778	18.3567464	0	100	0	0	3
169	97	0.183775223	1.66425753	33.9325264	25.4412092	-2.31574246	108.645184	2.37789681	18.3567464	0	100	0	0	3
170	97	0.184708265	1.6741052	35.6916367	25.5048803	-2.31574246	108.645184	2.37789681	18.3567464	0	100	0	0	3
171	98	0.185783197	1.68395288	39.3882725	25.6006388	-2.31574246	108.645184	2.37789681	18.3567464	0	100	0	0	3
172	99	0.186654415	1.69380056	36.3409659	25.6422049	-2.31574246	108.645184	2.37789681	18.3567464	0	100	0	0	3
173	99	0.187741155	1.70364824	40.0941497	26.1348014	-2.31574246	108.645184	2.37789681	18.3567464	0	100	0	0	3
174	100	0.188793004	1.71349592	30.9647673	26.1691818	-2.31574246	108.645184	2.37789681	18.3567464	0	100	0	0	3
175	101	0.190048196	1.72334359	34.7313127	26.4403619	-2.31574246	108.645184	2.37789681	18.3567464	0	100	0	0	3
176	101	0.191407778	1.73319127	23.8672188	26.5944872	-2.31574246	108.645184	2.37789681	18.3567464	0	100	0	0	3
177	102	0.19306294	1.74303895	23.2188109	26.7591073	-2.31574246	108.645184	2.37789681	18.3567464	0	100	0	0	3
178	103	0.194016179	1.75288663	22.8967333	27.0304626	-2.31574246	108.645184	2.37789681	18.3567464	0	100	0	0	3
179	103	0.195601742	1.7627343	12.6922452	26.880477	-2.31574246	108.645184	2.37789681	18.3567464	0	100	0	0	3
180	104	0.197116851	1.77258198	13.073348	26.6163203	-2.31574246	108.645184	2.37789681	18.3567464	0	100	0	0	3
181	104	0.198594813	1.78242966	14.2532575	26.3950108	-2.31574246	108.645184	2.37789681	18.3567464	0	100	0	0	3
182	105	0.200036183	1.79227734	22.6196104	26.2608229	-2.31574246	108.645184	2.37789681	18.3567464	0	100	0	0	3
183	105	0.20160832	1.80212501	26.2687477	26.1491416	-2.31574246	108.645184	2.37789681	18.3567464	0	100	0	0	3
184	105	0.203002323	1.81197269	26.752049	26.1026795	-2.31574246	108.645184	2.37789681	18.3567464	0	100	0	0	3
185	106	0.204387832	1.82182037	34.6948163	26.3088071	-2.31574246	108.645184	2.37789681	18.3567464	0	100	0	0	3
186	106	0.205921512	1.83166805	31.5050402	26.41123	-2.31574246	108.645184	2.37789681	18.3567464	0	100	0	0	3
187	107	0.207498274	1.84151572	27.7181232	26.3634719	-2.31574246	108.645184	2.37789681	18.3567464	0	100	0	0	3
188	107	0.209096916	1.8513634	29.1335522	26.3364774	-2.31574246	108.645184	2.37789681	18.3567464	0	100	0	0	3
189	108	0.210874745	1.86121108	28.7936885	26.3521786	-2.31574246	108.645184	2.37789681	18.3567464	0	100	0	0	3
190	108	0.212495521	1.87105876	30.4421953	26.3493682	-2.31574246	108.645184	2.37789681	18.3567464	0	100	0	0	3
191	109	0.213646264	1.88090644	27.9283971	26.2748393	-2.31574246	108.645184	2.37789681	18.3567464	0	100	0	0	3
192	110	0.214494602	1.89075411	32.6059644	26.2263605	-2.31574246	108.645184	2.37789681	18.3567464	0	100	0	0	3
193	110	0.215083712	1.90060179	36.1059087	26.0414706	-2.31574246	108.645184	2.37789681	18.3567464	0	100	0	0	3
194	111	0.215634505	1.91044947	38.112683	25.8510121	-2.31574246	108.645184	2.37789681	18.3567464	0	100	0	0	3
195	111	0.216454094	1.92029715	41.703162	25.9464286	-2.31574246	108.645184	2.37789681	18.3567464	0	100	0	0	3
196	112	0.217487461	1.93014482	44.190376	26.2148998	-2.31574246	108.645184	2.37789681	18.3567464	0	100	0	0	3
197	113	0.218401835	1.9399925	32.4970068	26.4478776	-2.31574246	108.645184	2.37789681	18.3567464	0	100	0	0	3
198	113	0.219798542	1.94984018	31.4067948	26.3597723	-2.31574246	44.5360929	2.37789681	18.3567464	0	100	0	0	3
199	114	0.221105571	1.95968786	32.0470636	26.3753736	-2.31574246	44.190376	2.37789681	18.3567464	0	100	0	0	3
200	114	0.222473294	1.96953553	26.3206032	26.2600842	-2.31574246	44.190376	2.37789681	18.3567464	0	100	0	0	3
201	116	0.223949664	1.97938321	30.5568192	26.5630423	8.74896191	44.190376	2.37789681	18.3567464	0	100	0	0	3
202	116	0.225312894	1.98923089	24.7735668	26.7542194	8.74896191	44.190376	2.37789681	18.3567464	0	100	0	0	3
203	117	0.226694301	1.99907857	13.9518887	26.5685664	8.74896191	44.190376	2.37789681	18.3567464	0	100	0	0	3
204	117	0.227701662	2.00892625	12.3110577	26.5561496	8.74896191	44.190376	2.21526695	18.3567464	0	100	0	0	3
205	118	0.228595135	2.01877392	12.5955227	26.6059872	9.0822746	44.190376	1.91093427	18.3567464	0	100	0	0	3
206	118	0.230301789	2.0286216	13.6280231	26.6269626	12.3110577	44.190376	1.60075267	18.3567464	0	100	0	0	3
207	119	0.231488713	2.03846928	25.388365	26.8824778	12.3110577	44.190376	1.60075267	18.3567464	0	100	0	0	3
208	119	0.232907811	2.04831696	27.8730966	27.096143	12.3110577	44.190376	1.66643306	18.3567464	0	100	0	0	3
209	119	0.234319307	2.05816463	30.8188375	27.3418109	12.3110577	44.190376	1.91210096	18.3567464	0	100	0	0	3
210	120	0.235639397	2.06801231	32.6242913	27.5764668	12.3110577	44.190376	2.14675683	18.3567464	0	100	0	0	3
211	120	0.237075915	2.07785999	31.0397772	27.6205564	12.3110577	44.190376	2.19084642	18.3567464	0	100	0	0	3
212	121	0.238587857	2.08770767	28.0989664	27.6335499	12.3110577	44.190376	2.20383989	18.3567464	0	100	0	0	3
213	121	0.240199887	2.09755534	28.2466472	27.6775839	12.3110577	44.190376	2.24787394	18.3567464	0	100	0	0	3
214	122	0.241933193	2.10740302	31.1776087	27.7055511	12.3110577	44.190376	2.27584114	18.3567464	0	100	0	0	3
215	122	0.243325248	2.1172507	25.7948005	27.6619959	12.3110577	44.190376	2.27584114	18.3567464	0	100	0	0	3
216	123	0.244652537	2.12709838	24.9752544	27.6394027	12.3110577	44.190376	2.27584114	18.3567464	0	100	0	0	3
217	123	0.245912354	2.13694606	30.3692436	27.7141117	12.3110577	44.190376	2.28440173	18.3567464	0	100	0	0	3
218	124	0.246576765	2.14679373	39.3981638	27.78979	12.3110577	44.190376	2.36008003	18.3567464	0	100	0	0	3
219	124	0.247102701	2.15664141	40.7990534	27.8059811	12.3110577	44.190376	2.36477192	18.3567464	0	100	0	0	3
220	125	0.248047812	2.16648909	43.8227711	27.9567428	12.3110577	44.190376	2.45186252	18.3567464	0	100	0	0	3
221	126	0.249085994	2.17633677	43.2365565	28.0910477	12.3110577	44.190376	2.49040884	18.3567464	0	100	0	0	3
222	126	0.250006631	2.18618444	34.8340293	27.9986218	12.3110577	44.190376	2.44884279	18.3567464	0	100	0	0	3
223	127	0.251326228	2.19603212	30.9743668	27.9469577	12.3110577	44.190376	2.24003554	18.3567464	0	100	0	0	3
224	127	0.25265683	2.2058798	25.83418	27.7002976	12.3110577	44.190376	2.24003554	18.3567464	0	100	0	0	3
225	128	0.253812016	2.21572748	30.5412827	27.6979619	12.3110577	44.190376	2.24003554	18.3567464	0	100	0	0	3
226	128	0.254830478	2.22557515	30.6105705	27.6074769	12.3110577	44.190376	2.24003554	18.3567464	0	100	0	0	3
227	129	0.256327826	2.23542283	17.948542	27.4630285	12.3110577	44.190376	2.24003554	18.3567464	0	100	0	0	3
228	129	0.25757473	2.24527051	11.9523293	27.2721258	11.9523293	44.190376	2.24003554	18.3567464	0	100	0	0	3
229	130	0.258680251	2.25511819	8.43257225	27.0145371	8.43257225	44.190376	2.24003554	18.3567464	0	100	0	0	3
230	130	0.260170402	2.26496586	10.8313381	26.9927538	8.43257225	44.190376	2.24003554	18.3567464	0	100	0	0	3
231	131	0.261421797	2.27481354	16.6861884	27.1201443	8.43257225	44.190376	2.24003554	18.3567464	0	100	0	0	3
232	131	0.263081146	2.28466122	22.4549079	27.2949955	8.43257225	44.190376	2.24003554	18.3567464	0	100	0	0	3
233	132	0.264590649	2.2945089	24.3201125	27.3298245	8.43257225	44.190376	2.24003554	18.3567464	0	100	0	0	3
234	132	0.265999712	2.30435658	30.142523	27.4172807	8.43257225	44.190376	2.24003554	18.3567464	0	100	0	0	3
235	132	0.267425659	2.31420425	33.51608	27.566666	8.43257225	44.190376	2.24003554	18.3567464	0	100	0	0	3
236	133	0.269063321	2.32405193	31.1597184	27.5049438	8.43257225	44.190376	2.24003554	18.3567464	0	100	0	0	3
237	133	0.270769684	2.33389961	28.0815821	27.4255135	8.43257225	44.190376	2.24003554	18.3567464	0	100	0	0	3
238	134	0.272390917	2.34374729	28.4570583	27.444175	8.43257225	44.190376	2.24003554	18.3567464	0	100	0	0	3
239	134	0.274103199	2.35359496	29.2327196	27.4497404	8.43257225	44.190376	2.24003554	18.3567464	0	100	0	0	3
240	135	0.27531349	2.36344264	31.1164335	27.4815296	8.43257225	44.190376	2.24003554	18.3567464	0	100	0	0	3
241	135	0.276445677	2.37329032	27.2969251	27.4032251	8.43257225	44.190376	2.24003554	18.3567464	0	100	0	0	3
242	136	0.277520091	2.383138	32.4365004	27.4784279	8.43257225	44.190376	2.24003554	18.3567464	0	100	0	0	3
243	137	0.27813548	2.39298567	35.8827125	27.4913443	8.43257225	44.190376	2.24003554	18.3567464	0	100	0	0	3
244	137	0.27870407	2.40283335	36.6908786	27.4937938	8.43257225	44.190376	2.24003554	18.3567464	0	100	0	0	3
245	138	0.279618208	2.41268103	42.8720029	27.6220921	8.43257225	44.190376	2.14461907	18.3567464	0	100	0	0	3
246	138	0.280664476	2.42252871	47.0800561	27.759415	8.43257225	47.0800561	1.87614792	18.3567464	0	100	0	0	3
247	139	0.281218506	2.43237639	41.5179588	27.6126016	8.43257225	47.0800561	1.83096343	18.3567464	0	100	0	0	3
248	140	0.282061746	2.44222406	39.2101727	27.6960665	8.43257225	47.0800561	1.83096343	18.3567464	0	100	0	0	3
249	140	0.282258171	2.45207174	36.1610276	27.639709	8.43257225	47.0800561	1.83096343	18.3567464	0	100	0	0	3
250	141	0.282665868	2.46191942	68.4266841	27.8162546	8.43257225	68.4266841	1.83096343	18.3567464	0	100	0	0	3
251	141	0.282991417	2.4717671	88.0593319	28.1741262	8.43257225	88.0593319	1.61797665	18.3567464	0	100	0	0	3
252	141	0.283308658	2.48161477	51.5438148	28.2397623	8.43257225	88.0593319	1.68361267	18.3567464	0	100	0	0	3
253	142	0.283652579	2.49146245	48.2564988	28.4387588	8.43257225	88.0593319	1.88260917	18.3567464	0	100	0	0	3
254	142	0.284089644	2.50131013	23.7747076	28.7519161	8.43257225	88.0593319	2.19576647	18.3567464	0	100	0	0	3
255	143	0.28462114	2.51115781	23.7968147	28.9966173	8.43257225	88.0593319	2.3906301	18.3567464	0	100	0	0	3
256	143	0.285144599	2.52100548	28.348347	29.2497512	8.43257225	88.0593319	2.62278857	18.3567464	0	100	0	0	3
257	144	0.285684999	2.53085316	16.9937269	29.6115527	8.43257225	88.0593319	2.72907497	18.3567464	0	100	0	0	3
258	144	0.286265809	2.54070084	20.1783853	29.6030405	8.43257225	88.0593319	2.61879888	18.3567464	0	100	0	0	3
259	145	0.286908609	2.55054852	14.886116	29.4733187	8.43257225	88.0593319	2.61879888	18.3567464	0	100	0	0	3
260	146	0.287637462	2.5603962	14.6203386	29.2346602	8.43257225	88.0593319	2.61879888	18.3567464	0	100	0	0	3
261	146	0.288476905	2.57024387	9.65328555	28.8388796	8.43257225	88.0593319	2.61879888	18.3567464	0	100	0	0	3
262	147	0.289456234	2.58009155	16.273866	28.5435986	8.43257225	88.0593319	2.61879888	18.3567464	0	100	0	0	3
263	147	0.290595441	2.58993923	15.0758707	28.2615191	8.43257225	88.0593319	2.61879888	18.3567464	0	100	0	0	3
264	148	0.291901253	2.59978691	16.8152837	27.9728874	8.43257225	88.0593319	2.61879888	18.3567464	0	100	0	0	3
265	148	0.293381231	2.60963458	19.9391919	27.6338179	8.43257225	88.0593319	2.61879888	18.3567464	0	100	0	0	3
266	149	0.294617552	2.61948226	26.8806317	27.6655738	8.43257225	88.0593319	2.61879888	18.3567464	0	100	0	0	3
267	149	0.296101751	2.62932994	26.6939236	27.7069488	8.43257225	88.0593319	2.61879888	18.3567464	0	100	0	0	3
268	150	0.297574255	2.63917762	27.4738461	27.6353825	8.43257225	88.0593319	2.61879888	18.3567464	0	100	0	0	3
269	150	0.29900055	2.64902529	31.7063693	27.5970624	8.43257225	88.0593319	2.61879888	18.3567464	0	100	0	0	3
270	150	0.300562459	2.65887297	29.4293028	27.5207132	8.43257225	88.0593319	2.61879888	18.3567464	0	100	0	0	3
271	151	0.302297997	2.66872065	26.6979844	27.2103892	8.43257225	88.0593319	2.61879888	18.3567464	0	100	0	0	3
272	151	0.30389161	2.67856833	26.3989591	26.8832113	8.43257225	88.0593319	2.72834145	18.3567464	0	100	0	0	3
273	152	0.305640686	2.688416	26.4594833	26.7383189	8.43257225	88.0593319	2.87323384	18.3567464	0	100	0	0	3
274	152	0.307253969	2.69826368	27.0713777	26.6479781	8.43257225	88.0593319	2.96357462	18.3567464	0	100	0	0	3
275	153	0.308504453	2.70811136	31.073365	26.7664561	8.43257225	88.0593319	2.96357462	18.3567464	0	100	0	0	3
276	153	0.309573521	2.71795904	34.7946317	26.8421722	8.43257225	88.0593319	2.96357462	18.3567464	0	100	0	0	3
277	154	0.31018586	2.72780672	38.8513359	26.9056836	8.43257225	88.0593319	2.96357462	18.3567464	0	100	0	0	3
278	154	0.31110069	2.73765439	43.4204473	27.4263825	8.43257225	88.0593319	2.96357462	18.3567464	0	100	0	0	3
279	155	0.312259509	2.74750207	41.2714443	28.0726054	8.43257225	88.0593319	2.96357462	18.3567464	0	100	0	0	3
280	156	0.313315969	2.75734975	42.3194111	28.7454924	9.65328555	88.0593319	2.96357462	18.3567464	0	100	0	0	3
281	156	0.314141682	2.76719743	32.6362826	29.2996291	9.65328555	88.0593319	2.96357462	18.3567464	0	100	0	0	3
282	157	0.315392435	2.7770451	34.354849	29.709245	9.65328555	88.0593319	3.06126687	18.3567464	0	100	0	0	3
283	158	0.316409475	2.78689278	27.1619938	29.8863895	9.65328555	88.0593319	3.23841141	18.3567464	0	100	0	0	3
284	158	0.318254025	2.79674046	20.5519968	29.7221166	9.65328555	88.0593319	3.23841141	18.3567464	0	100	0	0	3
285	159	0.319210286	2.80658814	15.9979453	29.4643431	9.65328555	88.0593319	3.23841141	18.3567464	0	100	0	0	3
286	159	0.320688622	2.81643581	12.1314817	28.8747898	9.65328555	88.0593319	3.23841141	18.3567464	0	100	0	0	3
287	160	0.321983301	2.82628349	16.1931592	28.4938264	9.65328555	88.0593319	3.23841141	18.3567464	0	100	0	0	3
288	160	0.323406882	2.83613117	8.2220691	27.9589376	8.2220691	88.0593319	3.23841141	18.3567464	0	100	0	0	3
289	161	0.324916738	2.84597885	15.4382071	27.5836541	8.2220691	88.0593319	3.23841141	18.3567464	0	100	0	0	3
290	161	0.326197397	2.85582653	24.0275423	27.4420293	8.2220691	88.0593319	3.23841141	18.3567464	0	100	0	0	3
291	162	0.327815789	2.8656742	28.9703604	27.4044375	8.2220691	88.0593319	3.23841141	18.3567464	0	100	0	0	3
292	162	0.329318323	2.87552188	28.1978607	27.4292872	8.2220691	88.0593319	3.23841141	18.3567464	0	100	0	0	3
293	162	0.330857732	2.88536956	26.9153356	27.3135902	8.2220691	88.0593319	3.23841141	18.3567464	0	100	0	0	3
294	163	0.332390025	2.89521724	29.9696735	27.2914088	8.2220691	88.0593319	3.23841141	18.3567464	0	100	0	0	3
295	163	0.334020067	2.90506491	27.9473573	27.2141215	8.2220691	88.0593319	3.23841141	18.3567464	0	100	0	0	3
296	164	0.335654167	2.91491259	27.2295899	26.9591389	8.2220691	88.0593319	3.23841141	18.3567464	0	100	0	0	3
297	164	0.337387744	2.92476027	26.4546661	26.5725883	8.2220691	88.0593319	3.31380116	18.3567464	0	100	0	0	3
298	165	0.33901746	2.93460795	27.3352457	26.4508341	8.2220691	88.0593319	3.43555542	18.3567464	0	100	0	0	3
299	165	0.340316724	2.94445562	31.3128911	26.3745815	8.2220691	88.0593319	3.51180798	18.3567464	0	100	0	0	3
300	166	0.340894297	2.9543033	39.095077	26.4670964	8.2220691	88.0593319	3.51180798	18.3567464	0	100	0	0	3
301	167	0.341535188	2.96415098	37.137878	26.292676	8.2220691	88.0593319	3.59371346	18.3567464	0	100	0	0	3
302	168	0.342435522	2.97399866	44.9463454	26.2369338	8.2220691	51.5438148	3.64945575	18.3567464	0	100	0	0	3
303	168	0.343586415	2.98384633	41.8631373	26.4020979	8.2220691	48.2564988	3.64945575	18.3567464	0	100	0	0	3
304	169	0.344672114	2.99369401	45.7687601	26.6235052	8.2220691	45.7687601	3.64945575	18.3567464	0	100	0	0	3
305	169	0.344865742	3.00354169	36.9130266	26.6767736	8.2220691	45.7687601	3.64945575	18.3567464	0	100	0	0	3
306	170	0.345320997	3.01338937	10.2782402	26.5790003	8.2220691	45.7687601	3.64945575	18.3567464	0	100	0	0	3
307	170	0.345738462	3.02323705	-4.1948627	26.3516969	-4.1948627	45.7687601	3.64945575	18.3567464	0	100	0	0	3
308	171	0.346161894	3.03308472	28.1864268	26.4481623	-4.1948627	45.7687601	3.64945575	18.3567464	0	100	0	0	3
309	171	0.346786442	3.0429324	80.3535791	27.0646143	-4.1948627	80.3535791	3.64945575	18.3567464	0	100	0	0	3
310	172	0.3472328	3.05278008	51.418247	27.3745858	-4.1948627	80.3535791	3.64945575	18.3567464	0	100	0	0	3
311	172	0.3476891	3.06262776	71.0018665	27.8608854	-4.1948627	80.3535791	3.64945575	18.3567464	0	100	0	0	3
312	173	0.348167864	3.07247543	40.0502491	28.2147088	-4.1948627	80.3535791	3.64945575	18.3567464	0	100	0	0	3
313	173	0.348639726	3.08232311	36.4876664	28.4782572	-4.1948627	80.3535791	3.64945575	18.3567464	0	100	0	0	3
314	174	0.34910641	3.09217079	30.3272203	28.7539486	-4.1948627	80.3535791	3.64945575	18.3567464	0	100	0	0	3
315	174	0.349643819	3.10201847	2.50484955	28.7796344	-4.1948627	80.3535791	3.64945575	18.3567464	0	100	0	0	3
316	175	0.350239133	3.11186614	7.39754334	28.7858711	-4.1948627	80.3535791	3.64945575	18.3567464	0	100	0	0	3
317	175	0.350861638	3.12171382	-9.61602277	28.4027215	-9.61602277	80.3535791	3.64945575	18.3567464	0	100	0	0	3
318	176	0.351572162	3.1315615	7.93308217	28.1862463	-9.61602277	80.3535791	3.64945575	18.3567464	0	100	0	0	3
319	177	0.352428948	3.14140918	8.82352305	27.9029396	-9.61602277	80.3535791	3.64945575	18.3567464	0	100	0	0	3
320	177	0.353235908	3.15125686	9.77706083	27.5332238	-9.61602277	80.3535791	3.64945575	18.3567464	0	100	0	0	3
321	178	0.354101676	3.16110453	10.08796	27.1958065	-9.61602277	80.3535791	3.64945575	18.3567464	0	100	0	0	3
322	178	0.355283343	3.17095221	7.19227586	26.7659987	-9.61602277	80.3535791	3.64945575	18.3567464	0	100	0	0	3
323	179	0.356580265	3.18079989	16.0704642	26.5138312	-9.61602277	80.3535791	3.64945575	18.3567464	0	100	0	0	3
324	179	0.357982304	3.19064757	21.7199639	26.3872374	-9.61602277	80.3535791	3.64945575	18.3567464	0	100	0	0	3
325	179	0.359642112	3.20049524	24.644488	26.310954	-9.61602277	80.3535791	3.64945575	18.3567464	0	100	0	0	3
326	180	0.360819179	3.21034292	25.4656257	26.178098	-9.61602277	80.3535791	3.70829149	18.3567464	0	100	0	0	3
327	180	0.36257744	3.2201906	28.7075027	26.088212	-9.61602277	80.3535791	3.79817747	18.3567464	0	100	0	0	3
328	181	0.364104242	3.23003828	29.0336025	26.0266686	-9.61602277	80.3535791	3.85972087	18.3567464	0	100	0	0	3
329	181	0.365745268	3.23988595	25.8543768	25.7302971	-9.61602277	80.3535791	4.15609239	18.3567464	0	100	0	0	3
330	182	0.367470743	3.24973363	28.5179374	25.4912269	-9.61602277	80.3535791	4.3951626	18.3567464	0	100	0	0	3
331	182	0.368942471	3.25958131	25.5506703	25.1731981	-9.61602277	80.3535791	4.71319143	18.3567464	0	100	0	0	3
332	183	0.370653895	3.26942899	25.8197243	25.0837328	-9.61602277	80.3535791	4.80265669	18.3567464	0	100	0	0	3
333	183	0.371802014	3.27927667	31.2635612	25.0039468	-9.61602277	80.3535791	4.88244271	18.3567464	0	100	0	0	3
334	184	0.37237739	3.28912434	36.161097	25.0794316	-9.61602277	80.3535791	4.71816982	18.3567464	0	100	0	0	3
335	184	0.372982193	3.29897202	38.2585628	25.3776667	-9.61602277	80.3535791	4.46039631	18.3567464	0	100	0	0	3
336	185	0.373808318	3.3088197	43.7441137	25.8198521	-9.61602277	80.3535791	3.87084302	18.3567464	0	100	0	0	3
337	186	0.374946885	3.31866738	39.8792328	26.4878343	-9.61602277	80.3535791	3.78192434	18.3567464	0	100	0	0	3
338	186	0.376039713	3.32851505	35.1000051	26.9085045	-9.61602277	80.3535791	3.78192434	18.3567464	0	100	0	0	3
339	187	0.377093582	3.33836273	29.1456623	27.4479178	-9.61602277	80.3535791	3.78192434	18.3567464	0	100	0	0	3
340	187	0.378496643	3.34821041	29.2826614	27.8343909	-9.61602277	80.3535791	3.78192434	18.3567464	0	100	0	0	3
341	188	0.379879668	3.35805809	18.233552	27.6778601	-9.61602277	80.3535791	3.78192434	18.3567464	0	100	0	0	3
342	189	0.381303746	3.36790576	30.5158395	27.7143119	-9.61602277	80.3535791	3.78192434	18.3567464	0	100	0	0	3
343	189	0.382772662	3.37775344	22.7874471	27.5653305	-9.61602277	80.3535791	3.78192434	18.3567464	0	100	0	0	3
344	190	0.383542516	3.38760112	14.4642479	27.3928841	-9.61602277	80.3535791	3.78192434	18.3567464	0	100	0	0	3
345	190	0.384671196	3.3974488	10.7799828	26.9587117	-9.61602277	80.3535791	3.78192434	18.3567464	0	100	0	0	3
346	191	0.385646395	3.40729647	10.0000927	26.6071551	-9.61602277	80.3535791	3.78192434	18.3567464	0	100	0	0	3
347	191	0.386748411	3.41714415	10.939318	26.2493198	-9.61602277	80.3535791	3.78192434	18.3567464	0	100	0	0	3
348	192	0.388368868	3.42699183	19.6276352	26.0318641	-9.61602277	80.3535791	3.78192434	18.3567464	0	100	0	0	3
349	192	0.389816708	3.43683951	25.3194463	25.9697449	-9.61602277	80.3535791	3.78192434	18.3567464	0	100	0	0	3
350	192	0.390981274	3.44668719	30.1351897	25.928469	-9.61602277	80.3535791	3.78192434	18.3567464	0	100	0	0	3
351	193	0.392161423	3.45653486	24.6800568	25.7513967	-9.61602277	80.3535791	3.78192434	18.3567464	0	100	0	0	3
352	193	0.393471241	3.46638254	29.2961475	25.7002855	-9.61602277	80.3535791	3.78192434	18.3567464	0	100	0	0	3
353	194	0.394932814	3.47623022	32.7956266	25.5677545	-9.61602277	80.3535791	3.78192434	18.3567464	0	100	0	0	3
354	194	0.396529457	3.4860779	28.4051892	25.2990905	-9.61602277	80.3535791	3.78192434	18.3567464	0	100	0	0	3
355	195	0.398118684	3.49592557	27.8929088	24.9604023	-9.61602277	80.3535791	3.82546884	18.3567464	0	100	0	0	3
356	195	0.399854025	3.50577325	27.5927918	25.001388	-9.61602277	80.3535791	3.82546884	18.3567464	0	100	0	0	3
357	196	0.401466045	3.51562093	28.2871773	25.215112	-9.61602277	80.3535791	3.82546884	18.3567464	0	100	0	0	3
358	196	0.402733731	3.52546861	33.0019329	25.6037211	-9.61602277	80.3535791	3.82546884	18.3567464	0	100	0	0	3
359	197	0.403589908	3.53531628	36.0928886	25.741058	-9.61602277	80.3535791	3.82546884	18.3567464	0	100	0	0	3
360	198	0.404307077	3.54516396	33.6172942	25.2462869	-9.61602277	71.0018665	3.82546884	18.3567464	0	100	0	0	3
361	198	0.405154913	3.55501164	41.0352968	25.2757131	-9.61602277	71.0018665	3.82546884	18.3567464	0	100	0	0	3
362	199	0.406229027	3.56485932	40.2695588	25.1944056	-9.61602277	43.7441137	3.82546884	18.3567464	0	100	0	0	3
363	199	0.407452718	3.574707	36.4495691	25.3067514	-9.61602277	43.7441137	3.82546884	18.3567464	0	100	0	0	3
364	200	0.408933958	3.58455467	34.5808936	25.4470862	-9.61602277	43.7441137	3.82546884	18.3567464	0	100	0	0	3
365	200	0.410495666	3.59440235	31.7307546	25.5698402	-9.61602277	43.7441137	3.82546884	18.3567464	0	100	0	0	3
366	201	0.412090043	3.60425003	20.4698383	25.6381229	-9.61602277	43.7441137	3.82546884	18.3567464	0	100	0	0	3
367	202	0.412956101	3.61409771	35.0018252	25.940567	-9.61602277	43.7441137	3.44231921	18.3567464	0	100	0	0	3
368	202	0.414381569	3.62394538	17.8913791	26.1083933	7.19227586	43.7441137	3.22584395	18.3567464	0	100	0	0	3
369	203	0.41615126	3.63379306	15.9030189	26.0287024	7.19227586	43.7441137	2.94253727	18.3567464	0	100	0	0	3
370	203	0.417309787	3.64364074	11.8463473	26.0026627	7.19227586	43.7441137	2.87398861	18.3567464	0	100	0	0	3
371	203	0.418968974	3.65348842	13.9392418	25.8973569	7.19227586	43.7441137	2.87398861	18.3567464	0	100	0	0	3
372	204	0.420093171	3.66333609	21.2742207	26.0260092	7.19227586	43.7441137	2.87398861	18.3567464	0	100	0	0	3
373	204	0.421894983	3.67318377	24.2514242	26.3121113	10.0000927	43.7441137	2.87398861	18.3567464	0	100	0	0	3
374	205	0.423168389	3.68303145	28.5083399	26.5535855	10.0000927	43.7441137	2.87398861	18.3567464	0	100	0	0	3
375	205	0.424528409	3.69287913	30.5976965	26.7380741	10.0000927	43.7441137	2.87398861	18.3567464	0	100	0	0	3
376	206	0.426087451	3.70272681	29.0477343	26.8445647	10.0000927	43.7441137	2.87398861	18.3567464	0	100	0	0	3
377	206	0.427716925	3.71257448	26.0639777	26.8498139	10.0000927	43.7441137	2.87398861	18.3567464	0	100	0	0	3
378	207	0.429333526	3.72242216	27.2453634	26.8104639	10.0000927	43.7441137	2.87398861	18.3567464	0	100	0	0	3
379	207	0.431044683	3.73226984	29.5044294	26.8286219	10.0000927	43.7441137	2.87398861	18.3567464	0	100	0	0	3
380	208	0.432324714	3.74211752	29.3889304	26.9018582	10.0000927	43.7441137	2.87398861	18.3567464	0	100	0	0	3
381	208	0.433483148	3.75196519	27.6814159	26.8732963	10.0000927	43.7441137	2.87398861	18.3567464	0	100	0	0	3
382	209	0.434536146	3.76181287	32.2066889	26.9885909	10.0000927	43.7441137	2.87398861	18.3567464	0	100	0	0	3
383	209	0.435121273	3.77166055	36.2128849	27.1033437	10.0000927	43.7441137	2.87398861	18.3567464	0	100	0	0	3
384	210	0.435624108	3.78150823	42.503714	27.1498389	10.0000927	43.7441137	2.87398861	18.3567464	0	100	0	0	3
385	211	0.43651098	3.7913559	43.4904978	27.2949611	10.0000927	43.7441137	2.87398861	18.3567464	0	100	0	0	3
386	211	0.437551707	3.80120358	42.3354003	27.4346892	10.0000927	43.7441137	2.87398861	18.3567464	0	100	0	0	3
387	212	0.438322899	3.81105126	36.3769438	27.3327365	10.0000927	43.4904978	2.87398861	18.3567464	0	100	0	0	3
388	212	0.439539475	3.82089894	33.2465169	27.2229645	10.0000927	43.4904978	2.87398861	18.3567464	0	100	0	0	3
389	213	0.440906809	3.83074661	35.4399021	27.2634634	10.0000927	43.4904978	2.87398861	18.3567464	0	100	0	0	3
390	213	0.442056519	3.84059429	23.6332297	27.1686816	10.0000927	43.4904978	2.87398861	18.3567464	0	100	0	0	3
391	214	0.443606494	3.85044197	30.323085	27.1982195	10.0000927	43.4904978	2.75390961	18.3567464	0	100	0	0	3
392	215	0.444588057	3.86028965	17.5682508	27.2437458	10.0000927	43.4904978	2.75390961	18.3567464	0	100	0	0	3
393	215	0.445952776	3.87013733	15.6967976	26.9279166	10.0000927	43.4904978	2.60492824	18.3567464	0	100	0	0	3
394	216	0.447302768	3.879985	13.1150206	26.7331966	10.0000927	43.4904978	2.47428686	18.3567464	0	100	0	0	3
395	216	0.448759799	3.88983268	6.50873458	26.4261864	6.50873458	43.4904978	2.47428686	18.3567464	0	100	0	0	3
396	217	0.450134163	3.89968036	16.618361	26.4900398	6.50873458	43.4904978	2.47428686	18.3567464	0	100	0	0	3
397	217	0.451593601	3.90952804	22.0182897	26.6349246	6.50873458	43.4904978	2.47428686	18.3567464	0	100	0	0	3
398	218	0.453100442	3.91937571	21.6896496	26.7833008	6.50873458	43.4904978	2.47428686	18.3567464	0	100	0	0	3
399	218	0.454528921	3.92922339	27.0549364	26.9644293	6.50873458	43.4904978	2.47428686	18.3567464	0	100	0	0	3
400	218	0.456180457	3.93907107	28.8620913	27.0475429	6.50873458	43.4904978	2.47428686	18.3567464	0	100	0	0	3
401	219	0.457761453	3.94891875	29.4840058	27.0513804	6.50873458	43.4904978	2.47428686	18.3567464	0	100	0	0	3
402	220	0.459401115	3.95876642	27.2162108	27.0970199	6.50873458	43.4904978	2.47428686	18.3567464	0	100	0	0	3
403	220	0.460983884	3.9686141	28.1452753	27.0789298	6.50873458	43.4904978	2.47428686	18.3567464	0	100	0	0	3
404	221	0.462661752	3.97846178	29.5655383	27.0171664	6.50873458	43.4904978	2.47428686	18.3567464	0	100	0	0	3
405	221	0.464218761	3.98830946	29.1190187	27.0327733	6.50873458	43.4904978	2.47428686	18.3567464	0	100	0	0	3
406	222	0.465374286	3.99815714	28.5724548	27.0389021	6.50873458	43.4904978	2.43330114	18.3567464	0	100	0	0	3
407	223	0.466411719	4.00800481	32.3995467	27.1080168	6.50873458	43.4904978	2.24028356	18.3567464	0	100	0	0	3
408	223	0.466904533	4.01785249	38.1131378	27.1618482	6.50873458	43.4904978	2.24028356	18.3567464	0	100	0	0	3
409	224	0.467860435	4.02770017	43.2990433	27.2850264	6.50873458	43.4904978	2.24028356	18.3567464	0	100	0	0	3
410	224	0.468908125	4.03754785	42.6269927	27.4156567	6.50873458	43.4904978	2.24028356	18.3567464	0	100	0	0	3
411	225	0.469913776	4.04739552	33.6648116	27.4436545	6.50873458	43.4904978	2.24924893	18.3567464	0	100	0	0	3
412	226	0.471393542	4.0572432	32.7207416	27.3875751	6.50873458	43.4904978	2.24924893	18.3567464	0	100	0	0	3
413	226	0.472474855	4.06709088	30.8182928	27.2347045	6.50873458	43.4904978	2.13690312	18.3567464	0	100	0	0	3
414	227	0.473854094	4.07693856	27.8220334	27.077086	6.50873458	43.4904978	1.99656837	18.3567464	0	100	0	0	3
415	227	0.475594116	4.08678623	23.0866669	26.8061843	6.50873458	43.4904978	1.87381438	18.3567464	0	100	0	0	3
416	228	0.476630594	4.09663391	19.5940955	26.5768665	6.50873458	43.4904978	1.80553166	18.3567464	0	100	0	0	3
417	228	0.478180976	4.10648159	13.685105	26.4217733	6.50873458	43.4904978	1.54629766	18.3567464	0	100	0	0	3
418	229	0.479646151	4.11632927	12.6328707	26.007409	6.50873458	43.4904978	1.54629766	18.3567464	0	100	0	0	3
419	229	0.481313754	4.12617695	14.6149871	25.8964175	6.50873458	43.4904978	1.54723704	18.3567464	0	100	0	0	3
420	230	0.482629395	4.13602462	23.6519951	26.1180298	6.50873458	43.4904978	1.54723704	18.3567464	0	100	0	0	3
421	230	0.484309556	4.1458723	23.9378681	26.3101365	6.50873458	43.4904978	1.54723704	18.3567464	0	100	0	0	3
422	230	0.485886208	4.15571998	29.2166241	26.6853486	6.50873458	43.4904978	1.54723704	18.3567464	0	100	0	0	3
423	231	0.487385676	4.16556766	33.542341	26.9285408	6.50873458	43.4904978	1.54723704	18.3567464	0	100	0	0	3
424	231	0.489045333	4.17541533	30.7455442	27.0947138	6.50873458	43.4904978	1.54723704	18.3567464	0	100	0	0	3
425	232	0.490776145	4.18526301	28.4301772	27.1022768	6.50873458	43.4904978	1.54723704	18.3567464	0	100	0	0	3
426	232	0.492401102	4.19511069	27.9706312	27.0530257	6.50873458	43.4904978	1.54723704	18.3567464	0	100	0	0	3
427	233	0.494103072	4.20495837	28.3314601	27.0392939	6.50873458	43.4904978	1.54723704	18.3567464	0	100	0	0	3
428	233	0.495670403	4.21480604	29.4557573	27.1184165	6.50873458	43.4904978	1.54723704	18.3567464	0	100	0	0	3
429	234	0.496818514	4.22465372	30.7697925	27.1774957	6.50873458	43.4904978	1.54723704	18.3567464	0	100	0	0	3
430	235	0.497863285	4.2345014	32.8098763	27.2059728	6.50873458	43.4904978	1.54723704	18.3567464	0	100	0	0	3
431	235	0.498343131	4.24434908	38.9924737	27.2493161	6.50873458	43.4904978	1.54723704	18.3567464	0	100	0	0	3
432	236	0.499155911	4.25419675	41.5885148	27.4191588	6.50873458	43.4904978	1.54723704	18.3567464	0	100	0	0	3
433	237	0.500198286	4.26404443	47.3369401	27.6585746	6.50873458	47.3369401	1.76215711	18.3567464	0	100	0	0	3
434	237	0.500782026	4.27389211	48.6664032	27.7691085	6.50873458	48.6664032	1.87269105	18.3567464	0	100	0	0	3
435	238	0.501839174	4.28373979	38.2588598	27.8246873	6.50873458	48.6664032	1.92826976	18.3567464	0	100	0	0	3
436	238	0.503054274	4.29358747	31.9013769	27.690339	6.50873458	48.6664032	1.92826976	18.3567464	0	100	0	0	3
437	239	0.503906556	4.30343514	21.8299815	27.3853697	6.50873458	48.6664032	1.92826976	18.3567464	0	100	0	0	3
438	239	0.505194405	4.31328282	5.80887867	26.8661426	5.80887867	48.6664032	1.92826976	18.3567464	0	100	0	0	3
439	240	0.505761185	4.3231305	39.5196224	26.857226	5.80887867	48.6664032	1.92826976	18.3567464	0	100	0	0	3
440	240	0.506505098	4.33297818	39.2136809	26.8184557	5.80887867	48.6664032	1.92826976	18.3567464	0	100	0	0	3
441	241	0.507826923	4.34282585	25.238234	26.8423769	5.80887867	48.6664032	1.92826976	18.3567464	0	100	0	0	3
442	241	0.508873765	4.35267353	13.7304789	26.549411	5.80887867	48.6664032	1.92826976	18.3567464	0	100	0	0	3
443	242	0.509836419	4.36252121	8.8955047	26.4240586	5.80887867	48.6664032	1.92826976	18.3567464	0	100	0	0	3
444	242	0.510726445	4.37236889	10.5383698	26.4317936	5.80887867	48.6664032	1.92826976	18.3567464	0	100	0	0	3
445	243	0.512363627	4.38221656	4.64398769	26.1598471	4.64398769	48.6664032	1.92826976	18.3567464	0	100	0	0	3
446	243	0.513786718	4.39206424	6.80815243	26.1766563	4.64398769	48.6664032	1.92826976	18.3567464	0	100	0	0	3
447	244	0.515282997	4.40191192	17.159582	26.1712	4.64398769	48.6664032	1.92826976	18.3567464	0	100	0	0	3
448	244	0.516659894	4.4117596	28.5111994	26.3138677	4.64398769	48.6664032	1.92826976	18.3567464	0	100	0	0	3
449	245	0.517862633	4.42160728	22.002034	26.341383	4.64398769	48.6664032	1.92826976	18.3567464	0	100	0	0	3
450	245	0.519220163	4.43145495	20.4886337	26.2028082	4.64398769	48.6664032	1.92826976	18.3567464	0	100	0	0	3
451	246	0.520606563	4.44130263	26.077328	26.1319383	4.64398769	48.6664032	1.92826976	18.3567464	0	100	0	0	3
452	246	0.522144442	4.45115031	25.2533729	26.0286388	4.64398769	48.6664032	1.92826976	18.3567464	0	100	0	0	3
453	246	0.523596637	4.46099799	25.8583677	25.9944545	4.64398769	48.6664032	1.92826976	18.3567464	0	100	0	0	3
454	247	0.525149841	4.47084566	27.9118027	25.987812	4.64398769	48.6664032	1.92826976	18.3567464	0	100	0	0	3
455	247	0.526651075	4.48069334	30.4719454	25.9992011	4.64398769	48.6664032	1.92826976	18.3567464	0	100	0	0	3
456	248	0.527766626	4.49054102	30.5737774	26.0030657	4.64398769	48.6664032	1.92826976	18.3567464	0	100	0	0	3
457	249	0.528682412	4.5003887	31.5250421	26.0360466	4.64398769	48.6664032	1.92826976	18.3567464	0	100	0	0	3
458	249	0.529292003	4.51023637	39.9032051	26.0654928	4.64398769	48.6664032	1.92826976	18.3567464	0	100	0	0	3
459	250	0.5298079	4.52008405	40.0394385	26.0857123	4.64398769	48.6664032	1.92826976	18.3567464	0	100	0	0	3
460	250	0.530713252	4.52993173	44.2667997	26.0858081	4.64398769	48.6664032	1.92826976	18.3567464	0	100	0	0	3
461	251	0.53168736	4.53977941	42.6248627	26.0663874	4.64398769	48.6664032	1.92826976	18.3567464	0	100	0	0	3
462	252	0.532645636	4.54962709	33.9060252	26.0643337	4.64398769	48.6664032	1.92826976	18.3567464	0	100	0	0	3
463	252	0.534038212	4.55947476	31.8202845	26.0350523	4.64398769	48.6664032	1.92826976	18.3567464	0	100	0	0	3
464	253	0.535424562	4.56932244	32.8430728	26.1028226	4.64398769	48.6664032	1.92826976	18.3567464	0	100	0	0	3
465	254	0.536969678	4.57917012	23.034199	25.9901313	4.64398769	48.6664032	1.92826976	18.3567464	0	100	0	0	3
466	254	0.538757625	4.5890178	23.2068029	25.9913289	4.64398769	48.6664032	1.92826976	18.3567464	0	100	0	0	3
467	255	0.539740353	4.59886547	19.0194896	25.9878297	4.64398769	48.6664032	1.92826976	18.3567464	0	100	0	0	3
468	255	0.541329417	4.60871315	14.021846	25.9887674	4.64398769	48.6664032	1.92826976	18.3567464	0	100	0	0	3
469	256	0.54287956	4.61856083	11.6967546	25.9478723	4.64398769	48.6664032	1.92826976	18.3567464	0	100	0	0	3
470	256	0.544321384	4.62840851	14.9494815	25.9961365	4.64398769	48.6664032	1.87681498	18.3567464	0	100	0	0	3
471	257	0.545950691	4.63825618	20.7941586	25.9109902	4.64398769	48.6664032	1.91369706	18.3567464	0	100	0	0	3
472	257	0.547219307	4.64810386	26.6080374	25.9777437	4.64398769	48.6664032	1.91369706	18.3567464	0	100	0	0	3
473	257	0.548674512	4.65795154	29.0092785	25.9666734	4.64398769	48.6664032	1.91369706	18.3567464	0	100	0	0	3
474	258	0.550109694	4.66779922	33.5717619	25.9595824	4.64398769	48.6664032	1.91369706	18.3567464	0	100	0	0	3
475	258	0.55175374	4.67764689	32.1681808	25.9956886	4.64398769	48.6664032	1.91369706	18.3567464	0	100	0	0	3
476	259	0.553402585	4.68749457	29.3653389	26.0171234	4.64398769	48.6664032	1.91369706	18.3567464	0	100	0	0	3
477	259	0.555025066	4.69734225	29.5492798	26.0579463	4.64398769	48.6664032	1.91369706	18.3567464	0	100	0	0	3
478	260	0.556713693	4.70718993	29.7208575	26.0949343	4.64398769	48.6664032	1.91369706	18.3567464	0	100	0	0	3
479	260	0.558302349	4.71703761	28.9427089	26.0830651	4.64398769	48.6664032	1.91369706	18.3567464	0	100	0	0	3
480	261	0.55945108	4.72688528	30.4278752	26.0768405	4.64398769	48.6664032	1.91369706	18.3567464	0	100	0	0	3
481	262	0.560723018	4.73673296	34.7686602	26.1408079	4.64398769	48.6664032	1.91369706	18.3567464	0	100	0	0	3
482	262	0.561060392	4.74658064	42.1706257	26.1287094	4.64398769	48.6664032	1.91369706	18.3567464	0	100	0	0	3
483	263	0.561704441	4.75642832	43.3838139	26.1054912	4.64398769	48.6664032	1.91369706	18.3567464	0	100	0	0	3
484	263	0.562830751	4.76627599	45.2795891	26.0969464	4.64398769	48.6664032	1.91369706	18.3567464	0	100	0	0	3
485	264	0.56358858	4.77612367	36.9890825	26.0186058	4.64398769	45.2795891	1.91369706	18.3567464	0	100	0	0	3
486	264	0.564588388	4.78597135	34.2073943	25.942867	4.64398769	45.2795891	1.77934875	18.3567464	0	100	0	0	3
487	265	0.565920651	4.79581903	30.6055624	25.9265109	4.64398769	45.2795891	1.47437946	18.3567464	0	100	0	0	3
488	266	0.566773653	4.8056667	32.0962062	26.0657596	4.64398769	45.2795891	0.955152411	18.3567464	0	100	0	0	3
489	266	0.567734001	4.81551438	23.1803357	26.4385922	4.64398769	45.2795891	0.946235793	18.3567464	0	100	0	0	3
490	267	0.569038592	4.82536206	36.7455729	26.5339237	4.64398769	45.2795891	0.931386727	18.3567464	0	100	0	0	3
491	267	0.57036616	4.83520974	25.8258561	26.3714986	4.64398769	45.2795891	0.931386727	18.3567464	0	100	0	0	3
492	267	0.571510819	4.84505742	14.6017673	26.1834705	4.64398769	45.2795891	0.638420769	18.3567464	0	100	0	0	3
493	268	0.572273024	4.85490509	6.17224527	26.1485121	4.64398769	45.2795891	0.622933478	18.3567464	0	100	0	0	3
494	268	0.573672144	4.86475277	4.24026075	25.9285164	4.24026075	45.2795891	0.622933478	18.3567464	0	100	0	0	3
495	269	0.575143483	4.87460045	6.85074125	25.7054038	4.24026075	45.2795891	0.828519874	18.3567464	0	100	0	0	3
496	269	0.576587669	4.88444813	16.8630953	26.0434616	4.24026075	45.2795891	0.828519874	18.3567464	0	100	0	0	3
497	270	0.578210735	4.8942958	21.442498	26.3524446	4.24026075	45.2795891	0.828519874	18.3567464	0	100	0	0	3
498	270	0.579476495	4.90414348	23.8674465	26.517721	4.24026075	45.2795891	0.828519874	18.3567464	0	100	0	0	3
499	271	0.58097718	4.91399116	28.7428132	26.5269619	4.24026075	45.2795891	0.828519874	18.3567464	0	100	0	0	3
500	271	0.582327371	4.92383884	29.5130255	26.6739269	4.24026075	45.2795891	0.968523091	18.3567464	0	100	0	0	3
501	272	0.583758262	4.93368651	29.9988607	26.8777497	4.24026075	45.2795891	1.17234594	18.3567464	0	100	0	0	3
502	272	0.585315048	4.94353419	28.1465193	26.9254237	4.24026075	45.2795891	1.22001986	18.3567464	0	100	0	0	3
503	273	0.586914507	4.95338187	26.2548333	26.9485644	4.24026075	45.2795891	1.24316064	18.3567464	0	100	0	0	3
504	273	0.58861391	4.96322955	30.1224609	27.055873	4.24026075	45.2795891	1.3504692	18.3567464	0	100	0	0	3
505	274	0.590203302	4.97307722	29.0358478	27.0838119	4.24026075	45.2795891	1.37840811	18.3567464	0	100	0	0	3
506	275	0.591479158	4.9829249	29.3008635	27.0489853	4.24026075	45.2795891	1.37840811	18.3567464	0	100	0	0	3
507	275	0.59210839	4.99277258	40.1275509	27.115775	4.24026075	45.2795891	1.41037117	18.3567464	0	100	0	0	3
508	276	0.592621254	5.00262026	40.3848493	27.1590552	4.24026075	45.2795891	1.45365139	18.3567464	0	100	0	0	3
509	276	0.593492463	5.01246794	44.9179638	27.279039	4.24026075	45.2795891	1.5736352	18.3567464	0	100	0	0	3
510	277	0.594452408	5.02231561	43.5938593	27.4194726	4.24026075	45.2795891	1.71406884	18.3567464	0	100	0	0	3
511	277	0.59541151	5.03216329	33.6836887	27.2765827	4.24026075	45.2795891	1.71406884	18.3567464	0	100	0	0	3
512	278	0.596727671	5.04201097	29.183866	27.0853076	4.24026075	45.2795891	1.71406884	18.3567464	0	100	0	0	3
513	278	0.59689842	5.05185865	42.6025491	27.0248188	4.24026075	45.2795891	1.71406884	18.3567464	0	100	0	0	3
514	279	0.597405971	5.06170632	13.5367129	26.8113987	4.24026075	45.2795891	1.71406884	18.3567464	0	100	0	0	3
515	279	0.5981943	5.071554	18.2881124	26.5711369	4.24026075	45.2795891	1.71406884	18.3567464	0	100	0	0	3
516	280	0.598517714	5.08140168	36.9380616	26.7144037	4.24026075	45.2795891	1.71406884	18.3567464	0	100	0	0	3
517	280	0.598896752	5.09124936	19.94826	26.7760404	4.24026075	45.2795891	1.71406884	18.3567464	0	100	0	0	3
518	281	0.599374291	5.10109703	19.4364136	26.8450887	4.24026075	45.2795891	1.71406884	18.3567464	0	100	0	0	3
519	281	0.599945298	5.11094471	22.683216	27.1521811	4.24026075	45.2795891	1.71406884	18.3567464	0	100	0	0	3
520	282	0.600794807	5.12079239	11.682407	27.3389441	4.24026075	45.2795891	1.71406884	18.3567464	0	100	0	0	3
521	282	0.601678255	5.13064007	-8.78423979	27.0939941	-8.78423979	45.2795891	1.71406884	18.3567464	0	100	0	0	3
522	283	0.602771821	5.14048775	-12.7551695	26.5077107	-12.7551695	45.2795891	1.71406884	18.3567464	0	100	0	0	3
523	284	0.603583355	5.15033542	-21.9928273	25.8071374	-21.9928273	45.2795891	1.71406884	18.3567464	0	100	0	0	3
524	284	0.604529626	5.1601831	3.74516353	25.349948	-21.9928273	45.2795891	2.06952463	18.3567464	0	100	0	0	3
525	285	0.606009176	5.17003078	2.05783165	24.5223612	-21.9928273	45.2795891	2.89711141	18.3567464	0	100	0	0	3
526	285	0.607208009	5.17987846	9.6834555	23.9748933	-21.9928273	45.2795891	3.44457933	18.3567464	0	100	0	0	3
527	286	0.60854835	5.18972613	16.016751	23.6202942	-21.9928273	45.2795891	3.79917839	18.3567464	0	100	0	0	3
528	286	0.610130266	5.19957381	21.8106605	23.3937756	-21.9928273	45.2795891	4.02569709	18.3567464	0	100	0	0	3
529	286	0.611460789	5.20942149	29.1056567	23.3374384	-21.9928273	45.2795891	4.08203425	18.3567464	0	100	0	0	3
530	287	0.613111019	5.21926917	32.0389692	23.4369607	-21.9928273	45.2795891	4.08203425	18.3567464	0	100	0	0	3
531	287	0.614719516	5.22911684	28.7634109	23.4466752	-21.9928273	45.2795891	4.08203425	18.3567464	0	100	0	0	3
532	288	0.616337746	5.23896452	26.9325534	23.2891645	-21.9928273	45.2795891	4.13030818	18.3567464	0	100	0	0	3
533	288	0.618000224	5.2488122	26.7565194	23.2785268	-21.9928273	45.2795891	4.14094588	18.3567464	0	100	0	0	3
534	289	0.619742496	5.25865988	26.7828215	23.1606151	-21.9928273	45.2795891	4.25885757	18.3567464	0	100	0	0	3
535	289	0.621406125	5.26850756	27.0631285	22.8461405	-21.9928273	44.9179638	4.57333216	18.3567464	0	100	0	0	3
536	290	0.622657682	5.27835523	29.9050745	22.8142579	-21.9928273	44.9179638	4.60521477	18.3567464	0	100	0	0	3
537	290	0.623590956	5.28820291	31.7109497	22.761923	-21.9928273	44.9179638	4.65754966	18.3567464	0	100	0	0	3
538	291	0.624130237	5.29805059	35.250273	22.6981006	-21.9928273	44.9179638	4.721372	18.3567464	0	100	0	0	3
539	291	0.625136757	5.30789827	42.5814316	22.9036478	-21.9928273	44.9179638	4.721372	18.3567464	0	100	0	0	3
540	292	0.626072358	5.31774594	38.6018902	23.1508535	-21.9928273	44.9179638	4.721372	18.3567464	0	100	0	0	3
541	293	0.627216417	5.32759362	46.1163551	23.2976162	-21.9928273	46.1163551	4.721372	18.3567464	0	100	0	0	3
542	293	0.627405876	5.3374413	-16.0914488	23.1079412	-21.9928273	46.1163551	4.721372	18.3567464	0	100	0	0	3
543	294	0.627802594	5.34728898	-9.8912838	23.048346	-21.9928273	46.1163551	4.721372	18.3567464	0	100	0	0	3
544	294	0.62842842	5.35713665	17.2514159	23.2128034	-21.9928273	46.1163551	4.721372	18.3567464	0	100	0	0	3
545	295	0.62900804	5.36698433	11.2082712	23.5667652	-21.9928273	46.1163551	4.721372	18.3567464	0	100	0	0	3
546	295	0.629770261	5.37683201	10.624491	23.8364146	-21.9928273	46.1163551	4.721372	18.3567464	0	100	0	0	3
547	296	0.630439412	5.38667969	22.1415664	24.0023638	-21.9928273	46.1163551	4.721372	18.3567464	0	100	0	0	3
548	296	0.631380296	5.39652736	12.9529702	23.8849778	-21.9928273	46.1163551	4.721372	18.3567464	0	100	0	0	3
549	297	0.63236574	5.40637504	18.8913959	23.7923559	-21.9928273	46.1163551	4.721372	18.3567464	0	100	0	0	3
550	298	0.633429871	5.41622272	16.3287373	23.4993042	-21.9928273	46.1163551	4.721372	18.3567464	0	100	0	0	3
551	298	0.634103666	5.4260704	17.9751079	23.2705924	-21.9928273	46.1163551	4.721372	18.3567464	0	100	0	0	3
552	299	0.63558409	5.43591808	16.661469	22.8960355	-21.9928273	46.1163551	4.721372	18.3567464	0	100	0	0	3
553	299	0.636702931	5.44576575	24.4329392	22.7704353	-21.9928273	46.1163551	4.721372	18.3567464	0	100	0	0	3
554	300	0.637761121	5.45561343	21.7816177	22.6402495	-21.9928273	46.1163551	4.77922314	18.3567464	0	100	0	0	3
555	300	0.639374546	5.46546111	23.7377401	22.424638	-21.9928273	46.1163551	4.99483465	18.3567464	0	100	0	0	3
556	300	0.640460191	5.47530879	28.3283633	22.3430879	-21.9928273	46.1163551	5.07638478	18.3567464	0	100	0	0	3
557	301	0.642152978	5.48515646	35.6325265	22.6118475	-21.9928273	46.1163551	5.07638478	18.3567464	0	100	0	0	3
558	301	0.643203697	5.49500414	22.4756079	22.3933424	-21.9928273	46.1163551	5.07638478	18.3567464	0	100	0	0	3
559	302	0.644567873	5.50485182	30.5991709	22.4312081	-21.9928273	46.1163551	5.07638478	18.3567464	0	100	0	0	3
560	302	0.646107499	5.5146995	35.6067879	22.4444132	-21.9928273	46.1163551	5.07638478	18.3567464	0	100	0	0	3
561	302	0.647718581	5.52454717	29.3493148	22.27211	-21.9928273	46.1163551	5.06683408	18.3567464	0	100	0	0	3
562	303	0.649268274	5.53439485	28.9733401	22.2617115	-21.9928273	46.1163551	5.07723253	18.3567464	0	100	0	0	3
563	303	0.650981987	5.54424253	28.1150908	22.2786752	-21.9928273	46.1163551	5.07723253	18.3567464	0	100	0	0	3
564	304	0.652570066	5.55409021	25.8305077	22.3176594	-21.9928273	46.1163551	5.07723253	18.3567464	0	100	0	0	3
565	305	0.653880571	5.56393789	34.1948554	22.6721887	-21.9928273	46.1163551	5.07723253	18.3567464	0	100	0	0	3
566	305	0.654479667	5.57378556	29.174654	22.8028033	-21.9928273	46.1163551	5.07723253	18.3567464	0	100	0	0	3
567	306	0.655286929	5.58363324	28.2616263	22.7998997	-21.9928273	46.1163551	5.07723253	18.3567464	0	100	0	0	3
568	306	0.655740742	5.59348092	36.615865	22.9292139	-21.9928273	46.1163551	5.07723253	18.3567464	0	100	0	0	3
569	307	0.656599418	5.6033286	36.99048	23.1693536	-21.9928273	46.1163551	5.07723253	18.3567464	0	100	0	0	3
570	307	0.657650316	5.61317627	34.9666894	23.3890118	-21.9928273	46.1163551	5.07723253	18.3567464	0	100	0	0	3
571	308	0.658500537	5.62302395	34.6850109	23.7277816	-21.9928273	46.1163551	4.83228258	18.3567464	0	100	0	0	3
572	308	0.659968766	5.63287163	29.8742152	24.3753498	-21.9928273	46.1163551	4.24599914	18.3567464	0	100	0	0	3
573	309	0.661209799	5.64271931	34.3510652	25.2820347	-21.9928273	46.1163551	3.54542582	18.3567464	0	100	0	0	3
574	310	0.662654609	5.65256698	28.6771525	26.0145482	-16.0914488	46.1163551	3.75283668	18.3567464	0	100	0	0	3
575	310	0.664384446	5.66241466	26.8314626	26.3902237	-16.0914488	46.1163551	4.12851215	18.3567464	0	100	0	0	3
576	311	0.665439354	5.67226234	17.9898388	26.8468835	-16.0914488	46.1163551	4.58517199	18.3567464	0	100	0	0	3
577	311	0.666184295	5.68211002	13.7967316	27.0309317	-16.0914488	46.1163551	4.76922011	18.3567464	0	100	0	0	3
578	312	0.667415177	5.6919577	8.2035562	26.8880412	-16.0914488	46.1163551	4.76922011	18.3567464	0	100	0	0	3
579	312	0.668911574	5.70180537	9.10291372	26.5719266	-16.0914488	46.1163551	4.76922011	18.3567464	0	100	0	0	3
580	312	0.670298515	5.71165305	13.1287864	26.1977446	-16.0914488	46.1163551	4.76922011	18.3567464	0	100	0	0	3
581	313	0.671708088	5.72150073	21.0657937	25.9097911	-16.0914488	46.1163551	4.76922011	18.3567464	0	100	0	0	3
582	313	0.673441407	5.73134841	26.2644757	25.8420948	-16.0914488	46.1163551	4.76922011	18.3567464	0	100	0	0	3
583	314	0.674661989	5.74119608	24.5968042	25.7857787	-16.0914488	46.1163551	4.76922011	18.3567464	0	100	0	0	3
584	314	0.676120293	5.75104376	27.0189757	25.7889539	-16.0914488	46.1163551	4.76922011	18.3567464	0	100	0	0	3
585	314	0.677704299	5.76089144	29.2712015	25.8542437	-16.0914488	46.1163551	4.76922011	18.3567464	0	100	0	0	3
586	315	0.679362099	5.77073912	28.1181891	25.8843016	-16.0914488	46.1163551	4.76922011	18.3567464	0	100	0	0	3
587	315	0.680955745	5.78058679	27.695225	25.8474863	-16.0914488	46.1163551	4.76922011	18.3567464	0	100	0	0	3
588	316	0.682647975	5.79043447	29.4241988	25.8573141	-16.0914488	46.1163551	4.76922011	18.3567464	0	100	0	0	3
589	316	0.684167017	5.80028215	29.6661433	25.8693123	-16.0914488	46.1163551	4.76922011	18.3567464	0	100	0	0	3
590	317	0.685338465	5.81012983	29.9751935	25.6697954	-16.0914488	46.1163551	4.76922011	18.3567464	0	100	0	0	3
591	318	0.686633903	5.8199775	33.5453433	25.6384719	-16.0914488	46.1163551	4.76922011	18.3567464	0	100	0	0	3
592	318	0.687169314	5.82982518	39.7778544	25.3739722	-16.0914488	39.7778544	4.76922011	18.3567464	0	100	0	0	3
593	319	0.688006833	5.83967286	40.7094372	25.7155466	-9.8912838	40.7094372	4.76922011	18.3567464	0	100	0	0	3
594	319	0.689153129	5.84952054	40.5568369	26.2230955	8.2035562	40.7094372	4.76922011	18.3567464	0	100	0	0	3
595	320	0.690174577	5.85936822	35.5208138	26.467837	8.2035562	40.7094372	4.76922011	18.3567464	0	100	0	0	3
596	320	0.691578585	5.86921589	32.3408958	26.7409777	8.2035562	40.7094372	4.76922011	18.3567464	0	100	0	0	3
597	321	0.693127823	5.87906357	28.3404943	26.9739784	8.2035562	40.7094372	4.76922011	18.3567464	0	100	0	0	3
598	322	0.694431863	5.88891125	10.9161763	26.6972833	8.2035562	40.7094372	4.76922011	18.3567464	0	100	0	0	3
599	322	0.695407325	5.89875893	28.9720981	26.9339146	8.2035562	40.7094372	4.76922011	18.3567464	0	100	0	0	3
600	323	0.696642079	5.9086066	21.6355995	26.9554362	8.2035562	40.7094372	4.76922011	18.3567464	0	100	0	0	3
601	324	0.698630891	5.91845428	19.9932876	26.9165073	8.2035562	40.7094372	4.76922011	18.3567464	0	100	0	0	3
602	324	0.699937092	5.92830196	9.6729056	26.665891	8.2035562	40.7094372	4.76922011	18.3567464	0	100	0	0	3
603	324	0.701082969	5.93814964	16.3362212	26.7113002	8.2035562	40.7094372	4.76922011	18.3567464	0	100	0	0	3
604	325	0.702574103	5.94799731	23.1797305	26.6700542	8.2035562	40.7094372	4.76922011	18.3567464	0	100	0	0	3
605	325	0.704142914	5.95784499	22.9129975	26.6591895	8.2035562	40.7094372	4.76922011	18.3567464	0	100	0	0	3
606	326	0.705549667	5.96769267	31.3665131	26.8304863	8.2035562	40.7094372	4.76922011	18.3567464	0	100	0	0	3
607	326	0.706992232	5.97754035	30.1332973	26.8776569	8.2035562	40.7094372	4.76922011	18.3567464	0	100	0	0	3
608	327	0.708534394	5.98738803	29.3142057	26.7110052	8.2035562	40.7094372	4.76922011	18.3567464	0	100	0	0	3
609	327	0.710090358	5.9972357	28.0721922	26.8092036	8.2035562	40.7094372	4.76922011	18.3567464	0	100	0	0	3
610	327	0.711678707	6.00708338	28.6503724	26.7757401	8.2035562	40.7094372	4.76922011	18.3567464	0	100	0	0	3
611	328	0.71338405	6.01693106	30.5919802	26.6703763	8.2035562	40.7094372	4.76922011	18.3567464	0	100	0	0	3
612	328	0.714968002	6.02677874	29.6075257	26.6753774	8.2035562	40.7094372	4.76922011	18.3567464	0	100	0	0	3
613	329	0.716042738	6.03662641	27.5435186	26.6360193	8.2035562	40.7094372	4.75225648	18.3567464	0	100	0	0	3
614	330	0.717511175	6.04647409	30.6601145	26.6867402	8.2035562	40.7094372	4.7132723	18.3567464	0	100	0	0	3
615	330	0.717989731	6.05632177	43.0612559	26.827308	8.2035562	43.0612559	4.35874298	18.3567464	0	100	0	0	3
616	331	0.718472946	6.06616945	41.4187522	26.7869874	8.2035562	43.0612559	4.23103198	18.3567464	0	100	0	0	3
617	331	0.71953361	6.07601712	42.1116292	27.0148577	8.2035562	43.0612559	4.23103198	18.3567464	0	100	0	0	3
618	332	0.720494423	6.0858648	38.1670553	27.1637471	8.2035562	43.0612559	4.23453319	18.3567464	0	100	0	0	3
619	332	0.721571271	6.09571248	36.1649466	27.2458281	8.2035562	43.0612559	4.07647447	18.3567464	0	100	0	0	3
620	333	0.722655372	6.10556016	32.1850905	27.2002176	8.2035562	43.0612559	3.85681632	18.3567464	0	100	0	0	3
621	333	0.724085384	6.11540784	30.444707	27.1472018	8.2035562	43.0612559	3.51804648	18.3567464	0	100	0	0	3
622	334	0.725235897	6.12525551	20.3620781	26.9341935	8.2035562	43.0612559	2.87047829	18.3567464	0	100	0	0	3
623	334	0.726755101	6.13510319	28.2526282	26.8995509	8.2035562	43.0612559	1.96379342	18.3567464	0	100	0	0	3
624	335	0.728347177	6.14495087	20.4443782	26.6087338	8.2035562	43.0612559	1.87185589	18.3567464	0	100	0	0	3
625	335	0.729887926	6.15479855	10.3975823	26.1927824	8.2035562	43.0612559	1.87185589	18.3567464	0	100	0	0	3
626	336	0.731292221	6.16464622	14.3234492	25.9271502	8.2035562	43.0612559	1.87185589	18.3567464	0	100	0	0	3
627	336	0.732886419	6.1744939	17.3559221	25.848702	8.2035562	43.0612559	1.87185589	18.3567464	0	100	0	0	3
628	337	0.734077927	6.18434158	24.9905929	25.9658789	8.2035562	43.0612559	1.87185589	18.3567464	0	100	0	0	3
629	337	0.735678613	6.19418926	26.3589323	26.295374	9.10291372	43.0612559	1.87185589	18.3567464	0	100	0	0	3
630	337	0.73722628	6.20403693	30.7621856	26.7731613	9.6729056	43.0612559	1.87185589	18.3567464	0	100	0	0	3
631	338	0.738609858	6.21388461	35.2489777	27.2218552	9.6729056	43.0612559	1.87185589	18.3567464	0	100	0	0	3
632	338	0.740217647	6.22373229	32.2960275	27.4675963	9.6729056	43.0612559	2.09362409	18.3567464	0	100	0	0	3
633	339	0.741885218	6.23357997	28.2238063	27.5164893	9.6729056	43.0612559	2.14251713	18.3567464	0	100	0	0	3
634	339	0.743518555	6.24342764	29.2174657	27.6085936	9.6729056	43.0612559	2.2346214	18.3567464	0	100	0	0	3
635	340	0.745231387	6.25327532	29.4507212	27.6666899	9.6729056	43.0612559	2.29271767	18.3567464	0	100	0	0	3
636	340	0.746748514	6.263123	28.6957312	27.6524907	9.6729056	43.0612559	2.29271767	18.3567464	0	100	0	0	3
637	341	0.747910651	6.27297068	29.0320502	27.6646165	9.6729056	43.0612559	2.29271767	18.3567464	0	100	0	0	3
638	341	0.749162771	6.28281836	33.1459686	27.7645259	9.6729056	43.0612559	2.39055373	18.3567464	0	100	0	0	3
639	342	0.749644306	6.29266603	41.56434	27.821791	9.6729056	43.0612559	2.44781882	18.3567464	0	100	0	0	3
640	343	0.750609231	6.30251371	44.6875209	28.0245613	9.6729056	44.6875209	2.65058913	18.3567464	0	100	0	0	3
641	343	0.751696384	6.31236139	42.9364329	28.2344297	9.6729056	44.6875209	2.86045751	18.3567464	0	100	0	0	3
642	344	0.752725177	6.32220907	36.9453237	28.2659278	9.6729056	44.6875209	2.89195564	18.3567464	0	100	0	0	3
643	344	0.754102141	6.33205674	33.0559435	28.272383	9.6729056	44.6875209	2.55683641	18.3567464	0	100	0	0	3
644	345	0.755078896	6.34190442	31.4528227	28.1633993	9.6729056	44.6875209	2.42368097	18.3567464	0	100	0	0	3
645	346	0.756678812	6.3517521	17.3823811	27.6975724	9.6729056	44.6875209	2.42368097	18.3567464	0	100	0	0	3
646	346	0.75792446	6.36159978	29.6332337	27.6152124	9.6729056	44.6875209	2.42368097	18.3567464	0	100	0	0	3
647	346	0.759337346	6.37144745	22.9444748	27.4199001	9.6729056	44.6875209	2.42368097	18.3567464	0	100	0	0	3
648	347	0.760688742	6.38129513	18.5672642	27.2217141	9.6729056	44.6875209	2.42368097	18.3567464	0	100	0	0	3
649	347	0.76168756	6.39114281	13.7352612	27.3375787	9.6729056	44.6875209	2.42368097	18.3567464	0	100	0	0	3
650	348	0.76344441	6.40099049	9.38799686	26.8506512	9.38799686	44.6875209	2.42368097	18.3567464	0	100	0	0	3
651	348	0.76462516	6.41083817	19.7286785	26.8216739	9.38799686	44.6875209	2.42368097	18.3567464	0	100	0	0	3
652	349	0.766040165	6.42068584	24.6468957	26.9774842	9.38799686	44.6875209	2.42368097	18.3567464	0	100	0	0	3
653	349	0.767940215	6.43053352	27.6077603	27.3274799	9.38799686	44.6875209	2.42368097	18.3567464	0	100	0	0	3
654	350	0.769208175	6.4403812	32.9216403	27.6164743	9.38799686	44.6875209	2.42368097	18.3567464	0	100	0	0	3
655	350	0.770569456	6.45022888	28.1095808	27.723644	9.38799686	44.6875209	2.42368097	18.3567464	0	100	0	0	3
656	350	0.772018269	6.46007655	29.9831595	27.8830628	9.38799686	44.6875209	2.42368097	18.3567464	0	100	0	0	3
657	351	0.773604818	6.46992423	27.8643634	27.8106212	9.38799686	44.6875209	2.42368097	18.3567464	0	100	0	0	3
658	351	0.775137991	6.47977191	27.8630369	27.7626322	9.38799686	44.6875209	2.42368097	18.3567464	0	100	0	0	3
659	352	0.776780696	6.48961959	28.4436278	27.743963	9.38799686	44.6875209	2.42368097	18.3567464	0	100	0	0	3
660	352	0.778323743	6.49946726	30.2333197	27.7927731	9.38799686	44.6875209	2.42368097	18.3567464	0	100	0	0	3
661	353	0.779453739	6.50931494	32.4800182	27.850824	9.38799686	44.6875209	2.42368097	18.3567464	0	100	0	0	3
662	354	0.780387383	6.51916262	31.117383	27.8265744	9.38799686	44.6875209	2.42368097	18.3567464	0	100	0	0	3
663	354	0.780889584	6.5290103	33.7578363	27.8289673	9.38799686	44.6875209	2.42368097	18.3567464	0	100	0	0	3
664	355	0.78141765	6.53885798	38.2177381	27.9175752	9.38799686	44.6875209	2.42368097	18.3567464	0	100	0	0	3
665	355	0.782335945	6.54870565	42.4141381	28.0608056	9.38799686	44.6875209	2.42368097	18.3567464	0	100	0	0	3
666	356	0.783520955	6.55855333	40.6055987	28.1781107	9.38799686	44.6875209	2.42368097	18.3567464	0	100	0	0	3
667	356	0.784585688	6.56840101	39.633309	28.2658192	9.38799686	44.6875209	2.42368097	18.3567464	0	100	0	0	3
668	357	0.785659492	6.57824869	33.6737096	28.1315489	9.38799686	44.6875209	2.42368097	18.3567464	0	100	0	0	3
669	357	0.786437034	6.58809636	36.8248152	28.0878312	9.38799686	44.6875209	2.42368097	18.3567464	0	100	0	0	3
670	358	0.787744741	6.59794404	25.3993971	27.9032631	9.38799686	44.6875209	2.42368097	18.3567464	0	100	0	0	3
671	358	0.789205704	6.60779172	26.3866769	27.8002192	9.38799686	44.6875209	2.42368097	18.3567464	0	100	0	0	3
672	359	0.790318798	6.6176394	23.9751254	27.6788403	9.38799686	44.6875209	2.42368097	18.3567464	0	100	0	0	3
673	359	0.791517699	6.62748707	15.7651465	27.5903498	9.38799686	44.6875209	2.42368097	18.3567464	0	100	0	0	3
674	360	0.792434772	6.63733475	10.0695438	27.3303913	9.38799686	44.6875209	2.42368097	18.3567464	0	100	0	0	3
675	360	0.793626698	6.64718243	10.1077016	27.1838657	9.38799686	44.6875209	2.42368097	18.3567464	0	100	0	0	3
676	361	0.794843237	6.65703011	6.59283797	27.1963925	6.59283797	44.6875209	2.42368097	18.3567464	0	100	0	0	3
677	361	0.79640848	6.66687778	14.0783424	27.1586827	6.59283797	44.6875209	2.42368097	18.3567464	0	100	0	0	3
678	362	0.797855983	6.67672546	22.1588096	27.2878232	6.59283797	44.6875209	2.30650408	18.3567464	0	100	0	0	3
679	362	0.79859434	6.68657314	25.4893167	27.3096662	6.59283797	44.6875209	1.97700894	18.3567464	0	100	0	0	3
680	362	0.799984962	6.69642082	27.5834578	27.3392522	6.59283797	44.6875209	1.49922168	18.3567464	0	100	0	0	3
681	363	0.801290655	6.7062685	28.0853758	27.2717676	6.59283797	44.6875209	1.45070908	18.3567464	0	100	0	0	3
682	363	0.80282166	6.71611617	30.8497008	27.1851908	6.59283797	44.6875209	1.45070908	18.3567464	0	100	0	0	3
683	364	0.804425434	6.72596385	27.4126704	27.0628953	6.59283797	44.6875209	1.45070908	18.3567464	0	100	0	0	3
684	364	0.806027388	6.73581153	28.4871356	27.0682844	6.59283797	44.6875209	1.45070908	18.3567464	0	100	0	0	3
685	365	0.807671441	6.74565921	30.9671166	27.1134819	6.59283797	44.6875209	1.45070908	18.3567464	0	100	0	0	3
686	365	0.809340781	6.75550688	27.5754927	27.0630674	6.59283797	44.6875209	1.45070908	18.3567464	0	100	0	0	3
687	366	0.810499195	6.76535456	28.6399601	27.0528672	6.59283797	44.6875209	1.45070908	18.3567464	0	100	0	0	3
688	366	0.811312995	6.77520224	31.5754281	27.0746389	6.59283797	44.6875209	1.45070908	18.3567464	0	100	0	0	3
689	367	0.812002606	6.78504992	36.0047344	27.0516642	6.59283797	44.6875209	1.45070908	18.3567464	0	100	0	0	3
690	368	0.812531656	6.79489759	38.9634967	27.0407492	6.59283797	44.6875209	1.45070908	18.3567464	0	100	0	0	3
691	368	0.813328273	6.80474527	39.9882529	26.9337067	6.59283797	42.9364329	1.45070908	18.3567464	0	100	0	0	3
692	369	0.814338918	6.81459295	43.5664651	26.9243264	6.59283797	43.5664651	1.45070908	18.3567464	0	100	0	0	3
693	369	0.815272394	6.82444063	33.9107046	26.8637655	6.59283797	43.5664651	1.45070908	18.3567464	0	100	0	0	3
694	370	0.816534551	6.83428831	30.7052501	26.8048562	6.59283797	43.5664651	1.46096298	18.3567464	0	100	0	0	3
695	370	0.817716198	6.84413598	33.1001935	26.8511376	6.59283797	43.5664651	1.46096298	18.3567464	0	100	0	0	3
696	371	0.818664572	6.85398366	31.6568346	27.1690625	6.59283797	43.5664651	1.46096298	18.3567464	0	100	0	0	3
697	371	0.820282098	6.86383134	28.6342361	27.1578444	6.59283797	43.5664651	1.46096298	18.3567464	0	100	0	0	3
698	372	0.821471369	6.87367902	20.6130406	27.1283835	6.59283797	43.5664651	1.46096298	18.3567464	0	100	0	0	3
699	372	0.823088495	6.88352669	13.7998628	26.9683757	6.59283797	43.5664651	1.46096298	18.3567464	0	100	0	0	3
700	373	0.823868174	6.89337437	4.04326756	26.8934851	4.04326756	43.5664651	1.46096298	18.3567464	0	100	0	0	3
701	374	0.825387033	6.90322205	4.58360331	26.8429374	4.04326756	43.5664651	1.46096298	18.3567464	0	100	0	0	3
702	374	0.826664374	6.91306973	9.42226502	26.6196596	4.04326756	43.5664651	1.64615959	18.3567464	0	100	0	0	3
703	375	0.827994822	6.9229174	19.3305148	26.5081853	4.04326756	43.5664651	1.75763393	18.3567464	0	100	0	0	3
704	375	0.829656734	6.93276508	23.7671697	26.4005224	4.04326756	43.5664651	1.86529677	18.3567464	0	100	0	0	3
705	376	0.83107841	6.94261276	25.6434756	26.2494838	4.04326756	43.5664651	2.01633536	18.3567464	0	100	0	0	3
706	376	0.83311592	6.95246044	29.6197951	26.3187912	4.04326756	43.5664651	2.01633536	18.3567464	0	100	0	0	3
707	376	0.834831133	6.96230811	33.5433623	26.4315498	4.04326756	43.5664651	2.01633536	18.3567464	0	100	0	0	3
708	377	0.836545686	6.97215579	30.070401	26.4945578	4.04326756	43.5664651	2.01633536	18.3567464	0	100	0	0	3
709	377	0.838160952	6.98200347	27.822753	26.4953079	4.04326756	43.5664651	2.01633536	18.3567464	0	100	0	0	3
710	378	0.839652878	6.99185115	29.749372	26.5216201	4.04326756	43.5664651	2.01633536	18.3567464	0	100	0	0	3
711	378	0.841261697	7.00169883	28.7250368	26.4869443	4.04326756	43.5664651	2.01633536	18.3567464	0	100	0	0	3
712	379	0.842415095	7.0115465	26.616759	26.3817619	4.04326756	43.5664651	2.01633536	18.3567464	0	100	0	0	3
713	379	0.843336789	7.02139418	31.6567901	26.3887608	4.04326756	43.5664651	2.01633536	18.3567464	0	100	0	0	3
714	380	0.843844415	7.03124186	43.213827	26.4656428	4.04326756	43.5664651	2.01633536	18.3567464	0	100	0	0	3
715	380	0.844723316	7.04108954	42.188441	26.5858989	4.04326756	43.5664651	2.01633536	18.3567464	0	100	0	0	3
716	381	0.845888733	7.05093721	37.8313502	26.5634081	4.04326756	43.5664651	2.01633536	18.3567464	0	100	0	0	3
717	382	0.846744989	7.06078489	34.8537162	26.4124921	4.04326756	43.5664651	2.01633536	18.3567464	0	100	0	0	3
718	382	0.847996849	7.07063257	32.7483258	26.3155839	4.04326756	43.5664651	1.88206503	18.3567464	0	100	0	0	3
719	383	0.849069836	7.08048025	37.2263752	26.375605	4.04326756	43.5664651	1.83834737	18.3567464	0	100	0	0	3
720	383	0.850476434	7.09032792	25.8579	26.2373633	4.04326756	43.5664651	1.66589976	18.3567464	0	100	0	0	3
721	384	0.851815156	7.1001756	33.0257559	26.396307	4.04326756	43.5664651	1.56285584	18.3567464	0	100	0	0	3
722	384	0.853290169	7.11002328	21.1377546	26.2754921	4.04326756	43.5664651	1.44147696	18.3567464	0	100	0	0	3
723	385	0.854839115	7.11987096	15.057503	26.0458662	4.04326756	43.5664651	1.54448366	18.3567464	0	100	0	0	3
724	385	0.8562054	7.12971864	12.5706925	25.9517933	4.04326756	43.5664651	1.38745887	18.3567464	0	100	0	0	3
725	386	0.857316024	7.13956631	15.2335514	25.9928103	4.04326756	43.5664651	1.38745887	18.3567464	0	100	0	0	3
726	386	0.858971507	7.14941399	19.3831385	26.1151105	4.04326756	43.5664651	1.38745887	18.3567464	0	100	0	0	3
727	387	0.860338734	7.15926167	25.8216322	26.4715982	4.04326756	43.5664651	1.38745887	18.3567464	0	100	0	0	3
728	387	0.861430578	7.16910935	29.6435036	26.8231969	4.04326756	43.5664651	1.38745887	18.3567464	0	100	0	0	3
729	387	0.862812491	7.17895702	33.0288452	27.0591606	4.04326756	43.5664651	1.38745887	18.3567464	0	100	0	0	3
730	388	0.864156809	7.1888047	33.1311232	27.2013419	4.04326756	43.5664651	1.38745887	18.3567464	0	100	0	0	3
731	388	0.865713512	7.19865238	31.4890412	27.2948065	4.04326756	43.5664651	1.34301323	18.3567464	0	100	0	0	3
732	389	0.867266586	7.20850006	27.9453646	27.294475	4.04326756	43.5664651	1.34301323	18.3567464	0	100	0	0	3
733	389	0.868851478	7.21834773	29.6344047	27.268206	4.04326756	43.5664651	1.34301323	18.3567464	0	100	0	0	3
734	390	0.87058317	7.22819541	30.682664	27.3540781	4.04326756	43.5664651	1.40228478	18.3567464	0	100	0	0	3
735	390	0.872087765	7.23804309	28.7584628	27.3585879	4.04326756	43.5664651	1.40679465	18.3567464	0	100	0	0	3
736	391	0.873177525	7.24789077	27.31061	27.267224	4.04326756	43.5664651	1.40679465	18.3567464	0	100	0	0	3
737	391	0.874498785	7.25773845	31.9046484	27.3533629	4.04326756	43.5664651	1.40679465	18.3567464	0	100	0	0	3
738	392	0.875116493	7.26758612	39.8995378	27.4502325	4.04326756	43.5664651	1.49843917	18.3567464	0	100	0	0	3
739	392	0.875638371	7.2774338	41.106465	27.5088377	4.04326756	43.5664651	1.55704443	18.3567464	0	100	0	0	3
740	393	0.8765549	7.28728148	41.7797157	27.6206975	4.04326756	43.5664651	1.6689042	18.3567464	0	100	0	0	3
741	394	0.877649969	7.29712916	47.6327265	27.8650781	4.04326756	47.6327265	1.9132848	18.3567464	0	100	0	0	3
742	394	0.878263088	7.30697683	42.5851391	27.8553394	4.04326756	47.6327265	1.9132848	18.3567464	0	100	0	0	3
743	395	0.879229759	7.31682451	33.6232981	27.6965705	4.04326756	47.6327265	1.9132848	18.3567464	0	100	0	0	3
744	395	0.880215469	7.32667219	30.8840317	27.6556295	4.04326756	47.6327265	1.9132848	18.3567464	0	100	0	0	3
745	396	0.881436213	7.33651987	31.2713766	27.6643319	4.04326756	47.6327265	1.9132848	18.3567464	0	100	0	0	3
746	396	0.882263401	7.34636754	30.3607419	27.5993743	4.04326756	47.6327265	1.9132848	18.3567464	0	100	0	0	3
747	397	0.883362149	7.35621522	16.2832732	27.3477184	4.04326756	47.6327265	1.9132848	18.3567464	0	100	0	0	3
748	397	0.884803652	7.3660629	11.0382319	26.9510889	4.04326756	47.6327265	1.9132848	18.3567464	0	100	0	0	3
749	398	0.886534667	7.37591058	7.8737426	26.5593855	4.04326756	47.6327265	1.9132848	18.3567464	0	100	0	0	3
750	398	0.887484806	7.38575825	9.38986618	26.6264751	4.04326756	47.6327265	1.9132848	18.3567464	0	100	0	0	3
751	398	0.888974693	7.39560593	6.9092244	26.4457124	4.58360331	47.6327265	1.9132848	18.3567464	0	100	0	0	3
752	399	0.890206284	7.40545361	12.4068777	26.691247	6.9092244	47.6327265	1.9132848	18.3567464	0	100	0	0	3
753	399	0.891724357	7.41530129	23.610645	26.9584128	6.9092244	47.6327265	1.9132848	18.3567464	0	100	0	0	3
754	400	0.892965629	7.42514897	21.6124289	27.0124786	6.9092244	47.6327265	1.9132848	18.3567464	0	100	0	0	3
755	400	0.894646736	7.43499664	30.5786837	27.1877146	6.9092244	47.6327265	1.9132848	18.3567464	0	100	0	0	3
756	401	0.896348875	7.44484432	31.3866013	27.3308498	6.9092244	47.6327265	1.9132848	18.3567464	0	100	0	0	3
757	401	0.897891144	7.454692	31.3313719	27.3541014	6.9092244	47.6327265	1.9132848	18.3567464	0	100	0	0	3
758	402	0.899572222	7.46453968	27.6640642	27.1981753	6.9092244	47.6327265	1.9132848	18.3567464	0	100	0	0	3
759	402	0.901266391	7.47438735	26.3274182	27.099292	6.9092244	47.6327265	1.9132848	18.3567464	0	100	0	0	3
760	402	0.902987933	7.48423503	27.6437792	27.0957252	6.9092244	47.6327265	1.9132848	18.3567464	0	100	0	0	3
761	403	0.904473253	7.49408271	27.3037902	27.0394158	6.9092244	47.6327265	1.9132848	18.3567464	0	100	0	0	3
762	404	0.905704991	7.50393039	28.0843307	27.0173064	6.9092244	47.6327265	1.9132848	18.3567464	0	100	0	0	3
763	404	0.906334017	7.51377806	39.195263	27.1443776	6.9092244	47.6327265	1.9132848	18.3567464	0	100	0	0	3
764	405	0.906875446	7.52362574	40.5829673	27.193434	6.9092244	47.6327265	1.9132848	18.3567464	0	100	0	0	3
765	405	0.90783223	7.53347342	39.6757461	27.2529845	6.9092244	47.6327265	1.9132848	18.3567464	0	100	0	0	3
766	406	0.908908679	7.5433211	39.5244977	27.2542756	6.9092244	47.6327265	1.9132848	18.3567464	0	100	0	0	3
767	406	0.910058782	7.55316878	36.6525034	27.2306233	6.9092244	47.6327265	1.9132848	18.3567464	0	100	0	0	3
768	407	0.911501677	7.56301645	34.471945	27.2911754	6.9092244	47.6327265	1.9132848	18.3567464	0	100	0	0	3
769	407	0.912980986	7.57286413	31.6135084	27.2844426	6.9092244	47.6327265	1.9132848	18.3567464	0	100	0	0	3
770	408	0.914423981	7.58271181	26.0683276	27.0943642	6.9092244	47.6327265	1.9132848	18.3567464	0	100	0	0	3
771	409	0.916042901	7.59255949	22.3598776	27.0039895	6.9092244	47.6327265	1.9132848	18.3567464	0	100	0	0	3
772	409	0.917230907	7.60240716	22.2409164	26.7942536	6.9092244	47.6327265	1.9132848	18.3567464	0	100	0	0	3
773	410	0.918450198	7.61225484	14.1979641	26.6865935	6.9092244	47.6327265	1.9132848	18.3567464	0	100	0	0	3
774	410	0.919742398	7.62210252	9.87145607	26.6293439	6.9092244	47.6327265	1.9132848	18.3567464	0	100	0	0	3
775	411	0.920803939	7.6319502	16.2116503	26.7554971	6.9092244	47.6327265	1.87226783	18.3567464	0	100	0	0	3
776	411	0.922301496	7.64179787	20.6638021	26.8120313	6.9092244	47.6327265	1.74996759	18.3567464	0	100	0	0	3
777	411	0.923761879	7.65164555	23.9894576	26.9382285	6.9092244	47.6327265	1.4193657	18.3567464	0	100	0	0	3
778	412	0.925020393	7.66149323	31.0752541	27.0423251	6.9092244	47.6327265	1.4193657	18.3567464	0	100	0	0	3
779	412	0.926380144	7.67134091	30.3941767	27.0687704	6.9092244	47.6327265	1.4193657	18.3567464	0	100	0	0	3
780	413	0.927759808	7.68118859	30.368045	27.012041	6.9092244	47.6327265	1.4193657	18.3567464	0	100	0	0	3
781	413	0.929169549	7.69103626	32.0730187	26.9952547	6.9092244	47.6327265	1.4193657	18.3567464	0	100	0	0	3
782	413	0.930729101	7.70088394	28.8899108	26.9331054	6.9092244	47.6327265	1.4193657	18.3567464	0	100	0	0	3
783	414	0.932254531	7.71073162	28.6437746	26.9490682	6.9092244	47.6327265	1.4193657	18.3567464	0	100	0	0	3
784	414	0.933884891	7.7205793	29.2332266	26.9408883	6.9092244	47.6327265	1.4193657	18.3567464	0	100	0	0	3
785	415	0.935419472	7.73042697	30.7564692	26.9312597	6.9092244	47.6327265	1.4193657	18.3567464	0	100	0	0	3
786	415	0.936575407	7.74027465	29.1919758	26.9291514	6.9092244	47.6327265	1.4193657	18.3567464	0	100	0	0	3
787	416	0.937814516	7.75012233	31.9228081	27.0184498	6.9092244	47.6327265	1.4193657	18.3567464	0	100	0	0	3
788	417	0.938314201	7.75997001	39.9166255	27.0182788	6.9092244	47.6327265	1.4193657	18.3567464	0	100	0	0	3
789	417	0.939157615	7.76981768	45.5812744	27.1385055	6.9092244	47.6327265	1.4193657	18.3567464	0	100	0	0	3
790	418	0.940164782	7.77966536	40.3910514	27.2323887	6.9092244	47.6327265	1.4193657	18.3567464	0	100	0	0	3
791	418	0.941261728	7.78951304	37.8059264	27.2055841	6.9092244	47.6327265	1.4193657	18.3567464	0	100	0	0	3
792	419	0.942686231	7.79936072	34.7885845	27.0277275	6.9092244	45.5812744	1.40962705	18.3567464	0	100	0	0	3
793	419	0.943821173	7.80920839	28.9888343	26.9161805	6.9092244	45.5812744	1.25085807	18.3567464	0	100	0	0	3
794	420	0.945227377	7.81905607	28.386664	26.8492724	6.9092244	45.5812744	1.21861951	18.3567464	0	100	0	0	3
795	420	0.946251586	7.82890375	29.621538	26.8320436	6.9092244	45.5812744	1.21861951	18.3567464	0	100	0	0	3
796	421	0.947681521	7.83875143	28.4763548	26.7857304	6.9092244	45.5812744	1.15366189	18.3567464	0	100	0	0	3
797	422	0.948940267	7.84859911	18.6902063	26.5885493	6.9092244	45.5812744	0.908389036	18.3567464	0	100	0	0	3
798	422	0.949837852	7.85844678	7.08680974	26.4955595	6.9092244	45.5812744	0.908389036	18.3567464	0	100	0	0	3
799	422	0.951225065	7.86829446	6.04928054	26.4039991	6.04928054	45.5812744	0.950102291	18.3567464	0	100	0	0	3
800	423	0.952666554	7.87814214	9.95289457	26.5304444	6.04928054	45.5812744	0.950102291	18.3567464	0	100	0	0	3
801	424	0.954174118	7.88798982	19.440752	26.6143825	6.04928054	45.5812744	0.950102291	18.3567464	0	100	0	0	3
802	424	0.955688308	7.89783749	20.6466823	26.9190014	6.04928054	45.5812744	0.950102291	18.3567464	0	100	0	0	3
803	425	0.957005189	7.90768517	25.7071416	27.1626749	6.04928054	45.5812744	0.950102291	18.3567464	0	100	0	0	3
804	425	0.958436849	7.91753285	31.8829457	27.3448007	6.04928054	45.5812744	0.950102291	18.3567464	0	100	0	0	3
805	425	0.960044368	7.92738053	29.6932115	27.5071553	6.04928054	45.5812744	1.10315621	18.3567464	0	100	0	0	3
806	426	0.961680309	7.9372282	27.2816955	27.4246235	6.04928054	45.5812744	1.10315621	18.3567464	0	100	0	0	3
807	426	0.963293894	7.94707588	28.2492352	27.3437622	6.04928054	45.5812744	1.10315621	18.3567464	0	100	0	0	3
808	427	0.965000685	7.95692356	31.3406975	27.3537752	6.04928054	45.5812744	1.10315621	18.3567464	0	100	0	0	3
809	427	0.966119235	7.96677124	28.754363	27.3694785	6.04928054	45.5812744	1.10315621	18.3567464	0	100	0	0	3
810	428	0.967213689	7.97661892	24.2954614	27.3452328	6.04928054	45.5812744	1.10315621	18.3567464	0	100	0	0	3
811	428	0.968566891	7.98646659	29.3002785	27.3777373	6.04928054	45.5812744	1.10315621	18.3567464	0	100	0	0	3
812	429	0.969146041	7.99631427	41.0761068	27.5021055	6.04928054	45.5812744	1.10315621	18.3567464	0	100	0	0	3
813	430	0.969636214	8.00616195	42.3431013	27.6046768	6.04928054	45.5812744	1.20067766	18.3567464	0	100	0	0	3
814	430	0.970507347	8.01600963	46.5302016	27.7479743	6.04928054	46.5302016	1.34397515	18.3567464	0	100	0	0	3
815	431	0.971490904	8.0258573	35.6341555	27.7604677	6.04928054	46.5302016	1.35646855	18.3567464	0	100	0	0	3
816	431	0.972457063	8.03570498	34.5257974	27.6852031	6.04928054	46.5302016	1.35646855	18.3567464	0	100	0	0	3
817	432	0.973845929	8.04555266	33.5625371	27.6146493	6.04928054	46.5302016	1.35646855	18.3567464	0	100	0	0	3
818	433	0.975118858	8.05540034	29.2871854	27.4876061	6.04928054	46.5302016	1.35646855	18.3567464	0	100	0	0	3
819	433	0.976249684	8.06524801	16.8477249	27.1461358	6.04928054	46.5302016	1.35646855	18.3567464	0	100	0	0	3
820	434	0.977183816	8.07509569	35.4133595	27.163488	6.04928054	46.5302016	1.35646855	18.3567464	0	100	0	0	3
821	434	0.978507377	8.08494337	24.9684198	27.1428118	6.04928054	46.5302016	1.35646855	18.3567464	0	100	0	0	3
822	435	0.979897875	8.09479105	21.289491	27.1366128	6.04928054	46.5302016	1.35646855	18.3567464	0	100	0	0	3
823	435	0.98089603	8.10463873	19.1128858	27.1021699	6.04928054	46.5302016	1.35646855	18.3567464	0	100	0	0	3
824	436	0.981974724	8.1144864	8.95133345	27.0416389	6.04928054	46.5302016	1.35646855	18.3567464	0	100	0	0	3
825	436	0.983232658	8.12433408	3.56201376	26.9258965	3.56201376	46.5302016	1.35646855	18.3567464	0	100	0	0	3
826	437	0.984538622	8.13418176	13.7458361	26.8342812	3.56201376	46.5302016	1.35646855	18.3567464	0	100	0	0	3
827	437	0.985778419	8.14402944	20.7143718	26.8603253	3.56201376	46.5302016	1.35646855	18.3567464	0	100	0	0	3
828	438	0.987537418	8.15387711	25.8634724	26.8985704	3.56201376	46.5302016	1.35646855	18.3567464	0	100	0	0	3
829	438	0.988904481	8.16372479	26.748393	26.8130763	3.56201376	46.5302016	1.35646855	18.3567464	0	100	0	0	3
830	438	0.99036736	8.17357247	26.751126	26.7355603	3.56201376	46.5302016	1.35646855	18.3567464	0	100	0	0	3
831	439	0.991902634	8.18342015	29.8944744	26.7330376	3.56201376	46.5302016	1.35646855	18.3567464	0	100	0	0	3
832	439	0.993518606	8.19326782	27.9797413	26.6473588	3.56201376	46.5302016	1.35646855	18.3567464	0	100	0	0	3
833	440	0.995059784	8.2031155	27.2803059	26.6081568	3.56201376	46.5302016	1.35646855	18.3567464	0	100	0	0	3
834	440	0.996697993	8.21296318	28.3009254	26.6030037	3.56201376	46.5302016	1.35646855	18.3567464	0	100	0	0	3
835	441	0.998226752	8.22281086	29.8006231	26.6123316	3.56201376	46.5302016	1.35646855	18.3567464	0	100	0	0	3
836	441	0.999344801	8.23265853	34.0123122	26.6422732	3.56201376	46.5302016	1.35646855	18.3567464	0	100	0	0	3
837	442	1	8.24250621	31.1068626	26.6419248	3.56201376	46.5302016	1.35646855	18.3567464	0	100	0	0	3
