Iteration	CPUTime	PhysTime	Travels
1	2	0.000421916309	0.00984767767
2	3	0.000818525686	0.0196953553
3	3	0.0011658568	0.029543033
4	4	0.00148858776	0.0393907107
5	5	0.00180893366	0.0492383884
6	5	0.00237902594	0.059086066
7	6	0.00312686603	0.0689337437
8	6	0.00387189006	0.0787814214
9	7	0.00466364761	0.0886290991
10	7	0.00551521821	0.0984767767
11	8	0.00674340837	0.108324454
12	8	0.0079753888	0.118172132
13	9	0.00916277681	0.12801981
14	9	0.0103452636	0.137867487
15	10	0.0115285746	0.147715165
16	10	0.0130987525	0.157562843
17	11	0.0146008499	0.16741052
18	11	0.0160674849	0.177258198
19	12	0.0176108365	0.187105876
20	12	0.0192786492	0.196953553
21	13	0.0219474928	0.206801231
22	13	0.0249188623	0.216648909
23	13	0.0278246698	0.226496586
24	14	0.0309071035	0.236344264
25	14	0.0337906587	0.246191942
26	15	0.0381812028	0.25603962
27	15	0.0425558774	0.265887297
28	16	0.0460597307	0.275734975
29	16	0.0497756971	0.285582653
30	17	0.0531999711	0.29543033
31	18	0.0562426181	0.305278008
32	18	0.058425285	0.315125686
33	19	0.0612580485	0.324973363
34	19	0.0649332501	0.334821041
35	20	0.0679006061	0.344668719
36	20	0.0713195378	0.354516396
37	21	0.07465357	0.364364074
38	22	0.0778327393	0.374211752
39	22	0.0822346305	0.384059429
40	23	0.0877494204	0.393907107
41	24	0.0906217964	0.403754785
42	24	0.0950312378	0.413602462
43	25	0.0994652882	0.42345014
44	25	0.103520665	0.433297818
45	26	0.107468451	0.443145495
46	26	0.112526542	0.452993173
47	27	0.116719702	0.462840851
48	27	0.121927407	0.472688528
49	27	0.126779353	0.482536206
50	28	0.13203527	0.492383884
51	28	0.137546407	0.502231561
52	29	0.142872031	0.512079239
53	29	0.147248714	0.521926917
54	30	0.15220243	0.531774594
55	31	0.156077153	0.541622272
56	31	0.159357831	0.55146995
57	32	0.161383376	0.561317627
58	32	0.163208218	0.571165305
59	33	0.166342616	0.581012983
60	33	0.170116328	0.59086066
61	34	0.173580979	0.600708338
62	34	0.177128396	0.610556016
63	35	0.181846743	0.620403693
64	35	0.186837339	0.630251371
65	36	0.191946424	0.640099049
66	36	0.196141044	0.649946726
67	37	0.201261295	0.659794404
68	37	0.206593049	0.669642082
69	38	0.211747393	0.679489759
70	38	0.217073205	0.689337437
71	39	0.223364725	0.699185115
72	39	0.228647701	0.709032792
73	40	0.2336081	0.71888047
74	40	0.238608362	0.728728148
75	40	0.24406031	0.738575825
76	41	0.24986044	0.748423503
77	41	0.253906422	0.758271181
78	42	0.259373622	0.768118859
79	43	0.263572008	0.777966536
80	43	0.265214797	0.787814214
81	44	0.267293069	0.797661892
82	44	0.270319329	0.807509569
83	45	0.273678854	0.817357247
84	45	0.277191049	0.827204925
85	46	0.281646802	0.837052602
86	46	0.286133151	0.84690028
87	47	0.291426037	0.856747958
88	48	0.293530734	0.866595635
89	48	0.295752317	0.876443313
90	49	0.300336875	0.886290991
91	49	0.30431757	0.896138668
92	50	0.308446681	0.905986346
93	50	0.312314195	0.915834024
94	51	0.317218964	0.925681701
95	51	0.321937336	0.935529379
96	51	0.327584846	0.945377057
97	52	0.331544484	0.955224734
98	52	0.335672019	0.965072412
99	53	0.340547753	0.97492009
100	53	0.345637697	0.984767767
101	54	0.350745961	0.994615445
102	55	0.356377965	1.00446312
103	55	0.361443383	1.0143108
104	56	0.365234629	1.02415848
105	56	0.368306434	1.03400616
106	57	0.370394479	1.04385383
107	57	0.372460559	1.05370151
108	58	0.375314689	1.06354919
109	59	0.378799624	1.07339687
110	59	0.382388861	1.08324454
111	60	0.3869755	1.09309222
112	60	0.391817511	1.1029399
113	61	0.396757437	1.11278758
114	61	0.401688211	1.12263525
115	62	0.405631941	1.13248293
116	62	0.410856571	1.14233061
117	63	0.416689121	1.15217829
118	63	0.421862586	1.16202597
119	63	0.426670907	1.17187364
120	64	0.43084599	1.18172132
121	64	0.435611817	1.191569
122	65	0.440509968	1.20141668
123	65	0.44609535	1.21126435
124	66	0.45188772	1.22111203
125	66	0.457256729	1.23095971
126	67	0.463026398	1.24080739
127	67	0.468364516	1.25065506
128	68	0.472569309	1.26050274
129	68	0.475530024	1.27035042
130	69	0.47721714	1.2801981
131	69	0.480453259	1.29004578
132	70	0.484334276	1.29989345
133	70	0.487726782	1.30974113
134	71	0.491239846	1.31958881
135	72	0.494513615	1.32943649
136	72	0.499266186	1.33928416
137	73	0.502577032	1.34913184
138	73	0.505453162	1.35897952
139	74	0.508654674	1.3688272
140	74	0.511071835	1.37867487
141	75	0.513969154	1.38852255
142	75	0.517104316	1.39837023
143	75	0.521498575	1.40821791
144	76	0.525686153	1.41806558
145	76	0.529434524	1.42791326
146	77	0.534571536	1.43776094
147	77	0.538940276	1.44760862
148	78	0.543014235	1.4574563
149	78	0.547927639	1.46730397
150	78	0.553065156	1.47715165
151	79	0.558555756	1.48699933
152	79	0.563780372	1.49684701
153	80	0.56948201	1.50669468
154	80	0.575150172	1.51654236
155	81	0.580004983	1.52639004
156	81	0.581040278	1.53623772
157	82	0.583110729	1.54608539
158	83	0.586500088	1.55593307
159	83	0.590251534	1.56578075
160	84	0.594452146	1.57562843
161	84	0.594982353	1.58547611
162	85	0.596690652	1.59532378
163	85	0.599296481	1.60517146
164	86	0.602004094	1.61501914
165	87	0.604168539	1.62486682
166	87	0.607731542	1.63471449
167	88	0.610990103	1.64456217
168	88	0.613354667	1.65440985
169	89	0.616982724	1.66425753
170	90	0.620708176	1.6741052
171	90	0.624236519	1.68395288
172	91	0.62795237	1.69380056
173	91	0.631994931	1.70364824
174	92	0.636530192	1.71349592
175	92	0.640329401	1.72334359
176	92	0.643963122	1.73319127
177	93	0.648226563	1.74303895
178	93	0.653130986	1.75288663
179	94	0.658423586	1.7627343
180	94	0.664311608	1.77258198
181	95	0.669979701	1.78242966
182	95	0.675736236	1.79227734
183	96	0.680307101	1.80212501
184	97	0.684292529	1.81197269
185	97	0.68597518	1.82182037
186	98	0.688973428	1.83166805
187	98	0.692616251	1.84151572
188	99	0.695862444	1.8513634
189	99	0.700251499	1.86121108
190	100	0.705018776	1.87105876
191	101	0.706860583	1.88090644
192	101	0.70921189	1.89075411
193	102	0.712683281	1.90060179
194	102	0.716344777	1.91044947
195	103	0.719972437	1.92029715
196	103	0.721963394	1.93014482
197	104	0.72503675	1.9399925
198	104	0.729441431	1.94984018
199	105	0.733971684	1.95968786
200	105	0.738660222	1.96953553
201	106	0.741287125	1.97938321
202	107	0.747568129	1.98923089
203	107	0.75087023	1.99907857
204	108	0.755470033	2.00892625
205	108	0.760404569	2.01877392
206	108	0.765889222	2.0286216
207	109	0.771070566	2.03846928
208	110	0.776729312	2.04831696
209	110	0.781750802	2.05816463
210	111	0.785577745	2.06801231
211	111	0.788231565	2.07785999
212	112	0.790363383	2.08770767
213	113	0.792421832	2.09755534
214	113	0.795971188	2.10740302
215	114	0.800071066	2.1172507
216	115	0.801244585	2.12709838
217	115	0.803400178	2.13694606
218	116	0.806782613	2.14679373
219	116	0.809054576	2.15664141
220	117	0.812761862	2.16648909
221	117	0.81499585	2.17633677
222	118	0.818294441	2.18618444
223	118	0.822648889	2.19603212
224	119	0.826382473	2.2058798
225	119	0.830229651	2.21572748
226	120	0.834292482	2.22557515
227	120	0.837160756	2.23542283
228	121	0.841660052	2.24527051
229	121	0.846067978	2.25511819
230	122	0.850758254	2.26496586
231	122	0.855517726	2.27481354
232	123	0.859895755	2.28466122
233	123	0.864834065	2.2945089
234	124	0.87007183	2.30435658
235	124	0.875210042	2.31420425
236	125	0.880711916	2.32405193
237	125	0.885954832	2.33389961
238	126	0.889938781	2.34374729
239	126	0.893807417	2.35359496
240	127	0.895546924	2.36344264
241	127	0.898713602	2.37329032
242	128	0.902349747	2.383138
243	129	0.905592851	2.39298567
244	129	0.910107366	2.40283335
245	130	0.91539789	2.41268103
246	130	0.920974035	2.42252871
247	131	0.924978572	2.43237639
248	131	0.930693422	2.44222406
249	132	0.934796465	2.45207174
250	132	0.939515371	2.46191942
251	133	0.944958723	2.4717671
252	133	0.94966479	2.48161477
253	134	0.955565408	2.49146245
254	134	0.959276328	2.50131013
255	134	0.965446405	2.51115781
256	135	0.970597808	2.52100548
257	135	0.976166528	2.53085316
258	136	0.981612202	2.54070084
259	136	0.987343904	2.55054852
260	137	0.99244831	2.5603962
261	137	0.996669949	2.57024387
262	138	0.998936358	2.58009155
263	138	1	2.58993923
