Iteration	CPUTime	PhysTime	Travels	Value	AvValue	MinValue	MaxValue	Delta	Criteria	PrevAvRefValue	Progress	CriteriaType	CriteriaVarType	CriteriaPercentage
1	2	0.000421916309	0.00984767767	96901.5016	96901.5016	96901.5016	96901.5016	0	0	0	0	0	0	3
2	3	0.000818525686	0.0196953553	99722.3451	98268.3163	96901.5016	99722.3451	1366.81477	0	0	0	0	0	3
3	3	0.0011658568	0.029543033	101571.578	99252.4213	96901.5016	101571.578	2350.91976	0	0	0	0	0	3
4	4	0.00148858776	0.0393907107	101523.992	99744.9057	96901.5016	101571.578	2843.40413	0	0	0	0	0	3
5	5	0.00180893366	0.0492383884	102264.562	100191.114	96901.5016	102264.562	3289.6127	0	0	0	0	0	3
6	5	0.00237902594	0.059086066	101998.837	100624.304	96901.5016	102264.562	3722.80212	0	0	0	0	0	3
7	6	0.00312686603	0.0689337437	101405.693	100811.185	96901.5016	102264.562	3909.6839	0	0	0	0	0	3
8	6	0.00387189006	0.0787814214	101635.587	100969.816	96901.5016	102264.562	4068.31416	0	0	0	0	0	3
9	7	0.00466364761	0.0886290991	101649.314	101085.176	96901.5016	102264.562	4183.67405	0	0	0	0	0	3
10	7	0.00551521821	0.0984767767	102181.606	101254.469	96901.5016	102264.562	4352.9671	0	0	0	0	0	3
11	8	0.00674340837	0.108324454	101727.891	101340.694	96901.5016	102264.562	4439.19248	0	0	0	0	0	3
12	8	0.0079753888	0.118172132	102079.955	101454.89	96901.5016	102264.562	4553.38816	0	0	0	0	0	3
13	9	0.00916277681	0.12801981	102364.432	101572.756	96901.5016	102364.432	4671.25408	0	0	0	0	0	3
14	9	0.0103452636	0.137867487	102591.697	101689.223	96901.5016	102591.697	4787.72138	0	0	0	0	0	3
15	10	0.0115285746	0.147715165	102499.162	101772.356	96901.5016	102591.697	4870.85484	0	0	0	0	0	3
16	10	0.0130987525	0.157562843	102642.613	101876.676	96901.5016	102642.613	4975.1745	0	0	0	0	0	3
17	11	0.0146008499	0.16741052	102559.535	101946.927	96901.5016	102642.613	5045.4253	0	0	0	0	0	3
18	11	0.0160674849	0.177258198	102152.408	101965.683	96901.5016	102642.613	5064.18155	0	0	0	0	0	3
19	12	0.0176108365	0.187105876	102258.202	101991.318	96901.5016	102642.613	5089.81687	0	0	0	0	0	3
20	12	0.0192786492	0.196953553	101933.809	101986.343	96901.5016	102642.613	5089.81687	0	0	0	0	0	3
21	13	0.0219474928	0.206801231	102259.059	102019.506	96901.5016	102642.613	5118.00429	0	0	0	0	0	3
22	13	0.0249188623	0.216648909	101978.092	102014.568	96901.5016	102642.613	5118.00429	0	0	0	0	0	3
23	13	0.0278246698	0.226496586	101934.012	102006.155	96901.5016	102642.613	5118.00429	0	0	0	0	0	3
24	14	0.0309071035	0.236344264	101427.879	101948.482	96901.5016	102642.613	5118.00429	0	0	0	0	0	3
25	14	0.0337906587	0.246191942	101556.616	101915.042	96901.5016	102642.613	5118.00429	0	0	0	0	0	3
26	15	0.0381812028	0.25603962	101523.988	101870.074	96901.5016	102642.613	5118.00429	0	0	0	0	0	3
27	15	0.0425558774	0.265887297	101276.32	101809.037	96901.5016	102642.613	5118.00429	0	0	0	0	0	3
28	16	0.0460597307	0.275734975	101109.533	101755.824	96901.5016	102642.613	5118.00429	0	0	0	0	0	3
29	16	0.0497756971	0.285582653	100569.003	101667.223	96901.5016	102642.613	5118.00429	0	0	0	0	0	3
30	17	0.0531999711	0.29543033	100296.74	101579.01	96901.5016	102642.613	5118.00429	0	0	0	0	0	3
31	18	0.0562426181	0.305278008	99898.0407	101488.072	96901.5016	102642.613	5118.00429	0	0	0	0	0	3
32	18	0.058425285	0.315125686	99691.0021	101420.937	96901.5016	102642.613	5118.00429	0	0	0	0	0	3
33	19	0.0612580485	0.324973363	101213.045	101411.323	96901.5016	102642.613	5118.00429	0	0	0	0	0	3
34	19	0.0649332501	0.334821041	98460.9866	101244.335	96901.5016	102642.613	5118.00429	0	0	0	0	0	3
35	20	0.0679006061	0.344668719	100850.142	101227.108	96901.5016	102642.613	5118.00429	0	0	0	0	0	3
36	20	0.0713195378	0.354516396	100164.996	101176.193	96901.5016	102642.613	5118.00429	0	0	0	0	0	3
37	21	0.07465357	0.364364074	100356.784	101139.598	96901.5016	102642.613	5118.00429	0	0	0	0	0	3
38	22	0.0778327393	0.374211752	100818.873	101126.497	96901.5016	102642.613	5118.00429	0	0	0	0	0	3
39	22	0.0822346305	0.384059429	101562.636	101149.843	96901.5016	102642.613	5118.00429	0	0	0	0	0	3
40	23	0.0877494204	0.393907107	101305.286	101159.612	96901.5016	102642.613	5118.00429	0	0	0	0	0	3
41	24	0.0906217964	0.403754785	101388.465	101166.866	96901.5016	102642.613	5118.00429	0	0	0	0	0	3
42	24	0.0950312378	0.413602462	101626.422	101188.189	96901.5016	102642.613	5118.00429	0	0	0	0	0	3
43	25	0.0994652882	0.42345014	101513.483	101202.691	96901.5016	102642.613	5118.00429	0	0	0	0	0	3
44	25	0.103520665	0.433297818	101419.134	101211.17	96901.5016	102642.613	5118.00429	0	0	0	0	0	3
45	26	0.107468451	0.443145495	101495.146	101221.601	96901.5016	102642.613	5118.00429	0	0	0	0	0	3
46	26	0.112526542	0.452993173	101834.45	101249.149	96901.5016	102642.613	5118.00429	0	0	0	0	0	3
47	27	0.116719702	0.462840851	102056.263	101278.145	96901.5016	102642.613	5118.00429	0	0	0	0	0	3
48	27	0.121927407	0.472688528	102288.738	101321.309	96901.5016	102642.613	5118.00429	0	0	0	0	0	3
49	27	0.126779353	0.482536206	102016.515	101347.915	96901.5016	102642.613	5118.00429	0	0	0	0	0	3
50	28	0.13203527	0.492383884	102026.723	101374.936	96901.5016	102642.613	5118.00429	0	0	0	0	0	3
51	28	0.137546407	0.502231561	101562.986	101382.471	96901.5016	102642.613	5118.00429	0	0	0	0	0	3
52	29	0.142872031	0.512079239	101468.805	101398.97	98460.9866	102642.613	3751.18952	0	0	0	0	0	3
53	29	0.147248714	0.521926917	101312.952	101400.941	98460.9866	102642.613	2767.08453	0	0	0	0	0	3
54	30	0.15220243	0.531774594	101028.053	101388.318	98460.9866	102642.613	2274.60016	0	0	0	0	0	3
55	31	0.156077153	0.541622272	99990.3726	101352.996	98460.9866	102642.613	1828.3916	0	0	0	0	0	3
56	31	0.159357831	0.55146995	100076.29	101324.557	98460.9866	102642.613	1395.20217	0	0	0	0	0	3
57	32	0.161383376	0.561317627	100077.775	101306.257	98460.9866	102642.613	1208.32039	0	0	0	0	0	3
58	32	0.163208218	0.571165305	99882.4309	101289.561	98460.9866	102642.613	1049.69013	0	0	0	0	0	3
59	33	0.166342616	0.581012983	99266.5176	101248.946	98460.9866	102642.613	934.330243	0	0	0	0	0	3
60	33	0.170116328	0.59086066	99659.7058	101210.782	98460.9866	102642.613	893.008511	0	0	0	0	0	3
61	34	0.173580979	0.600708338	100651.801	101194.34	98460.9866	102642.613	893.008511	0	0	0	0	0	3
62	34	0.177128396	0.610556016	101547.3	101197.842	98460.9866	102642.613	893.008511	0	0	0	0	0	3
63	35	0.181846743	0.620403693	100373.658	101169.226	98460.9866	102642.613	893.008511	0	0	0	0	0	3
64	35	0.186837339	0.630251371	101885.636	101181.361	98460.9866	102642.613	893.008511	0	0	0	0	0	3
65	36	0.191946424	0.640099049	100883.351	101163.794	98460.9866	102642.613	893.008511	0	0	0	0	0	3
66	36	0.196141044	0.649946726	100617.162	101142.815	98460.9866	102642.613	893.008511	0	0	0	0	0	3
67	37	0.201261295	0.659794404	100809.932	101121.241	98460.9866	102559.535	898.265098	0	0	0	0	0	3
68	37	0.206593049	0.669642082	101467.554	101119.605	98460.9866	102288.738	899.9006	0	0	0	0	0	3
69	38	0.211747393	0.679489759	101665.541	101126.245	98460.9866	102288.738	899.9006	0	0	0	0	0	3
70	38	0.217073205	0.689337437	102015.029	101141.217	98460.9866	102288.738	899.9006	0	0	0	0	0	3
71	39	0.223364725	0.699185115	102243.98	101168.736	98460.9866	102288.738	899.9006	0	0	0	0	0	3
72	39	0.228647701	0.709032792	102230.621	101181.798	98460.9866	102288.738	894.962365	0	0	0	0	0	3
73	40	0.2336081	0.71888047	102135.778	101193.136	98460.9866	102288.738	886.549695	0	0	0	0	0	3
74	40	0.238608362	0.728728148	101906.336	101199.841	98460.9866	102288.738	828.876953	0	0	0	0	0	3
75	40	0.24406031	0.738575825	101443.892	101202.786	98460.9866	102288.738	795.436682	0	0	0	0	0	3
76	41	0.24986044	0.748423503	101536.625	101207.025	98460.9866	102288.738	750.468452	0	0	0	0	0	3
77	41	0.253906422	0.758271181	101177.229	101200.015	98460.9866	102288.738	689.431538	0	0	0	0	0	3
78	42	0.259373622	0.768118859	100696.266	101185.773	98460.9866	102288.738	636.218927	0	0	0	0	0	3
79	43	0.263572008	0.777966536	99513.0991	101154.716	98460.9866	102288.738	547.617672	0	0	0	0	0	3
80	43	0.265214797	0.787814214	101199.732	101165.162	98460.9866	102288.738	459.405075	0	0	0	0	0	3
81	44	0.267293069	0.797661892	101250.148	101179.877	98460.9866	102288.738	368.466969	0	0	0	0	0	3
82	44	0.270319329	0.807509569	101408.36	101201.325	98460.9866	102288.738	301.331555	0	0	0	0	0	3
83	45	0.273678854	0.817357247	100481.006	101205.397	98460.9866	102288.738	291.718009	0	0	0	0	0	3
84	45	0.277191049	0.827204925	101569.582	101211.221	98460.9866	102288.738	281.335304	0	0	0	0	0	3
85	46	0.281646802	0.837052602	101209.874	101257.834	99266.5176	102288.738	281.335304	0	0	0	0	0	3
86	46	0.286133151	0.84690028	101247.211	101263.159	99266.5176	102288.738	281.335304	0	0	0	0	0	3
87	47	0.291426037	0.856747958	102586.068	101312.028	99266.5176	102586.068	281.335304	0	0	0	0	0	3
88	48	0.293530734	0.866595635	98192.003	101296.577	98192.003	102586.068	281.335304	0	0	0	0	0	3
89	48	0.295752317	0.876443313	97842.9273	101268.338	97842.9273	102586.068	281.335304	0	0	0	0	0	3
90	49	0.300336875	0.886290991	99930.9439	101234.286	97842.9273	102586.068	281.335304	0	0	0	0	0	3
91	49	0.30431757	0.896138668	101822.871	101243.297	97842.9273	102586.068	281.335304	0	0	0	0	0	3
92	50	0.308446681	0.905986346	101705.39	101250.142	97842.9273	102586.068	281.335304	0	0	0	0	0	3
93	50	0.312314195	0.915834024	101731.931	101251.082	97842.9273	102586.068	281.335304	0	0	0	0	0	3
94	51	0.317218964	0.925681701	101476.248	101250.81	97842.9273	102586.068	281.335304	0	0	0	0	0	3
95	51	0.321937336	0.935529379	101815.131	101259.876	97842.9273	102586.068	281.335304	0	0	0	0	0	3
96	51	0.327584846	0.945377057	101901.509	101272.118	97842.9273	102586.068	281.335304	0	0	0	0	0	3
97	52	0.331544484	0.955224734	101802.644	101268.723	97842.9273	102586.068	281.335304	0	0	0	0	0	3
98	52	0.335672019	0.965072412	101884.467	101265.248	97842.9273	102586.068	281.335304	0	0	0	0	0	3
99	53	0.340547753	0.97492009	101825.231	101253.357	97842.9273	102586.068	281.335304	0	0	0	0	0	3
100	53	0.345637697	0.984767767	101419.978	101240.313	97842.9273	102586.068	281.335304	0	0	0	0	0	3
101	54	0.350745961	0.994615445	101385.459	101224.805	97842.9273	102586.068	281.335304	0	0	0	0	0	3
102	55	0.356377965	1.00446312	101311.748	101218.526	97842.9273	102586.068	281.335304	525.450378	0	0	0	0	3
103	55	0.361443383	1.0143108	101053.809	101208.61	97842.9273	102586.068	281.335304	525.450378	0	0	0	0	3
104	56	0.365234629	1.02415848	100009.728	101185.664	97842.9273	102586.068	268.712874	525.450378	0	0	0	0	3
105	56	0.368306434	1.03400616	100305.626	101176.768	97842.9273	102586.068	233.390481	525.450378	0	0	0	0	3
106	57	0.370394479	1.04385383	100562.984	101192.237	97842.9273	102586.068	204.951827	525.450378	0	0	0	0	3
107	57	0.372460559	1.05370151	100098.468	101198.812	97842.9273	102586.068	192.423217	525.450378	0	0	0	0	3
108	58	0.375314689	1.06354919	101663.129	101215.621	97842.9273	102586.068	192.423217	525.450378	0	0	0	0	3
109	59	0.378799624	1.07339687	99895.8124	101205.572	97842.9273	102586.068	192.423217	525.450378	0	0	0	0	3
110	59	0.382388861	1.08324454	101059.8	101231.282	97842.9273	102586.068	192.423217	525.450378	0	0	0	0	3
111	60	0.3869755	1.09309222	100808.327	101249.684	97842.9273	102586.068	192.423217	525.450378	0	0	0	0	3
112	60	0.391817511	1.1029399	100782.464	101248.81	97842.9273	102586.068	192.423217	525.450378	0	0	0	0	3
113	61	0.396757437	1.11278758	100892.709	101235.979	97842.9273	102586.068	192.423217	525.450378	0	0	0	0	3
114	61	0.401688211	1.12263525	100042.752	101227.724	97842.9273	102586.068	192.423217	525.450378	0	0	0	0	3
115	62	0.405631941	1.13248293	100873.036	101206.324	97842.9273	102586.068	192.423217	525.450378	0	0	0	0	3
116	62	0.410856571	1.14233061	101246.339	101214.817	97842.9273	102586.068	192.423217	525.450378	0	0	0	0	3
117	63	0.416689121	1.15217829	101432.035	101231.928	97842.9273	102586.068	192.423217	525.450378	0	0	0	0	3
118	63	0.421862586	1.16202597	101799.362	101255.03	97842.9273	102586.068	192.423217	525.450378	0	0	0	0	3
119	63	0.426670907	1.17187364	101813.746	101262.089	97842.9273	102586.068	185.783836	525.450378	0	0	0	0	3
120	64	0.43084599	1.18172132	102234.749	101271.132	97842.9273	102586.068	170.811128	525.450378	0	0	0	0	3
121	64	0.435611817	1.191569	102189.292	101273.026	97842.9273	102586.068	157.31258	525.450378	0	0	0	0	3
122	65	0.440509968	1.20141668	102159.732	101264.895	97842.9273	102586.068	157.31258	525.450378	0	0	0	0	3
123	65	0.44609535	1.21126435	102047.78	101261.542	97842.9273	102586.068	157.31258	525.450378	0	0	0	0	3
124	66	0.45188772	1.22111203	101572.185	101249.918	97842.9273	102586.068	157.31258	525.450378	0	0	0	0	3
125	66	0.457256729	1.23095971	101441.425	101239.609	97842.9273	102586.068	157.31258	525.450378	0	0	0	0	3
126	67	0.463026398	1.24080739	101307.265	101236.306	97842.9273	102586.068	157.31258	525.450378	0	0	0	0	3
127	67	0.468364516	1.25065506	100783.233	101217.265	97842.9273	102586.068	157.31258	525.450378	0	0	0	0	3
128	68	0.472569309	1.26050274	100132.398	101197.144	97842.9273	102586.068	157.31258	525.450378	0	0	0	0	3
129	68	0.475530024	1.27035042	99144.7792	101181.702	97842.9273	102586.068	157.31258	525.450378	0	0	0	0	3
130	69	0.47721714	1.2801981	100822.975	101211.659	97842.9273	102586.068	146.866734	525.450378	0	0	0	0	3
131	69	0.480453259	1.29004578	100270.694	101197.602	97842.9273	102586.068	135.260815	525.450378	0	0	0	0	3
132	70	0.484334276	1.29989345	100217.362	101179.571	97842.9273	102586.068	135.260815	525.450378	0	0	0	0	3
133	70	0.487726782	1.30974113	100927.796	101172.458	97842.9273	102586.068	139.570859	525.450378	0	0	0	0	3
134	71	0.491239846	1.31958881	100937.088	101179.334	97842.9273	102586.068	139.570859	525.450378	0	0	0	0	3
135	72	0.494513615	1.32943649	100031.116	101155.73	97842.9273	102586.068	156.298008	525.450378	0	0	0	0	3
136	72	0.499266186	1.33928416	100854.141	101148.036	97842.9273	102586.068	163.992975	525.450378	0	0	0	0	3
137	73	0.502577032	1.34913184	98965.7582	101112.599	97842.9273	102586.068	199.429955	525.450378	0	0	0	0	3
138	73	0.505453162	1.35897952	99167.0892	101050.016	97842.9273	102234.749	246.561785	525.450378	0	0	0	0	3
139	74	0.508654674	1.3688272	100581.676	101071.007	97842.9273	102234.749	223.010616	525.450378	0	0	0	0	3
140	74	0.511071835	1.37867487	100236.153	101094.942	98965.7582	102234.749	223.010616	525.450378	0	0	0	0	3
141	75	0.513969154	1.38852255	101096.684	101119.945	98965.7582	102234.749	223.010616	525.450378	0	0	0	0	3
142	75	0.517104316	1.39837023	102173.338	101122.315	98965.7582	102234.749	223.010616	525.450378	0	0	0	0	3
143	75	0.521498575	1.40821791	102374.223	101136.836	98965.7582	102374.223	223.010616	525.450378	0	0	0	0	3
144	76	0.525686153	1.41806558	102211.623	101147.143	98965.7582	102374.223	223.010616	525.450378	0	0	0	0	3
145	76	0.529434524	1.42791326	102219.723	101158.481	98965.7582	102374.223	223.010616	525.450378	0	0	0	0	3
146	77	0.534571536	1.43776094	102055.473	101165.581	98965.7582	102374.223	223.010616	525.450378	0	0	0	0	3
147	77	0.538940276	1.44760862	102459.332	101172.658	98965.7582	102459.332	223.010616	525.450378	0	0	0	0	3
148	78	0.543014235	1.4574563	102193.307	101180.525	98965.7582	102459.332	223.010616	525.450378	0	0	0	0	3
149	78	0.547927639	1.46730397	102062.071	101187.243	98965.7582	102459.332	223.010616	525.450378	0	0	0	0	3
150	78	0.553065156	1.47715165	101839.112	101188.364	98965.7582	102459.332	223.010616	525.450378	0	0	0	0	3
151	79	0.558555756	1.48699933	101499.803	101190.858	98965.7582	102459.332	223.010616	525.450378	0	0	0	0	3
152	79	0.563780372	1.49684701	101681.982	101198.237	98965.7582	102459.332	223.010616	525.450378	0	0	0	0	3
153	80	0.56948201	1.50669468	101297.667	101197.897	98965.7582	102459.332	223.010616	525.450378	0	0	0	0	3
154	80	0.575150172	1.51654236	100412.725	101180.487	98965.7582	102459.332	223.010616	525.450378	0	0	0	0	3
155	81	0.580004983	1.52639004	99066.1203	101153.359	98965.7582	102459.332	223.010616	525.450378	0	0	0	0	3
156	81	0.581040278	1.53623772	103501.384	101177.027	98965.7582	103501.384	223.010616	525.450378	0	0	0	0	3
157	82	0.583110729	1.54608539	101406.142	101185.285	98965.7582	103501.384	223.010616	525.450378	0	0	0	0	3
158	83	0.586500088	1.55593307	100658.778	101187.438	98965.7582	103501.384	223.010616	526.286294	0	0	0	0	3
159	83	0.590251534	1.56578075	100919.713	101176.449	98965.7582	103501.384	223.010616	527.921012	0	0	0	0	3
160	84	0.594452146	1.57562843	102977.175	101232.22	98965.7582	103501.384	223.010616	529.499361	0	0	0	0	3
161	84	0.594982353	1.58547611	84017.8852	101192.198	84017.8852	103501.384	223.010616	556.676923	0	0	0	0	3
162	85	0.596690652	1.59532378	97722.4823	101172.33	84017.8852	103501.384	223.010616	582.948566	0	0	0	0	3
163	85	0.599296481	1.60517146	99245.5108	101157.229	84017.8852	103501.384	223.010616	608.358844	0	0	0	0	3
164	86	0.602004094	1.61501914	101627.373	101169.797	84017.8852	103501.384	223.010616	632.949436	0	0	0	0	3
165	87	0.604168539	1.62486682	99040.7919	101174.485	84017.8852	103501.384	223.010616	656.759374	0	0	0	0	3
166	87	0.607731542	1.63471449	99523.186	101151.255	84017.8852	103501.384	223.010616	679.825251	0	0	0	0	3
167	88	0.610990103	1.64456217	98972.9926	101113.306	84017.8852	103501.384	223.010616	702.181409	0	0	0	0	3
168	88	0.613354667	1.65440985	99470.0079	101084.096	84017.8852	103501.384	223.010616	723.860108	0	0	0	0	3
169	89	0.616982724	1.66425753	100361.943	101051.703	84017.8852	103501.384	223.010616	744.891681	0	0	0	0	3
170	90	0.620708176	1.6741052	101626.999	101043.865	84017.8852	103501.384	229.161073	765.304679	0	0	0	0	3
171	90	0.624236519	1.68395288	102248.601	101040.135	84017.8852	103501.384	232.890917	785.125995	0	0	0	0	3
172	91	0.62795237	1.69380056	102160.228	101033.301	84017.8852	103501.384	231.594832	804.380989	0	0	0	0	3
173	91	0.631994931	1.70364824	102044.839	101025.842	84017.8852	103501.384	235.70007	823.093588	0	0	0	0	3
174	92	0.636530192	1.71349592	102157.812	101022.827	84017.8852	103501.384	227.091322	841.286392	0	0	0	0	3
175	92	0.640329401	1.72334359	102175.519	101029.18	84017.8852	103501.384	216.782242	858.980764	0	0	0	0	3
176	92	0.643963122	1.73319127	102297.208	101042.004	84017.8852	103501.384	213.478601	876.196909	0	0	0	0	3
177	93	0.648226563	1.74303895	102474.511	101066.718	84017.8852	103501.384	209.392599	892.953958	0	0	0	0	3
178	93	0.653130986	1.75288663	102347.891	101108.915	84017.8852	103501.384	209.392599	909.270031	0	0	0	0	3
179	94	0.658423586	1.7627343	101881.355	101153.005	84017.8852	103501.384	209.392599	925.16231	0	0	0	0	3
180	94	0.664311608	1.77258198	101647.891	101199.936	84017.8852	103501.384	209.392599	940.647095	0	0	0	0	3
181	95	0.669979701	1.78242966	101483.468	101211.572	84017.8852	103501.384	209.392599	955.73986	0	0	0	0	3
182	95	0.675736236	1.79227734	101184.81	101226.375	84017.8852	103501.384	209.392599	970.455305	0	0	0	0	3
183	96	0.680307101	1.80212501	100281.058	101224.309	84017.8852	103501.384	209.392599	984.807407	0	0	0	0	3
184	97	0.684292529	1.81197269	99322.3899	101190.865	84017.8852	103501.384	209.392599	998.809457	0	0	0	0	3
185	97	0.68597518	1.82182037	100553.555	101189.936	84017.8852	103501.384	209.392599	1012.47411	0	0	0	0	3
186	98	0.688973428	1.83166805	101119.92	101208.365	84017.8852	103501.384	209.392599	1025.81341	0	0	0	0	3
187	98	0.692616251	1.84151572	102151.637	101234.844	84017.8852	103501.384	212.01689	1038.83885	0	0	0	0	3
188	99	0.695862444	1.8513634	102346.339	101292.379	84017.8852	103501.384	269.552112	1051.56137	0	0	0	0	3
189	99	0.700251499	1.86121108	101466.392	101327.679	84017.8852	103501.384	304.852015	1063.99142	0	0	0	0	3
190	100	0.705018776	1.87105876	102173.404	101360.374	84017.8852	103501.384	337.547126	1076.13896	0	0	0	0	3
191	101	0.706860583	1.88090644	100186.852	101363.214	84017.8852	103501.384	340.387027	1088.01353	0	0	0	0	3
192	101	0.70921189	1.89075411	99505.1768	101344.793	84017.8852	103501.384	340.387027	1099.62422	0	0	0	0	3
193	102	0.712683281	1.90060179	99068.9104	101291.116	84017.8852	103501.384	340.387027	1110.97973	0	0	0	0	3
194	102	0.716344777	1.91044947	99460.0786	101232.281	84017.8852	103501.384	340.387027	1122.08838	0	0	0	0	3
195	103	0.719972437	1.92029715	100769.327	101202.528	84017.8852	103501.384	340.387027	1132.95813	0	0	0	0	3
196	103	0.721963394	1.93014482	100772.406	101178.276	84017.8852	103501.384	340.387027	1143.59661	0	0	0	0	3
197	104	0.72503675	1.9399925	101560.068	101160.778	84017.8852	103501.384	340.387027	1154.01113	0	0	0	0	3
198	104	0.729441431	1.94984018	102213.198	101155.332	84017.8852	103501.384	340.387027	1164.20868	0	0	0	0	3
199	105	0.733971684	1.95968786	102191.377	101157.767	84017.8852	103501.384	340.387027	1174.19596	0	0	0	0	3
200	105	0.738660222	1.96953553	101774.947	101149.643	84017.8852	103501.384	340.387027	1183.97943	0	0	0	0	3
201	106	0.741287125	1.97938321	101569.106	101136.678	84017.8852	103501.384	340.387027	1193.56525	0	0	0	0	3
202	107	0.747568129	1.98923089	101905.073	101151.664	84017.8852	103501.384	340.387027	1202.95935	0	0	0	0	3
203	107	0.75087023	1.99907857	101747.252	101147.366	84017.8852	103501.384	340.387027	1212.16743	0	0	0	0	3
204	108	0.755470033	2.00892625	102025.136	101164.467	84017.8852	103501.384	340.387027	1221.19496	0	0	0	0	3
205	108	0.760404569	2.01877392	101795.865	101204.286	84017.8852	103501.384	340.387027	1230.0472	0	0	0	0	3
206	108	0.765889222	2.0286216	101465.024	101267.823	84017.8852	103501.384	340.387027	1238.7292	0	0	0	0	3
207	109	0.771070566	2.03846928	101439.752	101260.342	84017.8852	102977.175	340.387027	1247.24583	0	0	0	0	3
208	110	0.776729312	2.04831696	101272.34	101259.134	84017.8852	102977.175	340.387027	1255.60177	0	0	0	0	3
209	110	0.781750802	2.05816463	100930.687	101261.108	84017.8852	102977.175	340.387027	1263.80153	0	0	0	0	3
210	111	0.785577745	2.06801231	99875.3319	101240.514	84017.8852	102977.175	340.387027	1271.84944	0	0	0	0	3
211	111	0.788231565	2.07785999	100178.097	101188.318	84017.8852	102474.511	340.387027	1279.74968	0	0	0	0	3
212	112	0.790363383	2.08770767	99120.7475	101212.354	97722.4823	102474.511	340.387027	1287.50627	0	0	0	0	3
213	113	0.792421832	2.09755534	100523.354	101235.567	98972.9926	102474.511	340.387027	1295.12311	0	0	0	0	3
214	113	0.795971188	2.10740302	100948.844	101256.76	98972.9926	102474.511	340.387027	1302.60394	0	0	0	0	3
215	114	0.800071066	2.1172507	100254.222	101230.941	98972.9926	102474.511	340.387027	1309.95236	0	0	0	0	3
216	115	0.801244585	2.12709838	101601.501	101257.202	98972.9926	102474.511	340.387027	1317.17186	0	0	0	0	3
217	115	0.803400178	2.13694606	101152.677	101287.626	98972.9926	102474.511	340.387027	1324.26581	0	0	0	0	3
218	116	0.806782613	2.14679373	99629.5592	101297.504	99068.9104	102474.511	340.387027	1331.23744	0	0	0	0	3
219	116	0.809054576	2.15664141	100245.747	101307.375	99068.9104	102474.511	340.387027	1338.0899	0	0	0	0	3
220	117	0.812761862	2.16648909	100010.06	101300.329	99068.9104	102474.511	340.387027	1344.82622	0	0	0	0	3
221	117	0.81499585	2.17633677	99785.2894	101276.644	99068.9104	102474.511	340.387027	1351.44933	0	0	0	0	3
222	118	0.818294441	2.18618444	100709.522	101249.332	99068.9104	102474.511	340.387027	1357.96204	0	0	0	0	3
223	118	0.822648889	2.19603212	100611.898	101217.691	99068.9104	102474.511	340.387027	1364.36712	0	0	0	0	3
224	119	0.826382473	2.2058798	102062.575	101216.717	99068.9104	102474.511	340.387027	1370.66718	0	0	0	0	3
225	119	0.830229651	2.21572748	101984.376	101209.929	99068.9104	102474.511	334.033698	1376.86481	0	0	0	0	3
226	120	0.834292482	2.22557515	102135.006	101210.393	99068.9104	102474.511	321.209727	1382.96248	0	0	0	0	3
227	120	0.837160756	2.23542283	101621.38	101196.054	99068.9104	102474.511	296.496253	1388.96258	0	0	0	0	3
228	121	0.841660052	2.24527051	101776.144	101181.368	99068.9104	102347.891	254.298735	1394.86745	0	0	0	0	3
229	121	0.846067978	2.25511819	102195.921	101174.894	99068.9104	102346.339	226.53634	1400.67932	0	0	0	0	3
230	122	0.850758254	2.26496586	102171.123	101179.748	99068.9104	102346.339	226.53634	1406.40039	0	0	0	0	3
231	122	0.855517726	2.27481354	101759.042	101179.752	99068.9104	102346.339	226.53634	1412.03275	0	0	0	0	3
232	123	0.859895755	2.28466122	101708.551	101182.878	99068.9104	102346.339	226.53634	1417.57847	0	0	0	0	3
233	123	0.864834065	2.2945089	101952.911	101202.928	99068.9104	102346.339	226.53634	1423.03951	0	0	0	0	3
234	124	0.87007183	2.30435658	101524.535	101234.01	99068.9104	102346.339	226.53634	1428.41782	0	0	0	0	3
235	124	0.875210042	2.31420425	101493.749	101280.906	99068.9104	102346.339	226.53634	1433.71524	0	0	0	0	3
236	125	0.880711916	2.32405193	101384.48	101290.117	99068.9104	102346.339	226.53634	1438.9336	0	0	0	0	3
237	125	0.885954832	2.33389961	101126.128	101288.343	99068.9104	102346.339	226.53634	1444.07465	0	0	0	0	3
238	126	0.889938781	2.34374729	100108.383	101248.582	99068.9104	102346.339	226.53634	1449.1401	0	0	0	0	3
239	126	0.893807417	2.35359496	99004.925	101186.729	99004.925	102213.198	226.53634	1454.1316	0	0	0	0	3
240	127	0.895546924	2.36344264	101030.154	101179.049	99004.925	102213.198	226.53634	1459.05076	0	0	0	0	3
241	127	0.898713602	2.37329032	101588.808	101161.275	99004.925	102213.198	226.53634	1463.89914	0	0	0	0	3
242	128	0.902349747	2.383138	100967.751	101166.856	99004.925	102213.198	208.115205	1468.67826	0	0	0	0	3
243	129	0.905592851	2.39298567	101672.676	101195.105	99004.925	102213.198	170.696831	1473.38958	0	0	0	0	3
244	129	0.910107366	2.40283335	101229.766	101233.283	99004.925	102213.198	170.696831	1478.03456	0	0	0	0	3
245	130	0.91539789	2.41268103	100749.809	101253.051	99004.925	102213.198	170.696831	1482.61456	0	0	0	0	3
246	130	0.920974035	2.42252871	100296.866	101235.255	99004.925	102213.198	170.696831	1487.13096	0	0	0	0	3
247	131	0.924978572	2.43237639	100597.493	101227.214	99004.925	102213.198	170.696831	1491.58506	0	0	0	0	3
248	131	0.930693422	2.44222406	101080.002	101218.149	99004.925	102213.198	170.696831	1495.97814	0	0	0	0	3
249	132	0.934796465	2.45207174	102030.387	101213.035	99004.925	102195.921	170.696831	1500.31146	0	0	0	0	3
250	132	0.939515371	2.46191942	101384.686	101195.412	99004.925	102195.921	170.696831	1504.58622	0	0	0	0	3
251	133	0.944958723	2.4717671	101732.685	101196.418	99004.925	102195.921	170.696831	1508.80359	0	0	0	0	3
252	133	0.94966479	2.48161477	101809.706	101205.57	99004.925	102195.921	160.008447	1512.96474	0	0	0	0	3
253	134	0.955565408	2.49146245	101850.486	101202.742	99004.925	102195.921	160.008447	1517.07077	0	0	0	0	3
254	134	0.959276328	2.50131013	101892.134	101206.39	99004.925	102195.921	146.099446	1521.12278	0	0	0	0	3
255	134	0.965446405	2.51115781	101905.894	101209.009	99004.925	102195.921	146.099446	1525.12181	0	0	0	0	3
256	135	0.970597808	2.52100548	101846.427	101210.854	99004.925	102195.921	146.099446	1529.06892	0	0	0	0	3
257	135	0.976166528	2.53085316	101459.933	101210.821	99004.925	102195.921	146.099446	1532.96509	0	0	0	0	3
258	136	0.981612202	2.54070084	101507.005	101212.848	99004.925	102195.921	146.099446	1536.44344	0	0	0	0	3
259	136	0.987343904	2.55054852	101292.017	101213.404	99004.925	102195.921	146.099446	1539.87747	0	0	0	0	3
260	137	0.99244831	2.5603962	100595.701	101205.177	99004.925	102195.921	146.099446	1543.26804	0	0	0	0	3
261	137	0.996669949	2.57024387	99801.0606	101201.205	99004.925	102195.921	146.099446	1546.61596	0	0	0	0	3
262	138	0.998936358	2.58009155	99696.6927	101197.908	99004.925	102195.921	146.099446	1549.5781	0	0	0	0	3
263	138	1	2.58993923	100235.287	101214.147	99004.925	102195.921	146.099446	1543.18465	0	0	0	0	3
