Iteration	CPUTime	PhysTime	Travels	Value	AvValue	MinValue	MaxValue	Delta	Criteria	PrevAvRefValue	Progress	CriteriaType	CriteriaVarType	CriteriaPercentage
1	2	0.000421916309	0.00984767767	59.2226239	59.2226239	59.2226239	59.2226239	0	0	0	0	0	0	3
2	3	0.000818525686	0.0196953553	9.01242232	34.8937151	9.01242232	59.2226239	24.3289088	0	0	0	0	0	3
3	3	0.0011658568	0.029543033	3.74779594	25.614748	3.74779594	59.2226239	33.6078759	0	0	0	0	0	3
4	4	0.00148858776	0.0393907107	4.24681311	20.982106	3.74779594	59.2226239	38.2405179	0	0	0	0	0	3
5	5	0.00180893366	0.0492383884	2.29240878	17.6723286	2.29240878	59.2226239	41.5502953	0	0	0	0	0	3
6	5	0.00237902594	0.059086066	2.68111797	14.0799451	2.29240878	59.2226239	45.1426788	0	0	0	0	0	3
7	6	0.00312686603	0.0689337437	2.83472718	11.3904712	2.29240878	59.2226239	47.8321527	0	0	0	0	0	3
8	6	0.00387189006	0.0787814214	2.58721246	9.6965596	2.29240878	59.2226239	49.5260643	0	0	0	0	0	3
9	7	0.00466364761	0.0886290991	2.81497221	8.52825762	2.29240878	59.2226239	50.6943663	0	0	0	0	0	3
10	7	0.00551521821	0.0984767767	2.91339436	7.66130145	2.29240878	59.2226239	51.5613225	0	0	0	0	0	3
11	8	0.00674340837	0.108324454	3.15068487	6.83977403	2.29240878	59.2226239	52.3828499	0	0	0	0	0	3
12	8	0.0079753888	0.118172132	3.15522729	6.27061187	2.29240878	59.2226239	52.952012	0	0	0	0	0	3
13	9	0.00916277681	0.12801981	3.19570537	5.87214019	2.29240878	59.2226239	53.3504837	0	0	0	0	0	3
14	9	0.0103452636	0.137867487	3.33440523	5.5820714	2.29240878	59.2226239	53.6405525	0	0	0	0	0	3
15	10	0.0115285746	0.147715165	3.22852053	5.34049925	2.29240878	59.2226239	53.8821246	0	0	0	0	0	3
16	10	0.0130987525	0.157562843	3.47796551	5.117233	2.29240878	59.2226239	54.1053909	0	0	0	0	0	3
17	11	0.0146008499	0.16741052	3.70326797	4.97176796	2.29240878	59.2226239	54.2508559	0	0	0	0	0	3
18	11	0.0160674849	0.177258198	3.24070121	4.81375672	2.29240878	59.2226239	54.4088672	0	0	0	0	0	3
19	12	0.0176108365	0.187105876	3.35644768	4.6860433	2.29240878	59.2226239	54.5365806	0	0	0	0	0	3
20	12	0.0192786492	0.196953553	3.2301512	4.56009281	2.29240878	59.2226239	54.6625311	0	0	0	0	0	3
21	13	0.0219474928	0.206801231	3.45119691	4.42524963	2.29240878	59.2226239	54.7973743	0	0	0	0	0	3
22	13	0.0249188623	0.216648909	3.02745941	4.25857463	2.29240878	59.2226239	54.9640493	0	0	0	0	0	3
23	13	0.0278246698	0.226496586	3.03259776	4.13054247	2.29240878	59.2226239	55.0920814	0	0	0	0	0	3
24	14	0.0309071035	0.236344264	2.6173661	3.97963005	2.29240878	59.2226239	55.2429939	0	0	0	0	0	3
25	14	0.0337906587	0.246191942	3.04594399	3.89995313	2.29240878	59.2226239	55.3226708	0	0	0	0	0	3
26	15	0.0381812028	0.25603962	2.8326981	3.77722703	2.29240878	59.2226239	55.4453969	0	0	0	0	0	3
27	15	0.0425558774	0.265887297	2.86234465	3.68317862	2.29240878	59.2226239	55.5394453	0	0	0	0	0	3
28	16	0.0460597307	0.275734975	2.76043167	3.61298346	2.29240878	59.2226239	55.6096404	0	0	0	0	0	3
29	16	0.0497756971	0.285582653	2.76064677	3.54935292	2.29240878	59.2226239	55.673271	0	0	0	0	0	3
30	17	0.0531999711	0.29543033	3.14712918	3.52346335	2.29240878	59.2226239	55.6991605	0	0	0	0	0	3
31	18	0.0562426181	0.305278008	3.30490049	3.51163941	2.29240878	59.2226239	55.7109845	0	0	0	0	0	3
32	18	0.058425285	0.315125686	3.11283476	3.49674076	2.29240878	59.2226239	55.7258831	0	0	0	0	0	3
33	19	0.0612580485	0.324973363	3.73910771	3.50794857	2.29240878	59.2226239	55.7258831	0	0	0	0	0	3
34	19	0.0649332501	0.334821041	3.99965556	3.53577903	2.29240878	59.2226239	55.7258831	0	0	0	0	0	3
35	20	0.0679006061	0.344668719	3.06927903	3.51539229	2.29240878	59.2226239	55.7258831	0	0	0	0	0	3
36	20	0.0713195378	0.354516396	2.79487995	3.48085221	2.29240878	59.2226239	55.7417717	0	0	0	0	0	3
37	21	0.07465357	0.364364074	2.92922188	3.45621638	2.29240878	59.2226239	55.7664075	0	0	0	0	0	3
38	22	0.0778327393	0.374211752	2.65946309	3.42367206	2.29240878	59.2226239	55.7989518	0	0	0	0	0	3
39	22	0.0822346305	0.384059429	1.9068872	3.34248093	1.9068872	59.2226239	55.880143	0	0	0	0	0	3
40	23	0.0877494204	0.393907107	1.48865169	3.22597328	1.48865169	59.2226239	55.9966506	0	0	0	0	0	3
41	24	0.0906217964	0.403754785	1.38650449	3.16766892	1.38650449	59.2226239	56.054955	0	0	0	0	0	3
42	24	0.0950312378	0.413602462	1.29034007	3.08056102	1.29034007	59.2226239	56.1420629	0	0	0	0	0	3
43	25	0.0994652882	0.42345014	0.846162965	2.98095408	0.846162965	59.2226239	56.2416698	0	0	0	0	0	3
44	25	0.103520665	0.433297818	1.11226737	2.90774908	0.846162965	59.2226239	56.3148748	0	0	0	0	0	3
45	26	0.107468451	0.443145495	1.49076647	2.85569712	0.846162965	59.2226239	56.3669268	0	0	0	0	0	3
46	26	0.112526542	0.452993173	2.16283804	2.82455297	0.846162965	59.2226239	56.3980709	0	0	0	0	0	3
47	27	0.116719702	0.462840851	2.16307276	2.80078927	0.846162965	59.2226239	56.4218346	0	0	0	0	0	3
48	27	0.121927407	0.472688528	3.00252757	2.80940582	0.846162965	59.2226239	56.4218346	0	0	0	0	0	3
49	27	0.126779353	0.482536206	2.59561114	2.80122372	0.846162965	59.2226239	56.4218346	0	0	0	0	0	3
50	28	0.13203527	0.492383884	2.82912559	2.80233441	0.846162965	59.2226239	56.4218346	0	0	0	0	0	3
51	28	0.137546407	0.502231561	2.51903945	2.7909835	0.846162965	59.2226239	56.4316404	0	0	0	0	0	3
52	29	0.142872031	0.512079239	2.44047243	2.6107371	0.846162965	9.01242232	8.16625936	0	0	0	0	0	3
53	29	0.147248714	0.521926917	2.68209645	2.59553087	0.846162965	4.24681311	3.40065014	0	0	0	0	0	3
54	30	0.15220243	0.531774594	2.55235258	2.5914649	0.846162965	4.24681311	3.40065014	0	0	0	0	0	3
55	31	0.156077153	0.541622272	2.50795173	2.58591583	0.846162965	3.99965556	3.15349259	0	0	0	0	0	3
56	31	0.159357831	0.55146995	2.70962983	2.58908875	0.846162965	3.99965556	3.15349259	0	0	0	0	0	3
57	32	0.161383376	0.561317627	3.22697493	2.59688477	0.846162965	3.99965556	3.15349259	0	0	0	0	0	3
58	32	0.163208218	0.571165305	3.25212372	2.60324304	0.846162965	3.99965556	3.15349259	0	0	0	0	0	3
59	33	0.166342616	0.581012983	3.78055392	2.62602932	0.846162965	3.99965556	3.15349259	0	0	0	0	0	3
60	33	0.170116328	0.59086066	3.54431241	2.64606973	0.846162965	3.99965556	3.15349259	0	0	0	0	0	3
61	34	0.173580979	0.600708338	3.31544741	2.65851435	0.846162965	3.99965556	3.15349259	0	0	0	0	0	3
62	34	0.177128396	0.610556016	2.92733904	2.66056356	0.846162965	3.99965556	3.15349259	0	0	0	0	0	3
63	35	0.181846743	0.620403693	3.095314	2.6688564	0.846162965	3.99965556	3.15349259	0	0	0	0	0	3
64	35	0.186837339	0.630251371	1.6881214	2.63778821	0.846162965	3.99965556	2.99615557	0	0	0	0	0	3
65	36	0.191946424	0.640099049	2.41654222	2.62702779	0.846162965	3.99965556	2.75458342	0	0	0	0	0	3
66	36	0.196141044	0.649946726	1.56601562	2.59906491	0.846162965	3.99965556	2.53131717	0	0	0	0	0	3
67	37	0.201261295	0.659794404	1.58624948	2.56417008	0.846162965	3.99965556	2.40759788	0	0	0	0	0	3
68	37	0.206593049	0.669642082	1.4827992	2.52522767	0.846162965	3.99965556	2.28852905	0	0	0	0	0	3
69	38	0.211747393	0.679489759	1.35348839	2.48900072	0.846162965	3.99965556	2.19704258	0	0	0	0	0	3
70	38	0.217073205	0.689337437	2.12391786	2.47254078	0.846162965	3.99965556	2.08755203	0	0	0	0	0	3
71	39	0.223364725	0.699185115	2.50125364	2.46723467	0.846162965	3.99965556	1.95801496	0	0	0	0	0	3
72	39	0.228647701	0.709032792	2.81388467	2.46338998	0.846162965	3.99965556	1.79518466	0	0	0	0	0	3
73	40	0.2336081	0.71888047	2.71165846	2.46125979	0.846162965	3.99965556	1.66928268	0	0	0	0	0	3
74	40	0.238608362	0.728728148	2.66150072	2.45813364	0.846162965	3.99965556	1.52149641	0	0	0	0	0	3
75	40	0.24406031	0.738575825	2.37662659	2.4537462	0.846162965	3.99965556	1.44620693	0	0	0	0	0	3
76	41	0.24986044	0.748423503	2.68258297	2.45198588	0.846162965	3.99965556	1.32524115	0	0	0	0	0	3
77	41	0.253906422	0.758271181	2.37793693	2.44284864	0.846162965	3.99965556	1.24032998	0	0	0	0	0	3
78	42	0.259373622	0.768118859	2.59287784	2.43816766	0.846162965	3.99965556	1.1748158	0	0	0	0	0	3
79	43	0.263572008	0.777966536	2.91690545	2.4422169	0.846162965	3.99965556	1.11118526	0	0	0	0	0	3
80	43	0.265214797	0.787814214	3.59713813	2.44553115	0.846162965	3.99965556	1.09761137	0	0	0	0	0	3
81	44	0.267293069	0.797661892	3.34984602	2.44308805	0.846162965	3.99965556	1.09761137	0	0	0	0	0	3
82	44	0.270319329	0.807509569	4.09677351	2.45421626	0.846162965	4.09677351	1.09761137	0	0	0	0	0	3
83	45	0.273678854	0.817357247	3.54422073	2.46454989	0.846162965	4.09677351	1.09761137	0	0	0	0	0	3
84	45	0.277191049	0.827204925	3.17322598	2.4593561	0.846162965	4.09677351	1.09761137	0	0	0	0	0	3
85	46	0.281646802	0.837052602	2.88186081	2.4419214	0.846162965	4.09677351	1.07722463	0	0	0	0	0	3
86	46	0.286133151	0.84690028	2.72845577	2.43928156	0.846162965	4.09677351	1.04268455	0	0	0	0	0	3
87	47	0.291426037	0.856747958	1.61807938	2.41401063	0.846162965	4.09677351	1.04220575	0	0	0	0	0	3
88	48	0.293530734	0.866595635	4.7047326	2.42819001	0.846162965	4.7047326	1.00966143	0	0	0	0	0	3
89	48	0.295752317	0.876443313	3.92399221	2.440065	0.846162965	4.7047326	0.928470308	0	0	0	0	0	3
90	49	0.300336875	0.886290991	1.4469919	2.42995135	0.846162965	4.7047326	0.811962658	0	0	0	0	0	3
91	49	0.30431757	0.896138668	0.423329134	2.41703772	0.423329134	4.7047326	0.753658294	0	0	0	0	0	3
92	50	0.308446681	0.905986346	0.36281415	2.39168691	0.36281415	4.7047326	0.688874116	0	0	0	0	0	3
93	50	0.312314195	0.915834024	0.208491752	2.37517749	0.208491752	4.7047326	0.605776585	0	0	0	0	0	3
94	51	0.317218964	0.925681701	0.730464952	2.36926619	0.208491752	4.7047326	0.538482892	0	0	0	0	0	3
95	51	0.321937336	0.935529379	1.70225675	2.37819594	0.208491752	4.7047326	0.486430931	0	0	0	0	0	3
96	51	0.327584846	0.945377057	1.93040209	2.38262296	0.208491752	4.7047326	0.455286775	0	0	0	0	0	3
97	52	0.331544484	0.955224734	2.27157669	2.38569116	0.208491752	4.7047326	0.440139623	0	0	0	0	0	3
98	52	0.335672019	0.965072412	2.44832091	2.39113518	0.208491752	4.7047326	0.440139623	0	0	0	0	0	3
99	53	0.340547753	0.97492009	2.545714	2.3800188	0.208491752	4.7047326	0.433068218	0	0	0	0	0	3
100	53	0.345637697	0.984767767	2.35314707	2.37461431	0.208491752	4.7047326	0.433068218	0	0	0	0	0	3
101	54	0.350745961	0.994615445	2.54039102	2.36756371	0.208491752	4.7047326	0.42341979	0	0	0	0	0	3
102	55	0.356377965	1.00446312	2.71884553	2.37278972	0.208491752	4.7047326	0.301292689	0.492230463	0	100	0	0	3
103	55	0.361443383	1.0143108	2.63766589	2.37727913	0.208491752	4.7047326	0.301292689	0.492230463	0	100	0	0	3
104	56	0.365234629	1.02415848	2.75787304	2.37777841	0.208491752	4.7047326	0.301292689	0.492230463	0	100	0	0	3
105	56	0.368306434	1.03400616	3.05242041	2.38336636	0.208491752	4.7047326	0.301292689	0.492230463	0	100	0	0	3
106	57	0.370394479	1.04385383	3.37628321	2.3907877	0.208491752	4.7047326	0.301292689	0.492230463	0	100	0	0	3
107	57	0.372460559	1.05370151	3.46065718	2.39625181	0.208491752	4.7047326	0.301292689	0.492230463	0	100	0	0	3
108	58	0.375314689	1.06354919	4.02338328	2.41009446	0.208491752	4.7047326	0.301292689	0.492230463	0	100	0	0	3
109	59	0.378799624	1.07339687	3.62373004	2.42258509	0.208491752	4.7047326	0.301292689	0.492230463	0	100	0	0	3
110	59	0.382388861	1.08324454	3.39619004	2.41905846	0.208491752	4.7047326	0.301292689	0.492230463	0	100	0	0	3
111	60	0.3869755	1.09309222	3.15935237	2.4151346	0.208491752	4.7047326	0.301292689	0.492230463	0	100	0	0	3
112	60	0.391817511	1.1029399	2.92627169	2.41218213	0.208491752	4.7047326	0.301292689	0.492230463	0	100	0	0	3
113	61	0.396757437	1.11278758	2.13683593	2.39766826	0.208491752	4.7047326	0.301292689	0.492230463	0	100	0	0	3
114	61	0.401688211	1.12263525	2.49121935	2.38479328	0.208491752	4.7047326	0.270224503	0.492230463	0	100	0	0	3
115	62	0.405631941	1.13248293	1.31894443	2.3814723	0.208491752	4.7047326	0.259464082	0.492230463	0	100	0	0	3
116	62	0.410856571	1.14233061	1.22421405	2.35303405	0.208491752	4.7047326	0.246030858	0.492230463	0	100	0	0	3
117	63	0.416689121	1.15217829	1.3678633	2.34194888	0.208491752	4.7047326	0.222221207	0.492230463	0	100	0	0	3
118	63	0.421862586	1.16202597	1.56965176	2.34137734	0.208491752	4.7047326	0.183850331	0.492230463	0	100	0	0	3
119	63	0.426670907	1.17187364	2.07936606	2.35645333	0.208491752	4.7047326	0.147623384	0.492230463	0	100	0	0	3
120	64	0.43084599	1.18172132	2.4183835	2.38122843	0.208491752	4.7047326	0.131163446	0.492230463	0	100	0	0	3
121	64	0.435611817	1.191569	2.92117963	2.39927422	0.208491752	4.7047326	0.125857328	0.492230463	0	100	0	0	3
122	65	0.440509968	1.20141668	2.91961076	2.40805674	0.208491752	4.7047326	0.123172557	0.492230463	0	100	0	0	3
123	65	0.44609535	1.21126435	2.86934228	2.41004561	0.208491752	4.7047326	0.123172557	0.492230463	0	100	0	0	3
124	66	0.45188772	1.22111203	2.61467129	2.40862151	0.208491752	4.7047326	0.123172557	0.492230463	0	100	0	0	3
125	66	0.457256729	1.23095971	2.57011758	2.40680404	0.208491752	4.7047326	0.123172557	0.492230463	0	100	0	0	3
126	67	0.463026398	1.24080739	2.50464953	2.4101336	0.208491752	4.7047326	0.123172557	0.492230463	0	100	0	0	3
127	67	0.468364516	1.25065506	2.61341001	2.40786761	0.208491752	4.7047326	0.123172557	0.492230463	0	100	0	0	3
128	68	0.472569309	1.26050274	2.80314072	2.41602236	0.208491752	4.7047326	0.123172557	0.492230463	0	100	0	0	3
129	68	0.475530024	1.27035042	3.19092722	2.42216314	0.208491752	4.7047326	0.123172557	0.492230463	0	100	0	0	3
130	69	0.47721714	1.2801981	3.56589264	2.42147267	0.208491752	4.7047326	0.123172557	0.492230463	0	100	0	0	3
131	69	0.480453259	1.29004578	3.88982995	2.43457631	0.208491752	4.7047326	0.123172557	0.492230463	0	100	0	0	3
132	70	0.484334276	1.29989345	3.72643042	2.44891243	0.208491752	4.7047326	0.123172557	0.492230463	0	100	0	0	3
133	70	0.487726782	1.30974113	3.50890155	2.44251506	0.208491752	4.7047326	0.123172557	0.492230463	0	100	0	0	3
134	71	0.491239846	1.31958881	2.95399998	2.43376198	0.208491752	4.7047326	0.117978759	0.492230463	0	100	0	0	3
135	72	0.494513615	1.32943649	3.08526121	2.4316256	0.208491752	4.7047326	0.107535093	0.492230463	0	100	0	0	3
136	72	0.499266186	1.33928416	2.57028747	2.42543527	0.208491752	4.7047326	0.107535093	0.492230463	0	100	0	0	3
137	73	0.502577032	1.34913184	3.3235378	2.43289227	0.208491752	4.7047326	0.107535093	0.492230463	0	100	0	0	3
138	73	0.505453162	1.35897952	2.53808269	2.45445614	0.208491752	4.7047326	0.113078802	0.492230463	0	100	0	0	3
139	74	0.508654674	1.3688272	1.05565939	2.41162309	0.208491752	4.02338328	0.113078802	0.492230463	0	100	0	0	3
140	74	0.511071835	1.37867487	1.65104311	2.38748084	0.208491752	4.02338328	0.113078802	0.492230463	0	100	0	0	3
141	75	0.513969154	1.38852255	0.972865999	2.38847852	0.208491752	4.02338328	0.113078802	0.492230463	0	100	0	0	3
142	75	0.517104316	1.39837023	0.986132019	2.4045795	0.208491752	4.02338328	0.113078802	0.492230463	0	100	0	0	3
143	75	0.521498575	1.40821791	0.866886361	2.41243511	0.208491752	4.02338328	0.113078802	0.492230463	0	100	0	0	3
144	76	0.525686153	1.41806558	1.03597434	2.42536908	0.730464952	4.02338328	0.113078802	0.492230463	0	100	0	0	3
145	76	0.529434524	1.42791326	1.85526112	2.45447221	0.866886361	4.02338328	0.113094873	0.492230463	0	100	0	0	3
146	77	0.534571536	1.43776094	1.82864955	2.45604474	0.866886361	4.02338328	0.114667406	0.492230463	0	100	0	0	3
147	77	0.538940276	1.44760862	2.66894132	2.47449074	0.866886361	4.02338328	0.133113405	0.492230463	0	100	0	0	3
148	78	0.543014235	1.4574563	2.51520801	2.4790746	0.866886361	4.02338328	0.13769726	0.492230463	0	100	0	0	3
149	78	0.547927639	1.46730397	2.635783	2.4833002	0.866886361	4.02338328	0.141922865	0.492230463	0	100	0	0	3
150	78	0.553065156	1.47715165	2.58900218	2.48442356	0.866886361	4.02338328	0.143046221	0.492230463	0	100	0	0	3
151	79	0.558555756	1.48699933	2.37385152	2.48471044	0.866886361	4.02338328	0.143333106	0.492230463	0	100	0	0	3
152	79	0.563780372	1.49684701	2.63553141	2.48707415	0.866886361	4.02338328	0.145696811	0.492230463	0	100	0	0	3
153	80	0.56948201	1.50669468	2.36800182	2.47776299	0.866886361	4.02338328	0.145696811	0.492230463	0	100	0	0	3
154	80	0.575150172	1.51654236	2.229372	2.46738478	0.866886361	4.02338328	0.145696811	0.492230463	0	100	0	0	3
155	81	0.580004983	1.52639004	2.9767114	2.47377007	0.866886361	4.02338328	0.145696811	0.492230463	0	100	0	0	3
156	81	0.581040278	1.53623772	3.81611919	2.47194726	0.866886361	4.02338328	0.145696811	0.492230463	0	100	0	0	3
157	82	0.583110729	1.54608539	4.32008953	2.4810589	0.866886361	4.32008953	0.145696811	0.492230463	0	100	0	0	3
158	83	0.586500088	1.55593307	4.17807857	2.49847568	0.866886361	4.32008953	0.157098345	0.492230463	0	100	0	0	3
159	83	0.590251534	1.56578075	3.27858961	2.49184244	0.866886361	4.32008953	0.157098345	0.492230463	0	100	0	0	3
160	84	0.594452146	1.57562843	3.04604415	2.48434626	0.866886361	4.32008953	0.157098345	0.492230463	0	100	0	0	3
161	84	0.594982353	1.58547611	1.03518489	2.46533731	0.866886361	4.32008953	0.157098345	0.492230463	0	100	0	0	3
162	85	0.596690652	1.59532378	0.51349219	2.43425929	0.51349219	4.32008953	0.157098345	0.492230463	0	100	0	0	3
163	85	0.599296481	1.60517146	1.19752339	2.40724426	0.51349219	4.32008953	0.157098345	0.492230463	0	100	0	0	3
164	86	0.602004094	1.61501914	-0.963946368	2.36927977	-0.963946368	4.32008953	0.157098345	0.494300687	0	100	0	0	3
165	87	0.604168539	1.62486682	1.17996465	2.35359694	-0.963946368	4.32008953	0.157098345	0.496305188	0	100	0	0	3
166	87	0.607731542	1.63471449	0.863955487	2.34752466	-0.963946368	4.32008953	0.157098345	0.498247049	0	100	0	0	3
167	88	0.610990103	1.64456217	2.06863168	2.37230858	-0.963946368	4.32008953	0.157098345	0.500129161	0	100	0	0	3
168	88	0.613354667	1.65440985	1.6403481	2.39329705	-0.963946368	4.32008953	0.157098345	0.501954239	0	100	0	0	3
169	89	0.616982724	1.66425753	2.07873704	2.40928647	-0.963946368	4.32008953	0.15095102	0.503724837	0	100	0	0	3
170	90	0.620708176	1.6741052	1.31751445	2.39650037	-0.963946368	4.32008953	0.15095102	0.505443358	0	100	0	0	3
171	90	0.624236519	1.68395288	1.65675111	2.38253147	-0.963946368	4.32008953	0.15095102	0.507112068	0	100	0	0	3
172	91	0.62795237	1.69380056	1.48036807	2.3517558	-0.963946368	4.32008953	0.15095102	0.508733099	0	100	0	0	3
173	91	0.631994931	1.70364824	1.68564488	2.32316748	-0.963946368	4.32008953	0.1753082	0.510308468	0	100	0	0	3
174	92	0.636530192	1.71349592	1.91261204	2.29737089	-0.963946368	4.32008953	0.201104797	0.511840077	0	100	0	0	3
175	92	0.640329401	1.72334359	2.32260487	2.28812637	-0.963946368	4.32008953	0.210349315	0.513329724	0	100	0	0	3
176	92	0.643963122	1.73319127	2.98542412	2.29358827	-0.963946368	4.32008953	0.210349315	0.51477911	0	100	0	0	3
177	93	0.648226563	1.74303895	3.17252055	2.30724659	-0.963946368	4.32008953	0.210349315	0.516189846	0	100	0	0	3
178	93	0.653130986	1.75288663	3.07613645	2.31881051	-0.963946368	4.32008953	0.210349315	0.517563457	0	100	0	0	3
179	94	0.658423586	1.7627343	2.55425387	2.31455771	-0.963946368	4.32008953	0.210349315	0.51890139	0	100	0	0	3
180	94	0.664311608	1.77258198	2.48925216	2.306262	-0.963946368	4.32008953	0.210349315	0.520205017	0	100	0	0	3
181	95	0.669979701	1.78242966	2.47559297	2.30021644	-0.963946368	4.32008953	0.210349315	0.521475641	0	100	0	0	3
182	95	0.675736236	1.79227734	2.45850774	2.27854036	-0.963946368	4.32008953	0.219935318	0.522714499	0	100	0	0	3
183	96	0.680307101	1.80212501	2.41323231	2.25300811	-0.963946368	4.32008953	0.245467575	0.523922768	0	100	0	0	3
184	97	0.684292529	1.81197269	2.48350069	2.23600609	-0.963946368	4.32008953	0.262469591	0.525101568	0	100	0	0	3
185	97	0.68597518	1.82182037	3.17405874	2.23115878	-0.963946368	4.32008953	0.2673169	0.526251962	0	100	0	0	3
186	98	0.688973428	1.83166805	3.56543593	2.23735214	-0.963946368	4.32008953	0.2673169	0.527374966	0	100	0	0	3
187	98	0.692616251	1.84151572	3.20652642	2.24742833	-0.963946368	4.32008953	0.2673169	0.528471546	0	100	0	0	3
188	99	0.695862444	1.8513634	3.19338147	2.24488243	-0.963946368	4.32008953	0.2673169	0.529542625	0	100	0	0	3
189	99	0.700251499	1.86121108	3.25511155	2.26331517	-0.963946368	4.32008953	0.2673169	0.530589081	0	100	0	0	3
190	100	0.705018776	1.87105876	1.91487897	2.2745455	-0.963946368	4.32008953	0.2673169	0.53113324	0	100	0	0	3
191	101	0.706860583	1.88090644	3.35666801	2.29242276	-0.963946368	4.32008953	0.2673169	0.531665172	0	100	0	0	3
192	101	0.70921189	1.89075411	3.42683722	2.32566616	-0.963946368	4.32008953	0.2673169	0.532185282	0	100	0	0	3
193	102	0.712683281	1.90060179	2.75398443	2.35474146	-0.963946368	4.32008953	0.2673169	0.532693961	0	100	0	0	3
194	102	0.716344777	1.91044947	2.34425159	2.38809912	-0.963946368	4.32008953	0.2673169	0.533191583	0	100	0	0	3
195	103	0.719972437	1.92029715	1.68083209	2.40403644	-0.963946368	4.32008953	0.2673169	0.533678502	0	100	0	0	3
196	103	0.721963394	1.93014482	1.0083729	2.40028795	-0.963946368	4.32008953	0.2673169	0.534155062	0	100	0	0	3
197	104	0.72503675	1.9399925	0.422602105	2.3837935	-0.963946368	4.32008953	0.2673169	0.534621589	0	100	0	0	3
198	104	0.729441431	1.94984018	0.474030168	2.33309755	-0.963946368	4.32008953	0.2673169	0.535078397	0	100	0	0	3
199	105	0.733971684	1.95968786	0.901829597	2.2952571	-0.963946368	4.32008953	0.2673169	0.535525785	0	100	0	0	3
200	105	0.738660222	1.96953553	1.42661578	2.26513221	-0.963946368	4.32008953	0.2673169	0.535964044	0	100	0	0	3
201	106	0.741287125	1.97938321	1.75641233	2.24919227	-0.963946368	4.32008953	0.2673169	0.536393449	0	100	0	0	3
202	107	0.747568129	1.98923089	2.2185645	2.24455328	-0.963946368	4.32008953	0.2673169	0.536814265	0	100	0	0	3
203	107	0.75087023	1.99907857	2.29023104	2.23444114	-0.963946368	4.32008953	0.2673169	0.537226749	0	100	0	0	3
204	108	0.755470033	2.00892625	2.655931	2.24077088	-0.963946368	4.32008953	0.2673169	0.537631145	0	100	0	0	3
205	108	0.760404569	2.01877392	2.53744513	2.24902203	-0.963946368	4.32008953	0.2673169	0.538027688	0	100	0	0	3
206	108	0.765889222	2.0286216	2.44748686	2.23587253	-0.963946368	4.32008953	0.2673169	0.538416606	0	100	0	0	3
207	109	0.771070566	2.03846928	2.46752871	2.23357958	-0.963946368	4.32008953	0.2673169	0.538798115	0	100	0	0	3
208	110	0.776729312	2.04831696	2.54855825	2.22047323	-0.963946368	4.17807857	0.278002457	0.539172426	0	100	0	0	3
209	110	0.781750802	2.05816463	2.7497274	2.20010259	-0.963946368	3.56543593	0.291739848	0.539539741	0	100	0	0	3
210	111	0.785577745	2.06801231	3.12362773	2.19748334	-0.963946368	3.56543593	0.286862921	0.539900254	0	100	0	0	3
211	111	0.788231565	2.07785999	2.89590128	2.18865372	-0.963946368	3.56543593	0.276683596	0.540254152	0	100	0	0	3
212	112	0.790363383	2.08770767	3.13166193	2.20207314	-0.963946368	3.56543593	0.245605578	0.540601615	0	100	0	0	3
213	113	0.792421832	2.09755534	3.48615684	2.23031504	-0.963946368	3.56543593	0.220632757	0.540942818	0	100	0	0	3
214	113	0.795971188	2.10740302	3.51981822	2.2672704	-0.963946368	3.56543593	0.220632757	0.541277928	0	100	0	0	3
215	114	0.800071066	2.1172507	3.78486036	2.34285504	0.422602105	3.78486036	0.220632757	0.541607106	0	100	0	0	3
216	115	0.801244585	2.12709838	5.39266678	2.37378738	0.422602105	5.39266678	0.220632757	0.542960523	0	100	0	0	3
217	115	0.803400178	2.13694606	3.60088198	2.41479881	0.422602105	5.39266678	0.226145096	0.544290401	0	100	0	0	3
218	116	0.806782613	2.14679373	3.51225623	2.43951929	0.422602105	5.39266678	0.250865578	0.545597351	0	100	0	0	3
219	116	0.809054576	2.15664141	2.45099837	2.44930863	0.422602105	5.39266678	0.260654912	0.54688196	0	100	0	0	3
220	117	0.812761862	2.16648909	3.06419346	2.46781933	0.422602105	5.39266678	0.27916561	0.548144796	0	100	0	0	3
221	117	0.81499585	2.17633677	2.38997828	2.4889813	0.422602105	5.39266678	0.300327579	0.549386407	0	100	0	0	3
222	118	0.818294441	2.18618444	1.68623776	2.49046781	0.422602105	5.39266678	0.301814098	0.550607325	0	100	0	0	3
223	118	0.822648889	2.19603212	1.31296789	2.48341077	0.422602105	5.39266678	0.301814098	0.551808063	0	100	0	0	3
224	119	0.826382473	2.2058798	0.0659448649	2.45356938	0.0659448649	5.39266678	0.301814098	0.552989117	0	100	0	0	3
225	119	0.830229651	2.21572748	-0.00238842014	2.41745609	-0.00238842014	5.39266678	0.301814098	0.554150966	0	100	0	0	3
226	120	0.834292482	2.22557515	0.108005092	2.37093926	-0.00238842014	5.39266678	0.301814098	0.555294076	0	100	0	0	3
227	120	0.837160756	2.23542283	0.457846665	2.33097945	-0.00238842014	5.39266678	0.301814098	0.556418896	0	100	0	0	3
228	121	0.841660052	2.24527051	0.853684691	2.27806903	-0.00238842014	5.39266678	0.301814098	0.557525861	0	100	0	0	3
229	121	0.846067978	2.25511819	1.61326552	2.2425939	-0.00238842014	5.39266678	0.301814098	0.558615395	0	100	0	0	3
230	122	0.850758254	2.26496586	1.83741169	2.22413697	-0.00238842014	5.39266678	0.301814098	0.559687904	0	100	0	0	3
231	122	0.855517726	2.27481354	1.78662429	2.20508248	-0.00238842014	5.39266678	0.301814098	0.560743785	0	100	0	0	3
232	123	0.859895755	2.28466122	2.11461898	2.19492363	-0.00238842014	5.39266678	0.301814098	0.561783422	0	100	0	0	3
233	123	0.864834065	2.2945089	2.79691474	2.20262063	-0.00238842014	5.39266678	0.301814098	0.562807187	0	100	0	0	3
234	124	0.87007183	2.30435658	2.42856875	2.20378411	-0.00238842014	5.39266678	0.301814098	0.56381544	0	100	0	0	3
235	124	0.875210042	2.31420425	2.44727283	2.20449806	-0.00238842014	5.39266678	0.301814098	0.564808531	0	100	0	0	3
236	125	0.880711916	2.32405193	2.62577493	2.20802271	-0.00238842014	5.39266678	0.301814098	0.5657868	0	100	0	0	3
237	125	0.885954832	2.33389961	2.55072296	2.19648298	-0.00238842014	5.39266678	0.301814098	0.566750576	0	100	0	0	3
238	126	0.889938781	2.34374729	2.54335803	2.18483973	-0.00238842014	5.39266678	0.30562809	0.567700179	0	100	0	0	3
239	126	0.893807417	2.35359496	2.71162058	2.17859557	-0.00238842014	5.39266678	0.311872241	0.568635919	0	100	0	0	3
240	127	0.895546924	2.36344264	3.75218536	2.16841809	-0.00238842014	5.39266678	0.322049729	0.569558098	0	100	0	0	3
241	127	0.898713602	2.37329032	3.87158342	2.20250298	-0.00238842014	5.39266678	0.322049729	0.570467008	0	100	0	0	3
242	128	0.902349747	2.383138	3.58014515	2.21725346	-0.00238842014	5.39266678	0.322049729	0.571362933	0	100	0	0	3
243	129	0.905592851	2.39298567	3.22468017	2.21940788	-0.00238842014	5.39266678	0.322049729	0.572246151	0	100	0	0	3
244	129	0.910107366	2.40283335	3.1419135	2.23110321	-0.00238842014	5.39266678	0.322049729	0.573116928	0	100	0	0	3
245	130	0.91539789	2.41268103	2.83691685	2.24512349	-0.00238842014	5.39266678	0.322049729	0.573975527	0	100	0	0	3
246	130	0.920974035	2.42252871	2.54497443	2.26362617	-0.00238842014	5.39266678	0.322049729	0.574822201	0	100	0	0	3
247	131	0.924978572	2.43237639	1.88546998	2.26847712	-0.00238842014	5.39266678	0.322049729	0.575657197	0	100	0	0	3
248	131	0.930693422	2.44222406	1.71312255	2.28062972	-0.00238842014	5.39266678	0.322049729	0.576480754	0	100	0	0	3
249	132	0.934796465	2.45207174	1.29077782	2.29960218	-0.00238842014	5.39266678	0.322049729	0.577293107	0	100	0	0	3
250	132	0.939515371	2.46191942	0.745481388	2.29472979	-0.00238842014	5.39266678	0.322049729	0.578094482	0	100	0	0	3
251	133	0.944958723	2.4717671	1.28461732	2.28780676	-0.00238842014	5.39266678	0.322049729	0.5788851	0	100	0	0	3
252	133	0.94966479	2.48161477	2.03220874	2.28873325	-0.00238842014	5.39266678	0.322049729	0.579665177	0	100	0	0	3
253	134	0.955565408	2.49146245	2.11411459	2.28589846	-0.00238842014	5.39266678	0.322049729	0.580434921	0	100	0	0	3
254	134	0.959276328	2.50131013	2.61889	2.29175913	-0.00238842014	5.39266678	0.322049729	0.581194537	0	100	0	0	3
255	134	0.965446405	2.51115781	2.77736185	2.29805073	-0.00238842014	5.39266678	0.322049729	0.581944224	0	100	0	0	3
256	135	0.970597808	2.52100548	2.89128885	2.3069697	-0.00238842014	5.39266678	0.322049729	0.582684174	0	100	0	0	3
257	135	0.976166528	2.53085316	2.63958283	2.31211311	-0.00238842014	5.39266678	0.322049729	0.583414577	0	100	0	0	3
258	136	0.981612202	2.54070084	2.63611861	2.31666882	-0.00238842014	5.39266678	0.322049729	0.584135615	0	100	0	0	3
259	136	0.987343904	2.55054852	2.44713242	2.31398892	-0.00238842014	5.39266678	0.322049729	0.584847468	0	100	0	0	3
260	137	0.99244831	2.5603962	2.56964229	2.30979762	-0.00238842014	5.39266678	0.322049729	0.585550311	0	100	0	0	3
261	137	0.996669949	2.57024387	2.89945381	2.30683604	-0.00238842014	5.39266678	0.322049729	0.586244313	0	100	0	0	3
262	138	0.998936358	2.58009155	3.42982907	2.31149606	-0.00238842014	5.39266678	0.322049729	0.586929639	0	100	0	0	3
263	138	1	2.58993923	3.80784209	2.31074777	-0.00238842014	5.39266678	0.322049729	0.587606453	0	100	0	0	3
