Iteration	CPUTime	PhysTime	Travels	Value	AvValue	MinValue	MaxValue	Delta	Criteria	PrevAvRefValue	Progress	CriteriaType	CriteriaVarType	CriteriaPercentage
1	2	0.000421916309	0.00984767767	-0.000754512338	-0.000754512338	-0.000754512338	-0.000754512338	0	0	0	0	0	0	3
2	3	0.000818525686	0.0196953553	-0.000686459527	-0.000721537951	-0.000754512338	-0.000686459527	3.29743874e-05	0	0	0	0	0	3
3	3	0.0011658568	0.029543033	-0.000722520917	-0.000721830795	-0.000754512338	-0.000686459527	3.29743874e-05	0	0	0	0	0	3
4	4	0.00148858776	0.0393907107	-0.000749972274	-0.000727931965	-0.000754512338	-0.000686459527	3.29743874e-05	0	0	0	0	0	3
5	5	0.00180893366	0.0492383884	-0.000796863575	-0.000740139134	-0.000796863575	-0.000686459527	3.29743874e-05	0	0	0	0	0	3
6	5	0.00237902594	0.059086066	-0.000853168241	-0.000767224598	-0.000853168241	-0.000686459527	4.5686647e-05	0	0	0	0	0	3
7	6	0.00312686603	0.0689337437	-0.000845691296	-0.000785991165	-0.000853168241	-0.000686459527	6.44532143e-05	0	0	0	0	0	3
8	6	0.00387189006	0.0787814214	-0.000857558598	-0.000799762077	-0.000857558598	-0.000686459527	7.82241264e-05	0	0	0	0	0	3
9	7	0.00466364761	0.0886290991	-0.000882152502	-0.000813749678	-0.000882152502	-0.000686459527	9.22117271e-05	0	0	0	0	0	3
10	7	0.00551521821	0.0984767767	-0.000972297471	-0.000838230058	-0.000972297471	-0.000686459527	0.000116692107	0	0	0	0	0	3
11	8	0.00674340837	0.108324454	-0.000982977642	-0.000864593219	-0.000982977642	-0.000686459527	0.000143055268	0	0	0	0	0	3
12	8	0.0079753888	0.118172132	-0.00105009165	-0.000893247675	-0.00105009165	-0.000686459527	0.000171709725	0	0	0	0	0	3
13	9	0.00916277681	0.12801981	-0.00122686377	-0.000936480395	-0.00122686377	-0.000686459527	0.000214942444	0	0	0	0	0	3
14	9	0.0103452636	0.137867487	-0.00142386065	-0.000992189048	-0.00142386065	-0.000686459527	0.000270651097	0	0	0	0	0	3
15	10	0.0115285746	0.147715165	-0.0016158867	-0.00105620635	-0.0016158867	-0.000686459527	0.000334668402	0	0	0	0	0	3
16	10	0.0130987525	0.157562843	-0.00198896052	-0.00116801777	-0.00198896052	-0.000686459527	0.000446479815	0	0	0	0	0	3
17	11	0.0146008499	0.16741052	-0.00229215418	-0.00128366599	-0.00229215418	-0.000686459527	0.000562128038	0	0	0	0	0	3
18	11	0.0160674849	0.177258198	-0.00250215411	-0.00139488921	-0.00250215411	-0.000686459527	0.00067335126	0	0	0	0	0	3
19	12	0.0176108365	0.187105876	-0.00276415655	-0.00151488696	-0.00276415655	-0.000686459527	0.000793349013	0	0	0	0	0	3
20	12	0.0192786492	0.196953553	-0.00294803974	-0.00163887026	-0.00294803974	-0.000686459527	0.000917332307	0	0	0	0	0	3
21	13	0.0219474928	0.206801231	-0.00331210844	-0.00184233819	-0.00331210844	-0.000686459527	0.00112080024	0	0	0	0	0	3
22	13	0.0249188623	0.216648909	-0.00364814506	-0.00205766582	-0.00364814506	-0.000686459527	0.00133612787	0	0	0	0	0	3
23	13	0.0278246698	0.226496586	-0.0039670348	-0.00225706652	-0.0039670348	-0.000686459527	0.00153552857	0	0	0	0	0	3
24	14	0.0309071035	0.236344264	-0.00403470951	-0.00243435478	-0.00403470951	-0.000686459527	0.00171281683	0	0	0	0	0	3
25	14	0.0337906587	0.246191942	-0.00409776058	-0.00257630296	-0.00409776058	-0.000686459527	0.00185476501	0	0	0	0	0	3
26	15	0.0381812028	0.25603962	-0.00424494299	-0.00276818371	-0.00424494299	-0.000686459527	0.00204664575	0	0	0	0	0	3
27	15	0.0425558774	0.265887297	-0.00419681962	-0.00291504514	-0.00424494299	-0.000686459527	0.00219350719	0	0	0	0	0	3
28	16	0.0460597307	0.275734975	-0.00407852478	-0.0030035533	-0.00424494299	-0.000686459527	0.00228201535	0	0	0	0	0	3
29	16	0.0497756971	0.285582653	-0.00353111097	-0.00304293771	-0.00424494299	-0.000686459527	0.00232139976	0	0	0	0	0	3
30	17	0.0531999711	0.29543033	-0.00300644863	-0.00304058905	-0.00424494299	-0.000686459527	0.00232139976	0	0	0	0	0	3
31	18	0.0562426181	0.305278008	-0.00268234051	-0.00302120831	-0.00424494299	-0.000686459527	0.00232139976	0	0	0	0	0	3
32	18	0.058425285	0.315125686	-0.00242466886	-0.00299892263	-0.00424494299	-0.000686459527	0.00232139976	0	0	0	0	0	3
33	19	0.0612580485	0.324973363	-0.00247512353	-0.00297470053	-0.00424494299	-0.000686459527	0.00232139976	0	0	0	0	0	3
34	19	0.0649332501	0.334821041	-0.00143351588	-0.00288746996	-0.00424494299	-0.000686459527	0.00232139976	0	0	0	0	0	3
35	20	0.0679006061	0.344668719	-0.00110497009	-0.0028095721	-0.00424494299	-0.000686459527	0.00232139976	0	0	0	0	0	3
36	20	0.0713195378	0.354516396	-7.19015813e-05	-0.00267833305	-0.00424494299	-7.19015813e-05	0.00232139976	0	0	0	0	0	3
37	21	0.07465357	0.364364074	0.000100446819	-0.0025542326	-0.00424494299	0.000100446819	0.00232139976	0	0	0	0	0	3
38	22	0.0778327393	0.374211752	8.07850303e-05	-0.00244660222	-0.00424494299	0.000100446819	0.00232139976	0	0	0	0	0	3
39	22	0.0822346305	0.384059429	-0.000172611213	-0.00232487904	-0.00424494299	0.000100446819	0.00232139976	0	0	0	0	0	3
40	23	0.0877494204	0.393907107	-0.000142192613	-0.0021877037	-0.00424494299	0.000100446819	0.00232139976	0	0	0	0	0	3
41	24	0.0906217964	0.403754785	-0.000112489228	-0.00212192707	-0.00424494299	0.000100446819	0.00232139976	0	0	0	0	0	3
42	24	0.0950312378	0.413602462	-0.000424685158	-0.00204317519	-0.00424494299	0.000100446819	0.00232139976	0	0	0	0	0	3
43	25	0.0994652882	0.42345014	-0.000726993882	-0.00198450131	-0.00424494299	0.000100446819	0.00232139976	0	0	0	0	0	3
44	25	0.103520665	0.433297818	-0.000916964283	-0.00194268101	-0.00424494299	0.000100446819	0.00232139976	0	0	0	0	0	3
45	26	0.107468451	0.443145495	-0.00109946817	-0.00191170612	-0.00424494299	0.000100446819	0.00232139976	0	0	0	0	0	3
46	26	0.112526542	0.452993173	-0.00143896986	-0.00189045653	-0.00424494299	0.000100446819	0.00232139976	0	0	0	0	0	3
47	27	0.116719702	0.462840851	-0.00185943799	-0.00188934218	-0.00424494299	0.000100446819	0.00232139976	0	0	0	0	0	3
48	27	0.121927407	0.472688528	-0.00262283624	-0.00192067083	-0.00424494299	0.000100446819	0.00232139976	0	0	0	0	0	3
49	27	0.126779353	0.482536206	-0.00310895436	-0.00196614738	-0.00424494299	0.000100446819	0.00232139976	0	0	0	0	0	3
50	28	0.13203527	0.492383884	-0.00365979058	-0.0020335661	-0.00424494299	0.000100446819	0.00232139976	0	0	0	0	0	3
51	28	0.137546407	0.502231561	-0.00379258161	-0.0021040454	-0.00424494299	0.000100446819	0.00232139976	0	0	0	0	0	3
52	29	0.142872031	0.512079239	-0.00389554277	-0.00217501924	-0.00424494299	0.000100446819	0.00232139976	0	0	0	0	0	3
53	29	0.147248714	0.521926917	-0.00393564738	-0.00223167483	-0.00424494299	0.000100446819	0.00232110692	0	0	0	0	0	3
54	30	0.15220243	0.531774594	-0.00370553288	-0.00228348513	-0.00424494299	0.000100446819	0.00231500575	0	0	0	0	0	3
55	31	0.156077153	0.541622272	-0.00292112961	-0.002302669	-0.00424494299	0.000100446819	0.00230279858	0	0	0	0	0	3
56	31	0.159357831	0.55146995	-0.00237909004	-0.00230732211	-0.00424494299	0.000100446819	0.00227571312	0	0	0	0	0	3
57	32	0.161383376	0.561317627	-0.00227691478	-0.00231214846	-0.00424494299	0.000100446819	0.00225694655	0	0	0	0	0	3
58	32	0.163208218	0.571165305	-0.00215858572	-0.00231724866	-0.00424494299	0.000100446819	0.00224317564	0	0	0	0	0	3
59	33	0.166342616	0.581012983	-0.00183354835	-0.00231461062	-0.00424494299	0.000100446819	0.00222918804	0	0	0	0	0	3
60	33	0.170116328	0.59086066	-0.000996406993	-0.00229139937	-0.00424494299	0.000100446819	0.00220470766	0	0	0	0	0	3
61	34	0.173580979	0.600708338	-0.000474085286	-0.00226061945	-0.00424494299	0.000100446819	0.00217834449	0	0	0	0	0	3
62	34	0.177128396	0.610556016	-0.000322492096	-0.00222947729	-0.00424494299	0.000100446819	0.00214969004	0	0	0	0	0	3
63	35	0.181846743	0.620403693	0.000299738117	-0.00216919861	-0.00424494299	0.000299738117	0.00210645732	0	0	0	0	0	3
64	35	0.186837339	0.630251371	-0.000227096739	-0.00212094562	-0.00424494299	0.000299738117	0.00205074867	0	0	0	0	0	3
65	36	0.191946424	0.640099049	-3.11503195e-05	-0.00206669129	-0.00424494299	0.000299738117	0.00198673136	0	0	0	0	0	3
66	36	0.196141044	0.649946726	0.000259688124	-0.00201672264	-0.00424494299	0.000299738117	0.00187491995	0	0	0	0	0	3
67	37	0.201261295	0.659794404	0.000458559739	-0.0019495973	-0.00424494299	0.000458559739	0.00175927172	0	0	0	0	0	3
68	37	0.206593049	0.669642082	8.98078393e-05	-0.00189028155	-0.00424494299	0.000458559739	0.0016480485	0	0	0	0	0	3
69	38	0.211747393	0.679489759	-0.000309957503	-0.0018440687	-0.00424494299	0.000458559739	0.00152805075	0	0	0	0	0	3
70	38	0.217073205	0.689337437	-0.00093106778	-0.00181257158	-0.00424494299	0.000458559739	0.00140406745	0	0	0	0	0	3
71	39	0.223364725	0.699185115	-0.00184898974	-0.0018044151	-0.00424494299	0.000458559739	0.00123852261	0	0	0	0	0	3
72	39	0.228647701	0.709032792	-0.00262504731	-0.00180592252	-0.00424494299	0.000458559739	0.00123852261	0	0	0	0	0	3
73	40	0.2336081	0.71888047	-0.00321082626	-0.00181308608	-0.00424494299	0.000458559739	0.00123852261	0	0	0	0	0	3
74	40	0.238608362	0.728728148	-0.00367941617	-0.00182766586	-0.00424494299	0.000458559739	0.00123852261	0	0	0	0	0	3
75	40	0.24406031	0.738575825	-0.00370930326	-0.00184387731	-0.00424494299	0.000458559739	0.00123852261	0	0	0	0	0	3
76	41	0.24986044	0.748423503	-0.00398328613	-0.00187122798	-0.00424494299	0.000458559739	0.00123852261	0	0	0	0	0	3
77	41	0.253906422	0.758271181	-0.00390976124	-0.0018611502	-0.00419681962	0.000458559739	0.00123852261	0	0	0	0	0	3
78	42	0.259373622	0.768118859	-0.00332099166	-0.00185083486	-0.00407852478	0.000458559739	0.00123852261	0	0	0	0	0	3
79	43	0.263572008	0.777966536	-0.00222378093	-0.00182214808	-0.00398328613	0.000458559739	0.00123852261	0	0	0	0	0	3
80	43	0.265214797	0.787814214	-0.00237069905	-0.00179685418	-0.00398328613	0.000458559739	0.00124373487	0	0	0	0	0	3
81	44	0.267293069	0.797661892	-0.00248002948	-0.00178413934	-0.00398328613	0.000458559739	0.00123706896	0	0	0	0	0	3
82	44	0.270319329	0.807509569	-0.00277018364	-0.00178531237	-0.00398328613	0.000458559739	0.00121478329	0	0	0	0	0	3
83	45	0.273678854	0.817357247	-0.00256060233	-0.00179092948	-0.00398328613	0.000458559739	0.00119056118	0	0	0	0	0	3
84	45	0.277191049	0.827204925	-0.00262985675	-0.00179559906	-0.00398328613	0.000458559739	0.00110333062	0	0	0	0	0	3
85	46	0.281646802	0.837052602	-0.00219806678	-0.00181001452	-0.00398328613	0.000458559739	0.00102543276	0	0	0	0	0	3
86	46	0.286133151	0.84690028	-0.00237909125	-0.00183130005	-0.00398328613	0.000458559739	0.000894193708	0	0	0	0	0	3
87	47	0.291426037	0.856747958	-0.00385009079	-0.00190717465	-0.00398328613	0.000458559739	0.000770093257	0	0	0	0	0	3
88	48	0.293530734	0.866595635	-0.00288948696	-0.00194720141	-0.00398328613	0.000458559739	0.00066246288	0	0	0	0	0	3
89	48	0.295752317	0.876443313	-0.00192199323	-0.00197653016	-0.00398328613	0.000458559739	0.000540739696	0	0	0	0	0	3
90	49	0.300336875	0.886290991	-0.00123271459	-0.00199730294	-0.00398328613	0.000458559739	0.000533109318	0	0	0	0	0	3
91	49	0.30431757	0.896138668	-0.00135803859	-0.00203279213	-0.00398328613	0.000458559739	0.000533109318	0	0	0	0	0	3
92	50	0.308446681	0.905986346	-0.00171399632	-0.00205207132	-0.00398328613	0.000458559739	0.000533109318	0	0	0	0	0	3
93	50	0.312314195	0.915834024	-0.00201035521	-0.00208435423	-0.00398328613	0.000458559739	0.000533109318	0	0	0	0	0	3
94	51	0.317218964	0.925681701	-0.00220620526	-0.00211473836	-0.00398328613	0.000458559739	0.000533109318	0	0	0	0	0	3
95	51	0.321937336	0.935529379	-0.00253932751	-0.00214614986	-0.00398328613	0.000458559739	0.000533109318	0	0	0	0	0	3
96	51	0.327584846	0.945377057	-0.00303282096	-0.00218767134	-0.00398328613	0.000458559739	0.000533109318	0	0	0	0	0	3
97	52	0.331544484	0.955224734	-0.00336566306	-0.00222625914	-0.00398328613	0.000458559739	0.000533109318	0	0	0	0	0	3
98	52	0.335672019	0.965072412	-0.00366368639	-0.00226038151	-0.00398328613	0.000458559739	0.000533109318	0	0	0	0	0	3
99	53	0.340547753	0.97492009	-0.00404636892	-0.00229157917	-0.00404636892	0.000458559739	0.000533109318	0	0	0	0	0	3
100	53	0.345637697	0.984767767	-0.00415229698	-0.00231673282	-0.00415229698	0.000458559739	0.000533109318	0	0	0	0	0	3
101	54	0.350745961	0.994615445	-0.00414680073	-0.00232720086	-0.00415229698	0.000458559739	0.000543061512	0	0	0	0	0	3
102	55	0.356377965	1.00446312	-0.00411794029	-0.00233638389	-0.00415229698	0.000458559739	0.000552244546	0.000514920665	0	93.2	0	0	3
103	55	0.361443383	1.0143108	-0.00382470924	-0.00233288616	-0.00415229698	0.000458559739	0.000552244546	0.000514920665	0	93.2	0	0	3
104	56	0.365234629	1.02415848	-0.00300621792	-0.00231241689	-0.00415229698	0.000458559739	0.000552244546	0.000514920665	0	93.2	0	0	3
105	56	0.368306434	1.03400616	-0.00252649351	-0.00228352571	-0.00415229698	0.000458559739	0.000552244546	0.000514920665	0	93.2	0	0	3
106	57	0.370394479	1.04385383	-0.00252258491	-0.00227432733	-0.00415229698	0.000458559739	0.000552244546	0.000514920665	0	93.2	0	0	3
107	57	0.372460559	1.05370151	-0.00247934393	-0.00227470221	-0.00415229698	0.000458559739	0.000552244546	0.000514920665	0	93.2	0	0	3
108	58	0.375314689	1.06354919	-0.00304113516	-0.00228490651	-0.00415229698	0.000458559739	0.000552244546	0.000514920665	0	93.2	0	0	3
109	59	0.378799624	1.07339687	-0.00243145373	-0.0022883446	-0.00415229698	0.000458559739	0.000552244546	0.000514920665	0	93.2	0	0	3
110	59	0.382388861	1.08324454	-0.00216732826	-0.0022929323	-0.00415229698	0.000458559739	0.000552244546	0.000514920665	0	93.2	0	0	3
111	60	0.3869755	1.09309222	-0.00165068688	-0.00230191032	-0.00415229698	0.000458559739	0.000552244546	0.000514920665	0	93.2	0	0	3
112	60	0.391817511	1.1029399	-0.00139393068	-0.00231078294	-0.00415229698	0.000458559739	0.000552244546	0.000514920665	0	93.2	0	0	3
113	61	0.396757437	1.11278758	-0.0012174025	-0.00231830506	-0.00415229698	0.000458559739	0.000552244546	0.000514920665	0	93.2	0	0	3
114	61	0.401688211	1.12263525	-0.000292483981	-0.00232905813	-0.00415229698	0.000458559739	0.000552244546	0.000514920665	0	93.2	0	0	3
115	62	0.405631941	1.13248293	-0.000106705079	-0.00233694534	-0.00415229698	0.000458559739	0.000552805991	0.000514920665	0	93.1	0	0	3
116	62	0.410856571	1.14233061	-0.000167338962	-0.00233897865	-0.00415229698	0.000458559739	0.000554839307	0.000514920665	0	92.8	0	0	3
117	63	0.416689121	1.15217829	-0.000683222045	-0.00234461524	-0.00415229698	0.000458559739	0.00056047589	0.000514920665	0	91.8	0	0	3
118	63	0.421862586	1.16202597	-0.00116487735	-0.00238201133	-0.00415229698	8.98078393e-05	0.000597871981	0.000514920665	0	86.1	0	0	3
119	63	0.426670907	1.17187364	-0.00150487745	-0.00242273142	-0.00415229698	-0.000106705079	0.000638592073	0.000514920665	0	80.6	0	0	3
120	64	0.43084599	1.18172132	-0.0019689242	-0.00246378727	-0.00415229698	-0.000106705079	0.000679647928	0.000514920665	0	75.7	0	0	3
121	64	0.435611817	1.191569	-0.00256859719	-0.00250342549	-0.00415229698	-0.000106705079	0.000719286148	0.000514920665	0	71.5	0	0	3
122	65	0.440509968	1.20141668	-0.00317026876	-0.00253742898	-0.00415229698	-0.000106705079	0.000753289632	0.000514920665	0	68.3	0	0	3
123	65	0.44609535	1.21126435	-0.0038259992	-0.0025683986	-0.00415229698	-0.000106705079	0.000784259252	0.000514920665	0	65.6	0	0	3
124	66	0.45188772	1.22111203	-0.00403721881	-0.00259277675	-0.00415229698	-0.000106705079	0.000808637405	0.000514920665	0	63.6	0	0	3
125	66	0.457256729	1.23095971	-0.0041166162	-0.00260534499	-0.00415229698	-0.000106705079	0.000821205643	0.000514920665	0	62.7	0	0	3
126	67	0.463026398	1.24080739	-0.00412754226	-0.00261796727	-0.00415229698	-0.000106705079	0.000833827923	0.000514920665	0	61.7	0	0	3
127	67	0.468364516	1.25065506	-0.00364269325	-0.00260675961	-0.00415229698	-0.000106705079	0.000833827923	0.000514920665	0	61.7	0	0	3
128	68	0.472569309	1.26050274	-0.00286427773	-0.00258760176	-0.00415229698	-0.000106705079	0.000833827923	0.000514920665	0	61.7	0	0	3
129	68	0.475530024	1.27035042	-0.00226042198	-0.00256457087	-0.00415229698	-0.000106705079	0.000833827923	0.000514920665	0	61.7	0	0	3
130	69	0.47721714	1.2801981	-0.00225468578	-0.0025688207	-0.00415229698	-0.000106705079	0.000833827923	0.000514920665	0	61.7	0	0	3
131	69	0.480453259	1.29004578	-0.0021881108	-0.00256460886	-0.00415229698	-0.000106705079	0.000833827923	0.000514920665	0	61.7	0	0	3
132	70	0.484334276	1.29989345	-0.00175454529	-0.00255093361	-0.00415229698	-0.000106705079	0.000832654899	0.000514920665	0	61.8	0	0	3
133	70	0.487726782	1.30974113	-0.00140463576	-0.00252999445	-0.00415229698	-0.000106705079	0.000827037785	0.000514920665	0	62.2	0	0	3
134	71	0.491239846	1.31958881	-0.000931865614	-0.00250371604	-0.00415229698	-0.000106705079	0.000822368207	0.000514920665	0	62.6	0	0	3
135	72	0.494513615	1.32943649	-0.000476207998	-0.00247113487	-0.00415229698	-0.000106705079	0.000807952749	0.000514920665	0	63.7	0	0	3
136	72	0.499266186	1.33928416	-0.000421583128	-0.00243196594	-0.00415229698	-0.000106705079	0.00078666722	0.000514920665	0	65.4	0	0	3
137	73	0.502577032	1.34913184	0.000244623101	-0.00239211932	-0.00415229698	0.000244623101	0.000710792622	0.000514920665	0	72.4	0	0	3
138	73	0.505453162	1.35897952	0.000602116254	-0.00231582671	-0.00415229698	0.000602116254	0.000670765861	0.000514920665	0	76.7	0	0	3
139	74	0.508654674	1.3688272	0.000665920303	-0.00226583934	-0.00415229698	0.000665920303	0.000641437105	0.000514920665	0	80.2	0	0	3
140	74	0.511071835	1.37867487	0.00100096351	-0.00223271413	-0.00415229698	0.00100096351	0.000620664328	0.000514920665	0	82.9	0	0	3
141	75	0.513969154	1.38852255	0.00130886043	-0.0022061427	-0.00415229698	0.00130886043	0.000585175142	0.00051629922	0	88.2	0	0	3
142	75	0.517104316	1.39837023	0.000904001422	-0.00217618424	-0.00415229698	0.00130886043	0.000565895944	0.000518338382	0	91.5	0	0	3
143	75	0.521498575	1.40821791	0.000105763193	-0.00213807595	-0.00415229698	0.00130886043	0.000533613034	0.000520278071	0	97.5	0	0	3
144	76	0.525686153	1.41806558	-0.000509240198	-0.00210842391	-0.00415229698	0.00130886043	0.000509543361	0.000522125395	0	100	0	0	3
145	76	0.529434524	1.42791326	-0.00103792525	-0.00208725571	-0.00415229698	0.00130886043	0.000530711561	0.000523886797	0	98.7	0	0	3
146	77	0.534571536	1.43776094	-0.00153033682	-0.00206376963	-0.00415229698	0.00130886043	0.000554197633	0.000525568135	0	94.8	0	0	3
147	77	0.538940276	1.44760862	-0.00226536381	-0.00204204313	-0.00415229698	0.00130886043	0.000575924137	0.000527174747	0	91.5	0	0	3
148	78	0.543014235	1.4574563	-0.00277020354	-0.00203128717	-0.00415229698	0.00130886043	0.000586680095	0.000528711506	0	90.1	0	0	3
149	78	0.547927639	1.46730397	-0.00324478516	-0.00202763413	-0.00415229698	0.00130886043	0.000590333136	0.000530182871	0	89.8	0	0	3
150	78	0.553065156	1.47715165	-0.0035698197	-0.00201860047	-0.00415229698	0.00130886043	0.0005993668	0.000531592929	0	88.6	0	0	3
151	79	0.558555756	1.48699933	-0.00357458735	-0.00200771791	-0.00414680073	0.00130886043	0.000610249357	0.000532945434	0	87.3	0	0	3
152	79	0.563780372	1.49684701	-0.00390768875	-0.00200302204	-0.00412754226	0.00130886043	0.000614945227	0.000534243839	0	86.8	0	0	3
153	80	0.56948201	1.50669468	-0.00385065514	-0.00199656185	-0.00412754226	0.00130886043	0.000621405416	0.000535491326	0	86.1	0	0	3
154	80	0.575150172	1.51654236	-0.00299861157	-0.00197980735	-0.00412754226	0.00130886043	0.000638159918	0.000536690832	0	84	0	0	3
155	81	0.580004983	1.52639004	-0.00159902998	-0.00195308123	-0.00412754226	0.00130886043	0.000664886034	0.000537845075	0	80.8	0	0	3
156	81	0.581040278	1.53623772	-0.00197143956	-0.0019448907	-0.00412754226	0.00130886043	0.00067307657	0.000538956567	0	80	0	0	3
157	82	0.583110729	1.54608539	-0.00202614553	-0.00194001088	-0.00412754226	0.00130886043	0.000677956392	0.000540027642	0	79.6	0	0	3
158	83	0.586500088	1.55593307	-0.00250892407	-0.00194381366	-0.00412754226	0.00130886043	0.000677956392	0.000541060464	0	79.8	0	0	3
159	83	0.590251534	1.56578075	-0.00217060939	-0.00193320084	-0.00412754226	0.00130886043	0.000684766432	0.000542057046	0	79.1	0	0	3
160	84	0.594452146	1.57562843	-0.00402900185	-0.00196597239	-0.00412754226	0.00130886043	0.000684766432	0.000543019264	0	79.2	0	0	3
161	84	0.594982353	1.58547611	-0.00149298705	-0.00196139326	-0.00412754226	0.00130886043	0.000684766432	0.000543948864	0	79.4	0	0	3
162	85	0.596690652	1.59532378	3.16076822e-05	-0.00195195406	-0.00412754226	0.00130886043	0.000684766432	0.000544847477	0	79.5	0	0	3
163	85	0.599296481	1.60517146	0.00011335604	-0.00193903763	-0.00412754226	0.00130886043	0.000684766432	0.000545716628	0	79.6	0	0	3
164	86	0.602004094	1.61501914	-0.000670711627	-0.00193967436	-0.00412754226	0.00130886043	0.000684766432	0.000546557741	0	79.8	0	0	3
165	87	0.604168539	1.62486682	1.14648756e-05	-0.00195892951	-0.00412754226	0.00130886043	0.000684766432	0.000547372153	0	79.9	0	0	3
166	87	0.607731542	1.63471449	0.000298468442	-0.00195527566	-0.00412754226	0.00130886043	0.000684766432	0.000548161114	0	80	0	0	3
167	88	0.610990103	1.64456217	0.0013867508	-0.00194753639	-0.00412754226	0.0013867508	0.000684766432	0.000549056986	0	80.1	0	0	3
168	88	0.613354667	1.65440985	0.00189329543	-0.00193885302	-0.00412754226	0.00189329543	0.000684766432	0.00055076593	0	80.4	0	0	3
169	89	0.616982724	1.66425753	0.0021371513	-0.00188358535	-0.00412754226	0.0021371513	0.00073438192	0.000552822314	0	75.2	0	0	3
170	90	0.620708176	1.6741052	0.00175485316	-0.00182311305	-0.00412754226	0.0021371513	0.000794854218	0.000554818216	0	69.8	0	0	3
171	90	0.624236519	1.68395288	0.00100019479	-0.00176845489	-0.00412754226	0.0021371513	0.000849512382	0.000556756265	0	65.5	0	0	3
172	91	0.62795237	1.69380056	0.000387548441	-0.00170697681	-0.00412754226	0.0021371513	0.00091099046	0.000558638942	0	61.3	0	0	3
173	91	0.631994931	1.70364824	-0.000137045642	-0.00163640225	-0.00412754226	0.0021371513	0.000981565021	0.000560468586	0	57	0	0	3
174	92	0.636530192	1.71349592	-0.000604796047	-0.0015476142	-0.00412754226	0.0021371513	0.00107035307	0.000562247406	0	52.5	0	0	3
175	92	0.640329401	1.72334359	-0.000987722443	-0.00145979998	-0.00412754226	0.0021371513	0.00115816729	0.000563977491	0	48.6	0	0	3
176	92	0.643963122	1.73319127	-0.00153290315	-0.00138482219	-0.00412754226	0.0021371513	0.00123314507	0.000565660817	0	45.8	0	0	3
177	93	0.648226563	1.74303895	-0.00217147926	-0.00131748575	-0.00402900185	0.0021371513	0.00128927386	0.000567299255	0	44	0	0	3
178	93	0.653130986	1.75288663	-0.00281362171	-0.00129002108	-0.00402900185	0.0021371513	0.00129758068	0.000568894576	0	43.8	0	0	3
179	94	0.658423586	1.7627343	-0.00321926161	-0.00130934415	-0.00402900185	0.0021371513	0.00127879962	0.00057044846	0	44.6	0	0	3
180	94	0.664311608	1.77258198	-0.00337044715	-0.00135871311	-0.00402900185	0.0021371513	0.00127879962	0.000571962501	0	44.7	0	0	3
181	95	0.669979701	1.78242966	-0.0034083786	-0.00141114074	-0.00402900185	0.0021371513	0.00127458778	0.000573438211	0	44.9	0	0	3
182	95	0.675736236	1.79227734	-0.00314917813	-0.00144949895	-0.00402900185	0.0021371513	0.00126091253	0.000574877029	0	45.5	0	0	3
183	96	0.680307101	1.80212501	-0.00251843848	-0.00146838977	-0.00402900185	0.0021371513	0.00123997337	0.000576280321	0	46.4	0	0	3
184	97	0.684292529	1.81197269	-0.00168215217	-0.00147382419	-0.00402900185	0.0021371513	0.00121369496	0.000577649386	0	47.5	0	0	3
185	97	0.68597518	1.82182037	-0.00167111448	-0.00148530596	-0.00402900185	0.0021371513	0.00118111379	0.000578985461	0	49	0	0	3
186	98	0.688973428	1.83166805	-0.00170534831	-0.00150568701	-0.00402900185	0.0021371513	0.00114194487	0.000580289725	0	50.8	0	0	3
187	98	0.692616251	1.84151572	-0.00251992655	-0.00155144327	-0.00402900185	0.0021371513	0.00110209824	0.0005815633	0	52.7	0	0	3
188	99	0.695862444	1.8513634	-0.00277886324	-0.00160282294	-0.00402900185	0.0021371513	0.00102580563	0.000582807258	0	56.8	0	0	3
189	99	0.700251499	1.86121108	-0.00248351975	-0.00165522133	-0.00402900185	0.0021371513	0.000975818257	0.000584022619	0	59.8	0	0	3
190	100	0.705018776	1.87105876	-0.00366043981	-0.00174174731	-0.00402900185	0.0021371513	0.000942693052	0.000585210357	0	62	0	0	3
191	101	0.706860583	1.88090644	-0.00344728718	-0.00179165236	-0.00402900185	0.0021371513	0.000916121619	0.000586371406	0	64	0	0	3
192	101	0.70921189	1.89075411	-0.00278444309	-0.00184961882	-0.00402900185	0.0021371513	0.000886163157	0.000587506653	0	66.2	0	0	3
193	102	0.712683281	1.90060179	-0.00181960637	-0.00189322709	-0.00402900185	0.0021371513	0.000848054871	0.000588616949	0	69.4	0	0	3
194	102	0.716344777	1.91044947	-0.00108272575	-0.0019230785	-0.00402900185	0.0021371513	0.000818402828	0.000589703109	0	72	0	0	3
195	103	0.719972437	1.92029715	-0.000849711336	-0.00193351026	-0.00402900185	0.0021371513	0.000797234628	0.00059076591	0	74.1	0	0	3
196	103	0.721963394	1.93014482	-0.000664148283	-0.00193781995	-0.00402900185	0.0021371513	0.000773748557	0.000591806099	0	76.4	0	0	3
197	104	0.72503675	1.9399925	-0.000682135094	-0.00192854833	-0.00402900185	0.0021371513	0.000752022052	0.000592824389	0	78.8	0	0	3
198	104	0.729441431	1.94984018	-0.00150710724	-0.00191107981	-0.00402900185	0.0021371513	0.000741266095	0.000593821464	0	80.1	0	0	3
199	105	0.733971684	1.95968786	-0.00215084366	-0.00189843907	-0.00402900185	0.0021371513	0.000737613054	0.000594797982	0	80.6	0	0	3
200	105	0.738660222	1.96953553	-0.00251971566	-0.00187902831	-0.00402900185	0.0021371513	0.000728579389	0.00059575457	0	81.7	0	0	3
201	106	0.741287125	1.97938321	-0.00257292889	-0.00184256254	-0.00402900185	0.0021371513	0.000717696833	0.000596691833	0	83.1	0	0	3
202	107	0.747568129	1.98923089	-0.00306614283	-0.00183290951	-0.00402900185	0.0021371513	0.000713000962	0.000597604334	0	83.8	0	0	3
203	107	0.75087023	1.99907857	-0.00327983453	-0.00180050779	-0.00402900185	0.0021371513	0.000706540774	0.000598477891	0	84.7	0	0	3
204	108	0.755470033	2.00892625	-0.00374313842	-0.00178570318	-0.00402900185	0.0021371513	0.000689786272	0.00059933432	0	86.8	0	0	3
205	108	0.760404569	2.01877392	-0.00407754853	-0.00180963909	-0.00407754853	0.0021371513	0.000675951316	0.000600174118	0	88.7	0	0	3
206	108	0.765889222	2.0286216	-0.00413969136	-0.00188388957	-0.00413969136	0.0021371513	0.000675951316	0.000601010556	0	88.9	0	0	3
207	109	0.771070566	2.03846928	-0.00422661481	-0.00194728907	-0.00422661481	0.0021371513	0.000675951316	0.00060192169	0	89	0	0	3
208	110	0.776729312	2.04831696	-0.00421583743	-0.00201274699	-0.00422661481	0.0021371513	0.000722725916	0.000602815633	0	83.4	0	0	3
209	110	0.781750802	2.05816463	-0.00396508263	-0.00205434434	-0.00422661481	0.0021371513	0.000764323264	0.000603692867	0	78.9	0	0	3
210	111	0.785577745	2.06801231	-0.00306170552	-0.00207184815	-0.00422661481	0.0021371513	0.00078182707	0.000604553856	0	77.3	0	0	3
211	111	0.788231565	2.07785999	-0.00263748341	-0.00203716877	-0.00422661481	0.0021371513	0.00078182707	0.000605399047	0	77.4	0	0	3
212	112	0.790363383	2.08770767	-0.00215485472	-0.0020399296	-0.00422661481	0.0021371513	0.00078182707	0.000606228871	0	77.5	0	0	3
213	113	0.792421832	2.09755534	-0.00211390531	-0.0020587875	-0.00422661481	0.0021371513	0.00078182707	0.000607043743	0	77.6	0	0	3
214	113	0.795971188	2.10740302	-0.00248379662	-0.00209523724	-0.00422661481	0.0021371513	0.000805216165	0.000607844063	0	75.4	0	0	3
215	114	0.800071066	2.1172507	-0.00250670921	-0.00212322803	-0.00422661481	0.0021371513	0.00083320695	0.000608630219	0	73	0	0	3
216	115	0.801244585	2.12709838	-0.00203583395	-0.00214615251	-0.00422661481	0.0021371513	0.000856131435	0.000609402583	0	71.1	0	0	3
217	115	0.803400178	2.13694606	-0.00134834336	-0.00218187842	-0.00422661481	0.0021371513	0.000891857342	0.000610161514	0	68.4	0	0	3
218	116	0.806782613	2.14679373	-0.000318131753	-0.0022090735	-0.00422661481	0.0021371513	0.000919052421	0.00061090736	0	66.4	0	0	3
219	116	0.809054576	2.15664141	-0.00029893406	-0.00223646518	-0.00422661481	0.0021371513	0.000946444104	0.000611640456	0	64.6	0	0	3
220	117	0.812761862	2.16648909	0.000203295879	-0.00227131483	-0.00422661481	0.00175485316	0.000981293756	0.000612361128	0	62.4	0	0	3
221	117	0.81499585	2.17633677	0.000493346642	-0.00231672726	-0.00422661481	0.00100019479	0.00102670618	0.000613069687	0	59.7	0	0	3
222	118	0.818294441	2.18618444	0.000663455116	-0.00232637817	-0.00422661481	0.000663455116	0.00103635709	0.000613766436	0	59.2	0	0	3
223	118	0.822648889	2.19603212	0.000835243697	-0.00230746376	-0.00422661481	0.000835243697	0.00103635709	0.00061445167	0	59.2	0	0	3
224	119	0.826382473	2.2058798	0.000271962686	-0.00230305783	-0.00422661481	0.000835243697	0.00103635709	0.00061512567	0	59.3	0	0	3
225	119	0.830229651	2.21572748	-0.00012239474	-0.00229950935	-0.00422661481	0.000835243697	0.00103635709	0.00061578871	0	59.4	0	0	3
226	120	0.834292482	2.22557515	-0.000769587545	-0.00229315731	-0.00422661481	0.000835243697	0.00103635709	0.000616441056	0	59.4	0	0	3
227	120	0.837160756	2.23542283	-0.00104314939	-0.00228889839	-0.00422661481	0.000835243697	0.00103635709	0.000617082965	0	59.5	0	0	3
228	121	0.841660052	2.24527051	-0.00148884653	-0.00227287707	-0.00422661481	0.000835243697	0.00103635709	0.000617714685	0	59.6	0	0	3
229	121	0.846067978	2.25511819	-0.00210050772	-0.00225519341	-0.00422661481	0.000835243697	0.00101703402	0.000618336457	0	60.7	0	0	3
230	122	0.850758254	2.26496586	-0.00270970786	-0.00223974831	-0.00422661481	0.000835243697	0.00096766506	0.000618948513	0	63.9	0	0	3
231	122	0.855517726	2.27481354	-0.00297278638	-0.00222317611	-0.00422661481	0.000835243697	0.000915237432	0.00061955108	0	67.6	0	0	3
232	123	0.859895755	2.28466122	-0.00325959154	-0.00221169535	-0.00422661481	0.000835243697	0.000876879216	0.000620144377	0	70.7	0	0	3
233	123	0.864834065	2.2945089	-0.0036455256	-0.00222060103	-0.00422661481	0.000835243697	0.000857988396	0.000620728615	0	72.3	0	0	3
234	124	0.87007183	2.30435658	-0.0037380232	-0.00225530994	-0.00422661481	0.000835243697	0.000852553978	0.000621304002	0	72.8	0	0	3
235	124	0.875210042	2.31420425	-0.00381972641	-0.00230937822	-0.00422661481	0.000835243697	0.00084107221	0.000621870736	0	73.9	0	0	3
236	125	0.880711916	2.32405193	-0.00392077603	-0.00236041987	-0.00422661481	0.000835243697	0.000854732858	0.000622429012	0	72.8	0	0	3
237	125	0.885954832	2.33389961	-0.00371431025	-0.00240642624	-0.00422661481	0.000835243697	0.000854982973	0.000622979017	0	72.8	0	0	3
238	126	0.889938781	2.34374729	-0.00302351023	-0.00241678983	-0.00422661481	0.000835243697	0.000813966896	0.000623520933	0	76.6	0	0	3
239	126	0.893807417	2.35359496	-0.0019534952	-0.00240179739	-0.00422661481	0.000835243697	0.000761568508	0.000624054938	0	81.9	0	0	3
240	127	0.895546924	2.36344264	-0.00217388878	-0.00239793078	-0.00422661481	0.000835243697	0.000675042525	0.000624581205	0	92.5	0	0	3
241	127	0.898713602	2.37329032	-0.00245325304	-0.00236776196	-0.00422661481	0.000835243697	0.000631086658	0.000625099898	0	99	0	0	3
242	128	0.902349747	2.383138	-0.00239418108	-0.00235808258	-0.00422661481	0.000835243697	0.000631086658	0.000625611182	0	99.1	0	0	3
243	129	0.905592851	2.39298567	-0.00234423539	-0.00235274901	-0.00422661481	0.000835243697	0.000631086658	0.000626115214	0	99.2	0	0	3
244	129	0.910107366	2.40283335	-0.00201956849	-0.00235450462	-0.00422661481	0.000835243697	0.000631086658	0.000626612147	0	99.2	0	0	3
245	130	0.91539789	2.41268103	-0.00197061456	-0.00236769523	-0.00422661481	0.000835243697	0.000631086658	0.00062710213	0	99.3	0	0	3
246	130	0.920974035	2.42252871	-0.00150498088	-0.00237115843	-0.00422661481	0.000835243697	0.000631086658	0.000627585307	0	99.4	0	0	3
247	131	0.924978572	2.43237639	-0.000890736051	-0.00235869719	-0.00422661481	0.000835243697	0.000631086658	0.00062806182	0	99.5	0	0	3
248	131	0.930693422	2.44222406	-0.000546368919	-0.00233339039	-0.00422661481	0.000835243697	0.000631086658	0.000628531805	0	99.5	0	0	3
249	132	0.934796465	2.45207174	-0.00113538368	-0.00232717696	-0.00422661481	0.000835243697	0.000631086658	0.000628995396	0	99.6	0	0	3
250	132	0.939515371	2.46191942	-0.00136292499	-0.00230892595	-0.00422661481	0.000835243697	0.000631086658	0.000629452722	0	99.7	0	0	3
251	133	0.944958723	2.4717671	-0.00178285026	-0.00229025441	-0.00422661481	0.000835243697	0.000631086658	0.000629903909	0	99.8	0	0	3
252	133	0.94966479	2.48161477	-0.00218641318	-0.0022843457	-0.00422661481	0.000835243697	0.000631086658	0.000630349081	0	99.8	0	0	3
253	134	0.955565408	2.49146245	-0.00269329879	-0.00227233884	-0.00422661481	0.000835243697	0.000631086658	0.000630788356	0	99.9	0	0	3
254	134	0.959276328	2.50131013	-0.00308758674	-0.00227089199	-0.00422661481	0.000835243697	0.000631086658	0.000631221852	0	100	0	0	3
255	134	0.965446405	2.51115781	-0.00363725159	-0.0022787905	-0.00422661481	0.000835243697	0.000607150746	0.00063164968	0	100	0	0	3
256	135	0.970597808	2.52100548	-0.0040543601	-0.00228007807	-0.00422661481	0.000835243697	0.000532900259	0.000632071953	0	100	0	0	3
257	135	0.976166528	2.53085316	-0.0041701734	-0.00228162877	-0.00422661481	0.000835243697	0.000469500759	0.000632488777	0	100	0	0	3
258	136	0.981612202	2.54070084	-0.00434361686	-0.00228709692	-0.00434361686	0.000835243697	0.000404042839	0.000632982365	0	100	0	0	3
259	136	0.987343904	2.55054852	-0.00433823251	-0.00229109592	-0.00434361686	0.000835243697	0.000379621067	0.000633469666	0	100	0	0	3
260	137	0.99244831	2.5603962	-0.00367437089	-0.00228471183	-0.00434361686	0.000835243697	0.000379621067	0.000633950798	0	100	0	0	3
261	137	0.996669949	2.57024387	-0.00264742831	-0.0022778795	-0.00434361686	0.000835243697	0.000379621067	0.000634425879	0	100	0	0	3
262	138	0.998936358	2.58009155	-0.0023163506	-0.00227376411	-0.00434361686	0.000835243697	0.000376860235	0.000634895021	0	100	0	0	3
263	138	1	2.58993923	-0.00232485907	-0.00227523255	-0.00434361686	0.000835243697	0.00035800233	0.000635358335	0	100	0	0	3
