Iteration	CPUTime	PhysTime	Travels	Value	AvValue	MinValue	MaxValue	Delta	Criteria	PrevAvRefValue	Progress	CriteriaType	CriteriaVarType	CriteriaPercentage
1	3	0.00019322221	0.00984767767	123171.366	123171.366	123171.366	123171.366	0	0	0	0	0	0	3
2	3	0.000380596769	0.0196953553	106170.048	114801.315	106170.048	123171.366	8370.05121	0	0	0	0	0	3
3	3	0.000571449991	0.029543033	105370.821	111651.713	105370.821	123171.366	11519.6534	0	0	0	0	0	3
4	4	0.00076616844	0.0393907107	102581.883	109346.654	102581.883	123171.366	13824.7122	0	0	0	0	0	3
5	4	0.000968963276	0.0492383884	105562.144	108554.592	102581.883	123171.366	14616.7743	0	0	0	0	0	3
6	5	0.00131808996	0.059086066	103789.916	107292.557	102581.883	123171.366	15878.8093	0	0	0	0	0	3
7	5	0.00170667909	0.0689337437	104595.864	106678.554	102581.883	123171.366	16492.8121	0	0	0	0	0	3
8	6	0.00208942805	0.0787814214	103829.337	106156.624	102581.883	123171.366	17014.742	0	0	0	0	0	3
9	6	0.00246700665	0.0886290991	104793.529	105948.001	102581.883	123171.366	17223.3656	0	0	0	0	0	3
10	6	0.00285561827	0.0984767767	103189.907	105572.661	102581.883	123171.366	17598.7055	0	0	0	0	0	3
11	7	0.00348539229	0.108324454	103888.11	105268.28	102581.883	123171.366	17903.0863	0	0	0	0	0	3
12	7	0.00416906263	0.118172132	102674.006	104842.854	102581.883	123171.366	18328.5125	0	0	0	0	0	3
13	7	0.00485602559	0.12801981	101655.626	104391.969	101655.626	123171.366	18779.3972	0	0	0	0	0	3
14	8	0.00551890491	0.137867487	101714.943	104070.43	101655.626	123171.366	19100.9366	0	0	0	0	0	3
15	8	0.00615692175	0.147715165	103083.767	103968.186	101655.626	123171.366	19203.1804	0	0	0	0	0	3
16	9	0.00709733485	0.157562843	102418.933	103762.906	101655.626	123171.366	19408.46	0	0	0	0	0	3
17	9	0.00800229173	0.16741052	101955.778	103558.543	101655.626	123171.366	19612.8231	0	0	0	0	0	3
18	10	0.00897053477	0.177258198	101605.978	103347.791	101605.978	123171.366	19823.5751	0	0	0	0	0	3
19	10	0.00989490948	0.187105876	102198.316	103240.408	101605.978	123171.366	19930.9582	0	0	0	0	0	3
20	11	0.0106114603	0.196953553	101109.12	103096.491	101109.12	123171.366	20074.8758	0	0	0	0	0	3
21	11	0.0117909495	0.206801231	101066.624	102893.436	101066.624	123171.366	20277.9303	0	0	0	0	0	3
22	12	0.0127177908	0.216648909	100675.24	102731.779	100675.24	123171.366	20439.587	0	0	0	0	0	3
23	12	0.0138600273	0.226496586	99104.2446	102432.826	99104.2446	123171.366	20738.5404	0	0	0	0	0	3
24	13	0.0149186673	0.236344264	97627.6064	102091.844	97627.6064	123171.366	21079.5224	0	0	0	0	0	3
25	13	0.015900547	0.246191942	96036.4463	101717.915	96036.4463	123171.366	21453.4512	0	0	0	0	0	3
26	14	0.0176774878	0.25603962	89005.3011	100440.043	89005.3011	123171.366	22731.323	0	0	0	0	0	3
27	15	0.0182764837	0.265887297	102281.439	100500.394	89005.3011	123171.366	22731.323	0	0	0	0	0	3
28	15	0.0189750303	0.275734975	98572.7475	100429.429	89005.3011	123171.366	22741.9372	0	0	0	0	0	3
29	16	0.0199567878	0.285582653	105042.316	100656.356	89005.3011	123171.366	22741.9372	0	0	0	0	0	3
30	16	0.0213879052	0.29543033	94162.1701	100221.814	89005.3011	123171.366	22949.5521	0	0	0	0	0	3
31	17	0.0227496075	0.305278008	104412.451	100472.649	89005.3011	123171.366	22949.5521	0	0	0	0	0	3
32	17	0.0247030351	0.315125686	99251.5861	100376.092	89005.3011	123171.366	22949.5521	0	0	0	0	0	3
33	18	0.0269240731	0.324973363	100235.587	100364.501	89005.3011	123171.366	22949.5521	0	0	0	0	0	3
34	18	0.0284308708	0.334821041	95376.5294	100100.146	89005.3011	123171.366	23071.2207	0	0	0	0	0	3
35	19	0.0307428609	0.344668719	96671.4295	99842.292	89005.3011	123171.366	23329.0743	0	0	0	0	0	3
36	19	0.0328027973	0.354516396	98484.0442	99756.9974	89005.3011	123171.366	23414.369	0	0	0	0	0	3
37	20	0.0350024639	0.364364074	102140.118	99906.7603	89005.3011	123171.366	23414.369	0	0	0	0	0	3
38	20	0.0373997285	0.374211752	104029.801	100171.041	89005.3011	123171.366	23414.369	0	0	0	0	0	3
39	21	0.0397379433	0.384059429	103018.608	100338.594	89005.3011	123171.366	23414.369	0	0	0	0	0	3
40	21	0.0417591339	0.393907107	102821.148	100458.753	89005.3011	123171.366	23414.369	0	0	0	0	0	3
41	21	0.0445205612	0.403754785	103203.934	100629.025	89005.3011	123171.366	23414.369	0	0	0	0	0	3
42	22	0.0470539997	0.413602462	102925.511	100752.67	89005.3011	123171.366	23414.369	0	0	0	0	0	3
43	22	0.0494011457	0.42345014	103439.43	100880.323	89005.3011	123171.366	23414.369	0	0	0	0	0	3
44	23	0.0525113232	0.433297818	104473.36	101093.134	89005.3011	123171.366	23414.369	0	0	0	0	0	3
45	23	0.0553338412	0.443145495	103994.866	101241.148	89005.3011	123171.366	23414.369	0	0	0	0	0	3
46	23	0.0581785113	0.452993173	102392.806	101297.459	89005.3011	123171.366	23414.369	0	0	0	0	0	3
47	24	0.0609373496	0.462840851	102252.399	101340.693	89005.3011	123171.366	23414.369	0	0	0	0	0	3
48	24	0.0638054619	0.472688528	101043.016	101327.312	89005.3011	123171.366	23414.369	0	0	0	0	0	3
49	25	0.066208871	0.482536206	99312.9507	101254.19	89005.3011	123171.366	23414.369	0	0	0	0	0	3
50	25	0.0681340565	0.492383884	97386.8786	101144.916	89005.3011	123171.366	23414.369	0	0	0	0	0	3
51	26	0.0698734821	0.502231561	94078.5684	100969.006	89005.3011	123171.366	23414.369	0	0	0	0	0	3
52	26	0.0707348491	0.512079239	95762.5886	100844.617	89005.3011	106170.048	15044.3178	0	0	0	0	0	3
53	27	0.0716440907	0.521926917	100050.977	100820.489	89005.3011	105562.144	11894.7157	0	0	0	0	0	3
54	28	0.0735262263	0.531774594	96393.1102	100694.365	89005.3011	105562.144	9589.65687	0	0	0	0	0	3
55	28	0.0754504566	0.541622272	99682.2861	100663.367	89005.3011	105562.144	8797.59473	0	0	0	0	0	3
56	29	0.0776748393	0.55146995	100050.583	100632.646	89005.3011	105042.316	7535.55969	0	0	0	0	0	3
57	29	0.0793398044	0.561317627	102744.292	100663.58	89005.3011	105042.316	6921.55689	0	0	0	0	0	3
58	30	0.0812333182	0.571165305	100870.577	100649.294	89005.3011	105042.316	6399.62697	0	0	0	0	0	3
59	30	0.0841171147	0.581012983	103193.767	100723.91	89005.3011	105042.316	6191.0034	0	0	0	0	0	3
60	31	0.085635645	0.59086066	93631.4299	100575.937	89005.3011	105042.316	5815.66355	0	0	0	0	0	3
61	31	0.0877790148	0.600708338	95926.5141	100446.629	89005.3011	105042.316	5511.28273	0	0	0	0	0	3
62	32	0.0905874038	0.610556016	100077.143	100409.833	89005.3011	105042.316	5085.8565	0	0	0	0	0	3
63	32	0.0932021056	0.620403693	101527.111	100425.259	89005.3011	105042.316	4634.97185	0	0	0	0	0	3
64	33	0.0954578203	0.630251371	102069.243	100456.86	89005.3011	105042.316	4313.43241	0	0	0	0	0	3
65	33	0.0980023133	0.640099049	103604.054	100534.431	89005.3011	105042.316	4211.18858	0	0	0	0	0	3
66	33	0.100693908	0.649946726	104613.997	100633.377	89005.3011	105042.316	4005.90903	0	0	0	0	0	3
67	34	0.102884199	0.659794404	104184.051	100697.038	89005.3011	105042.316	3801.54589	0	0	0	0	0	3
68	34	0.105255243	0.669642082	104683.632	100782.519	89005.3011	105042.316	3590.7939	0	0	0	0	0	3
69	34	0.107890554	0.679489759	103741.428	100853.286	89005.3011	105042.316	3483.41082	0	0	0	0	0	3
70	35	0.110777893	0.689337437	102297.23	100882.289	89005.3011	105042.316	3339.4932	0	0	0	0	0	3
71	35	0.11338448	0.699185115	101957.464	100907.976	89005.3011	105042.316	3136.43869	0	0	0	0	0	3
72	36	0.116195548	0.709032792	101401.817	100919.481	89005.3011	105042.316	2974.78204	0	0	0	0	0	3
73	36	0.118856973	0.71888047	99425.4333	100884.15	89005.3011	105042.316	2675.82862	0	0	0	0	0	3
74	37	0.120794519	0.728728148	95833.0542	100811.642	89005.3011	105042.316	2334.84658	0	0	0	0	0	3
75	38	0.122171532	0.738575825	96259.0472	100784.619	89005.3011	105042.316	1960.91781	0	0	0	0	0	3
76	38	0.123025204	0.748423503	98274.5911	100808.138	89005.3011	105042.316	1583.69531	0	0	0	0	0	3
77	39	0.12417531	0.758271181	100084.394	100997.255	93631.4299	105042.316	1583.69531	0	0	0	0	0	3
78	39	0.126055065	0.768118859	95148.1023	100888.103	93631.4299	105042.316	1583.69531	0	0	0	0	0	3
79	40	0.127315179	0.777966536	99520.8778	100887.13	93631.4299	105042.316	1583.69531	0	0	0	0	0	3
80	40	0.129069511	0.787814214	96992.3643	100787.122	93631.4299	104683.632	1583.69531	0	0	0	0	0	3
81	41	0.131497803	0.797661892	100301.505	100862.518	93631.4299	104683.632	1583.69531	0	0	0	0	0	3
82	42	0.132778406	0.807509569	94527.1672	100744.849	93631.4299	104683.632	1583.69531	0	0	0	0	0	3
83	42	0.134224636	0.817357247	95182.7264	100698.035	93631.4299	104683.632	1583.69531	0	0	0	0	0	3
84	42	0.136957767	0.827204925	95916.6212	100588.604	93631.4299	104683.632	1583.69531	0	0	0	0	0	3
85	43	0.138829179	0.837052602	96963.5019	100598.292	93631.4299	104683.632	1583.69531	0	0	0	0	0	3
86	43	0.141451474	0.84690028	100857.866	100686.447	93631.4299	104683.632	1583.69531	0	0	0	0	0	3
87	44	0.143418969	0.856747958	102399.393	100757.928	93631.4299	104683.632	1433.93242	0	0	0	0	0	3
88	44	0.146195981	0.866595635	104450.02	100822.794	93631.4299	104683.632	1169.65189	0	0	0	0	0	3
89	45	0.148172678	0.876443313	104159.487	100812.932	93631.4299	104683.632	1002.09861	0	0	0	0	0	3
90	45	0.150506191	0.886290991	104595.708	100846.063	93631.4299	104683.632	930.859566	0	0	0	0	0	3
91	45	0.153214303	0.896138668	105573.74	100925.117	93631.4299	105573.74	930.859566	0	0	0	0	0	3
92	46	0.155204028	0.905986346	104907.853	100939.86	93631.4299	105573.74	930.859566	0	0	0	0	0	3
93	46	0.157485753	0.915834024	104436.407	100966.552	93631.4299	105573.74	930.859566	0	0	0	0	0	3
94	47	0.160152923	0.925681701	103706.316	100980.125	93631.4299	105573.74	930.859566	0	0	0	0	0	3
95	47	0.163032201	0.935529379	102233.9	100914.485	93631.4299	105573.74	930.859566	0	0	0	0	0	3
96	48	0.165721048	0.945377057	102014.405	100862.514	93631.4299	105573.74	930.859566	0	0	0	0	0	3
97	48	0.16830073	0.955224734	101694.04	100842.462	93631.4299	105573.74	930.859566	0	0	0	0	0	3
98	49	0.169993933	0.965072412	100816.252	100806.388	93631.4299	105573.74	917.478726	0	0	0	0	0	3
99	49	0.172183414	0.97492009	97910.3965	100741.62	93631.4299	105573.74	844.356594	0	0	0	0	0	3
100	50	0.174081704	0.984767767	96439.9457	100697.752	93631.4299	105573.74	735.082441	0	0	0	0	0	3
101	51	0.175057252	0.994615445	92293.8087	100680.69	92293.8087	105573.74	587.421813	0	0	0	0	0	3
102	51	0.175892311	1.00446312	101277.53	100793.71	92293.8087	105573.74	587.421813	1813.84646	0	0	0	0	3
103	52	0.177402566	1.0143108	98807.5359	100806.216	92293.8087	105573.74	587.421813	1813.84646	0	0	0	0	3
104	52	0.179159994	1.02415848	96148.0461	100736.462	92293.8087	105573.74	587.421813	1813.84646	0	0	0	0	3
105	53	0.181099575	1.03400616	99351.6273	100787.485	92293.8087	105573.74	587.421813	1813.84646	0	0	0	0	3
106	54	0.183498608	1.04385383	100349.633	100797.446	92293.8087	105573.74	587.421813	1813.84646	0	0	0	0	3
107	54	0.185949981	1.05370151	98725.8509	100765.888	92293.8087	105573.74	587.421813	1813.84646	0	0	0	0	3
108	55	0.188022137	1.06354919	97496.4119	100673.243	92293.8087	105573.74	587.421813	1813.84646	0	0	0	0	3
109	55	0.190417793	1.07339687	96398.6194	100576.03	92293.8087	105573.74	587.421813	1813.84646	0	0	0	0	3
110	56	0.192591432	1.08324454	97845.0161	100451.713	92293.8087	105573.74	587.421813	1813.84646	0	0	0	0	3
111	56	0.194894352	1.09309222	101792.696	100574.769	92293.8087	105573.74	587.421813	1813.84646	0	0	0	0	3
112	57	0.197778485	1.1029399	102950.057	100727.621	92293.8087	105573.74	587.421813	1813.84646	0	0	0	0	3
113	57	0.200750216	1.11278758	102997.79	100805.443	92293.8087	105573.74	571.996075	1813.84646	0	0	0	0	3
114	57	0.203041603	1.12263525	104243.217	100859.98	92293.8087	105573.74	545.542246	1813.84646	0	0	0	0	3
115	58	0.205081565	1.13248293	105528.729	100921.977	92293.8087	105573.74	545.542246	1813.84646	0	0	0	0	3
116	58	0.207110793	1.14233061	105304.945	100940.944	92293.8087	105573.74	545.542246	1813.84646	0	0	0	0	3
117	59	0.209337991	1.15217829	105332.964	100939.983	92293.8087	105573.74	545.542246	1813.84646	0	0	0	0	3
118	59	0.211935413	1.16202597	104399.418	100957.224	92293.8087	105573.74	545.542246	1813.84646	0	0	0	0	3
119	60	0.21458211	1.17187364	102693.849	100918.449	92293.8087	105573.74	545.542246	1813.84646	0	0	0	0	3
120	60	0.217281397	1.18172132	102068.91	100878.829	92293.8087	105573.74	545.542246	1813.84646	0	0	0	0	3
121	60	0.220230227	1.191569	101386.537	100855.09	92293.8087	105573.74	545.542246	1813.84646	0	0	0	0	3
122	61	0.222908991	1.20141668	100561.369	100821.671	92293.8087	105573.74	545.542246	1813.84646	0	0	0	0	3
123	62	0.224822851	1.21126435	96729.6189	100734.562	92293.8087	105573.74	545.542246	1813.84646	0	0	0	0	3
124	62	0.226401367	1.22111203	97092.9675	100713.508	92293.8087	105573.74	545.542246	1813.84646	0	0	0	0	3
125	63	0.227466443	1.23095971	93051.8563	100725.657	92293.8087	105573.74	545.542246	1813.84646	0	0	0	0	3
126	63	0.228388625	1.24080739	98078.2194	100760.577	92293.8087	105573.74	545.542246	1813.84646	0	0	0	0	3
127	64	0.230007431	1.25065506	103886.463	100827.714	92293.8087	105573.74	545.542246	1813.84646	0	0	0	0	3
128	64	0.231825279	1.26050274	93902.1552	100718.706	92293.8087	105573.74	528.412132	1813.84646	0	0	0	0	3
129	65	0.233223799	1.27035042	101394.437	100825.233	92293.8087	105573.74	528.412132	1813.84646	0	0	0	0	3
130	66	0.235612492	1.2801981	100799.363	100839.839	92293.8087	105573.74	528.412132	1813.84646	0	0	0	0	3
131	66	0.237386818	1.29004578	98531.1488	100864.336	92293.8087	105573.74	528.412132	1813.84646	0	0	0	0	3
132	67	0.239629339	1.29989345	105767.674	100978.665	92293.8087	105767.674	528.412132	1813.84646	0	0	0	0	3
133	67	0.241513281	1.30974113	94565.0952	100943.524	92293.8087	105767.674	528.412132	1813.84646	0	0	0	0	3
134	68	0.243955194	1.31958881	94296.1411	100871.522	92293.8087	105767.674	528.412132	1813.84646	0	0	0	0	3
135	68	0.246049646	1.32943649	100067.159	100980.216	92293.8087	105767.674	528.503454	1813.84646	0	0	0	0	3
136	69	0.247262028	1.33928416	104787.386	101092.107	92293.8087	105767.674	640.394583	1813.84646	0	0	0	0	3
137	69	0.249055452	1.34913184	102850.563	101127.124	92293.8087	105767.674	675.411001	1813.84646	0	0	0	0	3
138	70	0.25112115	1.35897952	103556.338	101150.474	92293.8087	105767.674	698.760947	1813.84646	0	0	0	0	3
139	70	0.253553013	1.3688272	103024.621	101107.577	92293.8087	105767.674	698.760947	1813.84646	0	0	0	0	3
140	71	0.256082073	1.37867487	104165.92	101123.35	92293.8087	105767.674	698.760947	1813.84646	0	0	0	0	3
141	71	0.25888187	1.38852255	104503	101135.895	92293.8087	105767.674	698.760947	1813.84646	0	0	0	0	3
142	71	0.261223609	1.39837023	104016.359	101087.076	92293.8087	105767.674	698.760947	1813.84646	0	0	0	0	3
143	72	0.263606302	1.40821791	103456.456	101069.025	92293.8087	105767.674	698.760947	1813.84646	0	0	0	0	3
144	72	0.266083123	1.41806558	102363.845	101027.805	92293.8087	105767.674	698.760947	1813.84646	0	0	0	0	3
145	73	0.268691541	1.42791326	101542.076	100974.343	92293.8087	105767.674	698.760947	1813.84646	0	0	0	0	3
146	73	0.271397333	1.43776094	102063.128	100968.063	92293.8087	105767.674	698.760947	1813.84646	0	0	0	0	3
147	74	0.27382	1.44760862	101082.356	100944.598	92293.8087	105767.674	698.760947	1813.84646	0	0	0	0	3
148	74	0.276338061	1.4574563	98286.1208	100864.741	92293.8087	105767.674	698.760947	1813.84646	0	0	0	0	3
149	75	0.278454248	1.46730397	94515.362	100741.614	92293.8087	105767.674	698.760947	1813.84646	0	0	0	0	3
150	75	0.279544071	1.47715165	97723.2694	100768.714	92293.8087	105767.674	698.760947	1813.84646	0	0	0	0	3
151	76	0.28043185	1.48699933	98973.0016	100830.99	92293.8087	105767.674	698.760947	1813.84646	0	0	0	0	3
152	76	0.281990103	1.49684701	100033.568	100897.254	93051.8563	105767.674	698.760947	1813.84646	0	0	0	0	3
153	77	0.28373527	1.50669468	99641.3251	100873.985	93051.8563	105767.674	698.760947	1813.84646	0	0	0	0	3
154	78	0.285571933	1.51654236	100334.787	100893.682	93051.8563	105767.674	698.760947	1813.84646	0	0	0	0	3
155	78	0.287991836	1.52639004	100367.564	100958.616	93051.8563	105767.674	698.760947	1813.84646	0	0	0	0	3
156	79	0.2901837	1.53623772	98718.5587	100942.179	93051.8563	105767.674	698.760947	1813.84646	0	0	0	0	3
157	79	0.292611272	1.54608539	106667.811	101082.593	93051.8563	106667.811	698.760947	1813.84646	0	0	0	0	3
158	80	0.293931398	1.55593307	92122.8319	101026.558	92122.8319	106667.811	698.760947	1813.84646	0	0	0	0	3
159	80	0.295563343	1.56578075	95147.5077	101005.364	92122.8319	106667.811	698.760947	1813.84646	0	0	0	0	3
160	81	0.297992554	1.57562843	98546.8179	101052.436	92122.8319	106667.811	698.760947	1813.84646	0	0	0	0	3
161	81	0.299705616	1.58547611	97712.3606	101064.106	92122.8319	106667.811	575.70455	1813.84646	0	0	0	0	3
162	82	0.302396282	1.59532378	101393.805	101056.75	92122.8319	106667.811	436.965159	1813.84646	0	0	0	0	3
163	82	0.304118064	1.60517146	102293.039	101025.418	92122.8319	106667.811	436.965159	1813.84646	0	0	0	0	3
164	83	0.306889191	1.61501914	103905.784	101045.396	92122.8319	106667.811	436.965159	1813.84646	0	0	0	0	3
165	83	0.309035835	1.62486682	105386.29	101064.179	92122.8319	106667.811	436.965159	1813.84646	0	0	0	0	3
166	84	0.311446872	1.63471449	104183.825	101049.269	92122.8319	106667.811	436.965159	1813.84646	0	0	0	0	3
167	84	0.313831303	1.64456217	103624.497	101025.888	92122.8319	106667.811	436.965159	1813.84646	0	0	0	0	3
168	84	0.316384394	1.65440985	103537.425	100996.176	92122.8319	106667.811	436.965159	1813.84646	0	0	0	0	3
169	85	0.318926312	1.66425753	102373.644	100946.281	92122.8319	106667.811	436.965159	1813.84646	0	0	0	0	3
170	85	0.321580295	1.6741052	101439.892	100915.297	92122.8319	106667.811	436.965159	1813.84646	0	0	0	0	3
171	86	0.324420769	1.68395288	101858.048	100911.227	92122.8319	106667.811	436.965159	1813.84646	0	0	0	0	3
172	86	0.327130087	1.69380056	100495.377	100887.576	92122.8319	106667.811	436.965159	1813.84646	0	0	0	0	3
173	87	0.329419507	1.70364824	97500.3098	100822.972	92122.8319	106667.811	436.965159	1813.84646	0	0	0	0	3
174	87	0.331166089	1.71349592	96034.4012	100817.993	92122.8319	106667.811	436.965159	1813.84646	0	0	0	0	3
175	88	0.332177837	1.72334359	94967.4946	100817.622	92122.8319	106667.811	431.767973	1813.84646	0	0	0	0	3
176	88	0.333031375	1.73319127	99575.5472	100885.93	92122.8319	106667.811	431.767973	1813.84646	0	0	0	0	3
177	89	0.334522144	1.74303895	102072.144	100926.988	92122.8319	106667.811	431.767973	1813.84646	0	0	0	0	3
178	90	0.336377661	1.75288663	90155.1528	100694.045	90155.1528	106667.811	456.428284	1813.84646	0	0	0	0	3
179	90	0.337585248	1.7627343	102718.736	100833.906	90155.1528	106667.811	456.428284	1813.84646	0	0	0	0	3
180	91	0.339140657	1.77258198	99348.9868	100804.698	90155.1528	106667.811	456.428284	1813.84646	0	0	0	0	3
181	91	0.341223704	1.78242966	97431.4829	100738.286	90155.1528	106667.811	456.428284	1813.84646	0	0	0	0	3
182	92	0.342970047	1.79227734	100166.215	100765.915	90155.1528	106667.811	456.428284	1813.84646	0	0	0	0	3
183	92	0.34525277	1.80212501	99476.5773	100631.856	90155.1528	106667.811	518.617251	1813.84646	0	0	0	0	3
184	93	0.347284132	1.81197269	96551.4247	100661.549	90155.1528	106667.811	518.617251	1813.84646	0	0	0	0	3
185	93	0.34956046	1.82182037	98215.0336	100756.002	90155.1528	106667.811	518.617251	1813.84646	0	0	0	0	3
186	94	0.351438356	1.83166805	100410.121	100763.528	90155.1528	106667.811	518.617251	1813.84646	0	0	0	0	3
187	94	0.353451405	1.84151572	103639.894	100772.115	90155.1528	106667.811	518.617251	1813.84646	0	0	0	0	3
188	95	0.355564544	1.8513634	101867.798	100758.856	90155.1528	106667.811	518.617251	1813.84646	0	0	0	0	3
189	95	0.357115787	1.86121108	102309.008	100727.023	90155.1528	106667.811	504.038543	1813.84646	0	0	0	0	3
190	95	0.359187127	1.87105876	103533.797	100729.166	90155.1528	106667.811	504.038543	1813.84646	0	0	0	0	3
191	96	0.361738049	1.88090644	104596.184	100740.265	90155.1528	106667.811	504.038543	1813.84646	0	0	0	0	3
192	96	0.363943476	1.89075411	105178.527	100733.158	90155.1528	106667.811	455.219698	1813.84646	0	0	0	0	3
193	97	0.366311819	1.90060179	104916.019	100754.265	90155.1528	106667.811	450.736863	1813.84646	0	0	0	0	3
194	97	0.368901114	1.91044947	104047.971	100774.113	90155.1528	106667.811	450.736863	1813.84646	0	0	0	0	3
195	98	0.371593204	1.92029715	102656.445	100784.822	90155.1528	106667.811	450.736863	1813.84646	0	0	0	0	3
196	98	0.374265292	1.93014482	102189.703	100801.67	90155.1528	106667.811	450.736863	1813.84646	0	0	0	0	3
197	98	0.377045617	1.9399925	101805.381	100795.777	90155.1528	106667.811	450.736863	1813.84646	0	0	0	0	3
198	99	0.379400536	1.94984018	100373.38	100779.78	90155.1528	106667.811	450.736863	1813.84646	0	0	0	0	3
199	99	0.381448586	1.95968786	97840.0087	100782.238	90155.1528	106667.811	450.736863	1813.84646	0	0	0	0	3
200	100	0.383609986	1.96953553	96908.4939	100828.733	90155.1528	106667.811	450.736863	1813.84646	0	0	0	0	3
201	101	0.384620667	1.97938321	92572.9727	100781.533	90155.1528	106667.811	450.736863	1813.84646	0	0	0	0	3
202	102	0.385426021	1.98923089	98866.2384	100782.134	90155.1528	106667.811	450.736863	1813.84646	0	0	0	0	3
203	102	0.38689717	1.99907857	95854.5452	100724.152	90155.1528	106667.811	450.736863	1813.84646	0	0	0	0	3
204	103	0.388781504	2.00892625	95121.8143	100641.646	90155.1528	106667.811	450.736863	1813.84646	0	0	0	0	3
205	103	0.390844916	2.01877392	98987.8685	100614.584	90155.1528	106667.811	468.008768	1813.84646	0	0	0	0	3
206	104	0.391943232	2.0286216	94912.7407	100560.091	90155.1528	106667.811	522.502169	1813.84646	0	0	0	0	3
207	104	0.392696549	2.03846928	99130.2692	100588.958	90155.1528	106667.811	522.502169	1813.84646	0	0	0	0	3
208	105	0.394158256	2.04831696	100776.117	100446.332	90155.1528	105386.29	617.847208	1813.84646	0	0	0	0	3
209	105	0.395718397	2.05816463	100095.057	100548.899	90155.1528	105386.29	617.847208	1813.84646	0	0	0	0	3
210	106	0.397917154	2.06801231	96336.3552	100544.527	90155.1528	105386.29	617.847208	1813.84646	0	0	0	0	3
211	106	0.39957096	2.07785999	100523.344	100591.956	90155.1528	105386.29	617.847208	1813.84646	0	0	0	0	3
212	107	0.402101806	2.08770767	100709.897	100643.046	90155.1528	105386.29	617.847208	1813.84646	0	0	0	0	3
213	107	0.403723598	2.09755534	101555.974	100637.722	90155.1528	105386.29	617.847208	1813.84646	0	0	0	0	3
214	108	0.405679654	2.10740302	103399.631	100662.853	90155.1528	105386.29	617.847208	1813.84646	0	0	0	0	3
215	108	0.407667029	2.1172507	103475.439	100629.146	90155.1528	105386.29	617.847208	1813.84646	0	0	0	0	3
216	108	0.410216255	2.12709838	102552.448	100576.676	90155.1528	105178.527	602.936964	1813.84646	0	0	0	0	3
217	109	0.412969726	2.13694606	104333.59	100592.905	90155.1528	105178.527	579.555452	1813.84646	0	0	0	0	3
218	109	0.415441052	2.14679373	104093.87	100606.913	90155.1528	105178.527	549.843795	1813.84646	0	0	0	0	3
219	110	0.418455224	2.15664141	104695.023	100654.335	90155.1528	105178.527	499.949427	1813.84646	0	0	0	0	3
220	110	0.421022905	2.16648909	104055.803	100697.075	90155.1528	105178.527	480.655712	1813.84646	0	0	0	0	3
221	110	0.423435162	2.17633677	102645.663	100723.868	90155.1528	105178.527	480.655712	1813.84646	0	0	0	0	3
222	111	0.426085407	2.18618444	101494.878	100712.279	90155.1528	105178.527	480.655712	1813.84646	0	0	0	0	3
223	111	0.428773954	2.19603212	101971.208	100751.36	90155.1528	105178.527	480.655712	1813.84646	0	0	0	0	3
224	112	0.431103842	2.2058798	100893.594	100827.816	90155.1528	105178.527	480.655712	1813.84646	0	0	0	0	3
225	112	0.433292201	2.21572748	98627.2376	100862.64	90155.1528	105178.527	480.655712	1813.84646	0	0	0	0	3
226	113	0.435566011	2.22557515	95926.0655	100811.76	90155.1528	105178.527	480.655712	1813.84646	0	0	0	0	3
227	113	0.436661735	2.23542283	96107.8224	100772.205	90155.1528	105178.527	480.655712	1813.84646	0	0	0	0	3
228	114	0.437611043	2.24527051	102635.244	100770.563	90155.1528	105178.527	416.308113	1813.84646	0	0	0	0	3
229	115	0.439397505	2.25511819	100178.83	100951.498	92572.9727	105178.527	505.166407	1813.84646	0	0	0	0	3
230	115	0.441169475	2.26496586	98954.9349	100896.742	92572.9727	105178.527	505.166407	1813.84646	0	0	0	0	3
231	116	0.443119956	2.27481354	99869.7768	100900.63	92572.9727	105178.527	505.166407	1813.84646	0	0	0	0	3
232	116	0.445470658	2.28466122	99779.6735	100944.673	92572.9727	105178.527	505.166407	1813.84646	0	0	0	0	3
233	117	0.447894255	2.2945089	100677.714	100951.463	92572.9727	105178.527	505.166407	1813.84646	0	0	0	0	3
234	117	0.450501639	2.30435658	98976.8774	100934.534	92572.9727	105178.527	505.166407	1813.84646	0	0	0	0	3
235	118	0.453138227	2.31420425	97526.0514	100933.75	92572.9727	105178.527	505.166407	1813.84646	0	0	0	0	3
236	118	0.454618802	2.32405193	99963.6519	100978.985	92572.9727	105178.527	532.65323	1813.84646	0	0	0	0	3
237	119	0.456789403	2.33389961	101506.055	100999.985	92572.9727	105178.527	553.652797	1813.84646	0	0	0	0	3
238	119	0.459040418	2.34374729	102796.285	100987.95	92572.9727	105178.527	553.652797	1813.84646	0	0	0	0	3
239	120	0.461893828	2.35359496	102365.188	101007.423	92572.9727	105178.527	561.091092	1813.84646	0	0	0	0	3
240	120	0.463598454	2.36344264	103508.373	101028.498	92572.9727	105178.527	582.165968	1813.84646	0	0	0	0	3
241	121	0.466107247	2.37329032	104628.714	101064.44	92572.9727	105178.527	618.107466	1813.84646	0	0	0	0	3
242	121	0.468366083	2.383138	104512.853	101053	92572.9727	105178.527	618.107466	1813.84646	0	0	0	0	3
243	122	0.471199739	2.39298567	104054.22	101047.46	92572.9727	104916.019	618.107466	1813.84646	0	0	0	0	3
244	122	0.473974346	2.40283335	103550.332	101026.863	92572.9727	104695.023	618.107466	1813.84646	0	0	0	0	3
245	122	0.476722136	2.41268103	102073.388	100980.982	92572.9727	104695.023	618.107466	1813.84646	0	0	0	0	3
246	123	0.479335019	2.42252871	101864.032	100960.533	92572.9727	104695.023	618.107466	1813.84646	0	0	0	0	3
247	123	0.482245556	2.43237639	101220.144	100937.114	92572.9727	104695.023	618.107466	1813.84646	0	0	0	0	3
248	124	0.484935567	2.44222406	100287.094	100898.532	92572.9727	104695.023	618.107466	1813.84646	0	0	0	0	3
249	125	0.486758579	2.45207174	96299.5694	100831.958	92572.9727	104695.023	618.107466	1813.84646	0	0	0	0	3
250	125	0.488564813	2.46191942	96279.53	100812.398	92572.9727	104695.023	618.107466	1813.84646	0	0	0	0	3
251	126	0.489534407	2.4717671	94983.5331	100838.703	92572.9727	104695.023	618.107466	1813.84646	0	0	0	0	3
252	126	0.490399696	2.48161477	102419.03	100930.606	94912.7407	104695.023	618.107466	1813.84646	0	0	0	0	3
253	127	0.491986015	2.49146245	98257.5154	100906.415	94912.7407	104695.023	618.107466	1813.84646	0	0	0	0	3
254	127	0.493959676	2.50131013	97873.2948	100919.918	94912.7407	104695.023	618.107466	1813.84646	0	0	0	0	3
255	128	0.495823564	2.51115781	97311.1765	100959.148	94912.7407	104695.023	618.107466	1813.84646	0	0	0	0	3
256	128	0.497857407	2.52100548	98702.6879	100954.273	94912.7407	104695.023	618.107466	1813.84646	0	0	0	0	3
257	129	0.500045534	2.53085316	95553.2715	100906.332	94983.5331	104695.023	618.107466	1813.84646	0	0	0	0	3
258	130	0.502642165	2.54070084	118537.457	101334.903	94983.5331	118537.457	888.570432	1813.84646	0	0	0	0	3
259	130	0.503062412	2.55054852	10928.8831	100993.537	10928.8831	118537.457	790.375922	1813.84646	0	0	0	0	3
260	131	0.503835258	2.5603962	103362.57	101023.437	10928.8831	118537.457	790.375922	1852.82102	0	0	0	0	3
261	131	0.505045828	2.57024387	87298.356	100964.541	10928.8831	118537.457	758.226404	1915.2596	0	0	0	0	3
262	131	0.506886844	2.58009155	100238.822	100958.891	10928.8831	118537.457	758.226404	1976.91771	0	0	0	0	3
263	132	0.508292774	2.58993923	94640.4691	100881.171	10928.8831	118537.457	758.226404	2037.80987	0	0	0	0	3
264	132	0.510236077	2.59978691	101464.462	100881.539	10928.8831	118537.457	758.226404	2097.95028	0	0	0	0	3
265	133	0.512334241	2.60963458	103208.006	100881.124	10928.8831	118537.457	758.226404	2157.35277	0	0	0	0	3
266	133	0.514315389	2.61948226	102621.481	100865.109	10928.8831	118537.457	758.226404	2216.03084	0	0	0	0	3
267	134	0.516549813	2.62932994	104096.59	100892.561	10928.8831	118537.457	741.997692	2273.99766	0	0	0	0	3
268	134	0.519050646	2.63917762	104731.528	100893.747	10928.8831	118537.457	727.989166	2331.26609	0	0	0	0	3
269	134	0.521182082	2.64902529	104843.003	100898.562	10928.8831	118537.457	680.567176	2387.84866	0	0	0	0	3
270	135	0.523971209	2.65887297	105038.96	100899.556	10928.8831	118537.457	637.827834	2443.75764	0	0	0	0	3
271	135	0.526800959	2.66872065	104055.624	100907.371	10928.8831	118537.457	622.623599	2499.00497	0	0	0	0	3
272	136	0.529741227	2.67856833	102310.071	100906.723	10928.8831	118537.457	622.623599	2553.60233	0	0	0	0	3
273	136	0.53247374	2.688416	101574.3	100909.217	10928.8831	118537.457	583.542589	2607.56112	0	0	0	0	3
274	137	0.535420882	2.69826368	101404.886	100896.142	10928.8831	118537.457	564.339708	2660.89249	0	0	0	0	3
275	137	0.538124565	2.70811136	99225.8633	100854.001	10928.8831	118537.457	564.339708	2713.60731	0	0	0	0	3
276	138	0.540099039	2.71795904	95456.9093	100799.853	10928.8831	118537.457	564.339708	2765.71621	0	0	0	0	3
277	138	0.541386744	2.72780672	94487.1173	100827.759	10928.8831	118537.457	564.339708	2817.22958	0	0	0	0	3
278	139	0.542463582	2.73765439	98596.9183	100853.936	10928.8831	118537.457	564.339708	2868.15757	0	0	0	0	3
279	139	0.543973034	2.74750207	93284.5594	100730.615	10928.8831	118537.457	604.287426	2918.51011	0	0	0	0	3
280	140	0.545582805	2.75734975	94348.6504	100643.148	10928.8831	118537.457	691.754895	2968.29689	0	0	0	0	3
281	141	0.547481462	2.76719743	99094.877	100643.635	10928.8831	118537.457	691.754895	3017.52738	0	0	0	0	3
282	141	0.549481565	2.7770451	100115.15	100647.888	10928.8831	118537.457	691.754895	3066.21088	0	0	0	0	3
283	142	0.551722835	2.78689278	97263.5388	100595.707	10928.8831	118537.457	739.195107	3114.35643	0	0	0	0	3
284	142	0.55420967	2.79674046	98736.8627	100550.358	10928.8831	118537.457	784.544986	3161.97292	0	0	0	0	3
285	143	0.557002047	2.80658814	98225.9234	100527.935	10928.8831	118537.457	806.967705	3209.069	0	0	0	0	3
286	143	0.558585149	2.81643581	100888.275	100608.404	10928.8831	118537.457	806.967705	3255.65317	0	0	0	0	3
287	144	0.560880778	2.82628349	101404.266	100634.58	10928.8831	118537.457	806.967705	3301.73373	0	0	0	0	3
288	144	0.563819255	2.83613117	104030.555	100710.142	10928.8831	118537.457	806.967705	3347.31879	0	0	0	0	3
289	145	0.566151454	2.84597885	102850.561	100712.905	10928.8831	118537.457	806.967705	3392.41632	0	0	0	0	3
290	145	0.568309094	2.85582653	103525.473	100725.628	10928.8831	118537.457	806.967705	3437.03409	0	0	0	0	3
291	145	0.571165915	2.8656742	105304.307	100803.132	10928.8831	118537.457	806.967705	3481.17971	0	0	0	0	3
292	146	0.57361953	2.87552188	105546.671	100822.118	10928.8831	118537.457	806.967705	3524.86064	0	0	0	0	3
293	146	0.576062701	2.88536956	104562.619	100829.564	10928.8831	118537.457	806.967705	3568.08417	0	0	0	0	3
294	147	0.578774544	2.89521724	103693.889	100816.829	10928.8831	118537.457	806.967705	3610.85746	0	0	0	0	3
295	147	0.581498804	2.90506491	102441.282	100787.45	10928.8831	118537.457	806.967705	3653.18751	0	0	0	0	3
296	148	0.584186558	2.91491259	102033.924	100785.745	10928.8831	118537.457	806.967705	3695.08116	0	0	0	0	3
297	148	0.587044819	2.92476027	101112.824	100768.266	10928.8831	118537.457	806.967705	3736.54514	0	0	0	0	3
298	149	0.58881764	2.93460795	100970.458	100759.289	10928.8831	118537.457	806.967705	3777.58601	0	0	0	0	3
299	149	0.591315176	2.94445562	97678.7186	100698.905	10928.8831	118537.457	806.967705	3818.21023	0	0	0	0	3
300	150	0.592803136	2.9543033	95447.8423	100700.854	10928.8831	118537.457	806.967705	3858.42409	0	0	0	0	3
301	151	0.593799147	2.96415098	97848.3191	100749.743	10928.8831	118537.457	806.967705	3898.2338	0	0	0	0	3
302	151	0.594781032	2.97399866	94067.8865	100740.527	10928.8831	118537.457	806.967705	3937.64542	0	0	0	0	3
303	152	0.596223257	2.98384633	95284.7115	100652.447	10928.8831	118537.457	806.967705	3976.66487	0	0	0	0	3
304	153	0.597939693	2.99369401	95533.4339	100605.376	10928.8831	118537.457	806.967705	4015.298	0	0	0	0	3
305	153	0.599776355	3.00354169	102028.508	100681.036	10928.8831	118537.457	806.967705	4053.5505	0	0	0	0	3
306	154	0.600551457	3.01338937	94715.1384	100696.856	10928.8831	118537.457	806.967705	4091.42798	0	0	0	0	3
307	154	0.60121197	3.02323705	99663.938	100729.497	10928.8831	118537.457	806.967705	4128.93592	0	0	0	0	3
308	154	0.602796935	3.03308472	103839.588	100887.7	10928.8831	118537.457	806.967705	4166.07971	0	0	0	0	3
309	155	0.604016209	3.0429324	94599.1917	100359.978	10928.8831	105546.671	663.458865	4202.86462	0	0	0	0	3
310	155	0.605382396	3.05278008	99998.3364	100722.459	87298.356	105546.671	663.458865	4239.29583	0	0	0	0	3
311	156	0.607141757	3.06262776	93717.2731	100583.407	87298.356	105546.671	604.563124	4275.37842	0	0	0	0	3
312	156	0.608491625	3.07247543	98509.3006	100711.809	93284.5594	105546.671	598.912475	4311.11736	0	0	0	0	3
313	157	0.610199198	3.08232311	98243.783	100679.446	93284.5594	105546.671	549.239162	4346.51755	0	0	0	0	3
314	157	0.611634356	3.09217079	101180.221	100768.559	93284.5594	105546.671	549.239162	4381.58377	0	0	0	0	3
315	158	0.613769518	3.10201847	103148.365	100804.575	93284.5594	105546.671	549.239162	4416.32073	0	0	0	0	3
316	158	0.615225653	3.11186614	106539.808	100836.73	93284.5594	106539.808	549.239162	4450.73304	0	0	0	0	3
317	159	0.617248015	3.12171382	102239.266	100829.935	93284.5594	106539.808	549.239162	4484.82524	0	0	0	0	3
318	159	0.619360748	3.1315615	102954.143	100802.592	93284.5594	106539.808	549.239162	4518.60177	0	0	0	0	3
319	160	0.621584684	3.14140918	103306.193	100761.067	93284.5594	106539.808	549.239162	4552.067	0	0	0	0	3
320	160	0.624092621	3.15125686	103434.932	100741.686	93284.5594	106539.808	549.239162	4585.22521	0	0	0	0	3
321	161	0.625771231	3.16110453	103161.793	100663.854	93284.5594	106539.808	549.239162	4618.0806	0	0	0	0	3
322	161	0.628852584	3.17095221	104237.947	100677.722	93284.5594	106539.808	549.239162	4650.63731	0	0	0	0	3
323	161	0.631576725	3.18079989	103635.529	100709.714	93284.5594	106539.808	549.239162	4682.89939	0	0	0	0	3
324	162	0.634675632	3.19064757	102282.719	100734.294	93284.5594	106539.808	536.164194	4714.87081	0	0	0	0	3
325	162	0.637324636	3.20049524	101869.949	100744.421	93284.5594	106539.808	527.722171	4746.5555	0	0	0	0	3
326	163	0.639399465	3.21034292	101316.51	100796.682	93284.5594	106539.808	527.722171	4777.95729	0	0	0	0	3
327	163	0.641098331	3.2201906	100744.773	100900.198	93284.5594	106539.808	540.219687	4809.07995	0	0	0	0	3
328	164	0.642876691	3.23003828	98123.6524	100932.915	93284.5594	106539.808	572.936806	4839.92719	0	0	0	0	3
329	164	0.645305824	3.23988595	97055.012	100865.779	93284.5594	106539.808	572.936806	4870.50265	0	0	0	0	3
330	165	0.646335368	3.24973363	93387.1756	100902.354	93387.1756	106539.808	572.936806	4900.80991	0	0	0	0	3
331	165	0.647171211	3.25958131	102708.155	101021.062	93387.1756	106539.808	661.083558	4930.85247	0	0	0	0	3
332	166	0.648845652	3.26942899	97801.5526	101003.958	93387.1756	106539.808	661.083558	4960.63379	0	0	0	0	3
333	166	0.650600874	3.27927667	98293.0087	100974.482	93387.1756	106539.808	661.083558	4990.15726	0	0	0	0	3
334	167	0.652717921	3.28912434	99483.1235	101025.573	93387.1756	106539.808	665.59471	5019.42622	0	0	0	0	3
335	168	0.655136147	3.29897202	97671.6997	101001.607	93387.1756	106539.808	665.59471	5048.44395	0	0	0	0	3
336	168	0.65714551	3.3088197	99436.9975	101047.61	93387.1756	106539.808	687.631804	5077.21366	0	0	0	0	3
337	169	0.659383308	3.31866738	96469.3345	100948.471	93387.1756	106539.808	687.631804	5105.73852	0	0	0	0	3
338	169	0.66191741	3.32851505	98310.2013	100871.945	93387.1756	106539.808	687.631804	5134.02165	0	0	0	0	3
339	169	0.664361035	3.33836273	100112.951	100761.183	93387.1756	106539.808	687.631804	5162.0661	0	0	0	0	3
340	170	0.666526668	3.34821041	102787.904	100756.364	93387.1756	106539.808	687.631804	5189.87488	0	0	0	0	3
341	170	0.66910863	3.35805809	102351.118	100737.94	93387.1756	106539.808	687.631804	5217.45095	0	0	0	0	3
342	171	0.671521998	3.36790576	103039.095	100663.288	93387.1756	106539.808	687.631804	5244.79722	0	0	0	0	3
343	171	0.674121016	3.37775344	104404.981	100640.828	93387.1756	106539.808	687.631804	5271.91655	0	0	0	0	3
344	172	0.676481679	3.38760112	104970.614	100647.197	93387.1756	106539.808	687.631804	5298.81176	0	0	0	0	3
345	172	0.678414907	3.3974488	104203.65	100633.28	93387.1756	106539.808	687.631804	5325.48561	0	0	0	0	3
346	172	0.681122547	3.40729647	104797.313	100697.012	93387.1756	106539.808	687.631804	5351.94081	0	0	0	0	3
347	173	0.6839801	3.41714415	103934.92	100753.721	93387.1756	106539.808	687.631804	5378.18006	0	0	0	0	3
348	173	0.686974888	3.42699183	102254.169	100788.417	93387.1756	106539.808	687.631804	5404.20598	0	0	0	0	3
349	174	0.689644979	3.43683951	101985.917	100816.928	93387.1756	106539.808	687.631804	5430.02116	0	0	0	0	3
350	174	0.692620385	3.44668719	101320.969	100909.1	93387.1756	106539.808	687.631804	5455.62816	0	0	0	0	3
351	175	0.695303449	3.45653486	98558.692	100926.854	93387.1756	106539.808	687.631804	5481.02948	0	0	0	0	3
352	175	0.697369835	3.46638254	96257.6102	100863.302	93387.1756	106539.808	687.631804	5506.22758	0	0	0	0	3
353	176	0.698479101	3.47623022	94391.4424	100858.415	93387.1756	106539.808	687.631804	5531.22491	0	0	0	0	3
354	176	0.699349573	3.4860779	97564.3329	100908.559	93387.1756	106539.808	687.631804	5556.02384	0	0	0	0	3
355	177	0.700945076	3.49592557	100168.083	100986.658	93387.1756	106539.808	687.631804	5580.62674	0	0	0	0	3
356	178	0.702531971	3.50577325	95694.7657	100886.311	93387.1756	106539.808	687.631804	5605.03591	0	0	0	0	3
357	178	0.703903195	3.51562093	102352.376	100952.044	93387.1756	106539.808	687.631804	5629.25364	0	0	0	0	3
358	179	0.705957586	3.52546861	100510.615	100951.509	93387.1756	106539.808	687.631804	5653.28216	0	0	0	0	3
359	179	0.707651909	3.53531628	100997.721	100908.6	93387.1756	106539.808	687.631804	5677.1237	0	0	0	0	3
360	180	0.709413342	3.54516396	101603.307	100993.2	93387.1756	106539.808	464.203248	5695.6895	0	0	0	0	3
361	180	0.711800934	3.55501164	100013.126	100983.983	93387.1756	106539.808	464.203248	5681.83154	0	0	0	0	3
362	181	0.714103387	3.56485932	95755.304	100990.957	93387.1756	106539.808	414.329997	5668.08018	0	0	0	0	3
363	181	0.716468666	3.574707	100176.118	101004.132	93387.1756	106539.808	414.329997	5651.92329	0	0	0	0	3
364	182	0.71862737	3.58455467	102214.593	101071.702	93387.1756	106539.808	438.42241	5635.88973	0	0	0	0	3
365	182	0.720961906	3.59440235	103216.222	101116.071	93387.1756	106539.808	482.791045	5619.9781	0	0	0	0	3
366	183	0.723759233	3.60425003	102027.167	101099.791	93387.1756	106539.808	482.791045	5604.18702	0	0	0	0	3
367	183	0.725922178	3.61409771	103087.174	101067.064	93387.1756	104970.614	482.791045	5588.51511	0	0	0	0	3
368	184	0.728395743	3.62394538	103608.071	101102.285	93387.1756	104970.614	482.791045	5572.96104	0	0	0	0	3
369	184	0.730470018	3.63379306	102801.304	101098.79	93387.1756	104970.614	482.791045	5557.52347	0	0	0	0	3
370	184	0.732968702	3.64364074	104125.249	101122.609	93387.1756	104970.614	489.329167	5542.20112	0	0	0	0	3
371	185	0.735600591	3.65348842	103357.321	101123.348	93387.1756	104970.614	490.067706	5526.99268	0	0	0	0	3
372	185	0.738339404	3.66333609	102171.327	101118.448	93387.1756	104970.614	490.067706	5511.8969	0	0	0	0	3
373	186	0.740916764	3.67318377	101885.927	101050.325	93387.1756	104970.614	490.067706	5496.91252	0	0	0	0	3
374	186	0.743718472	3.68303145	101373.325	100995.595	93387.1756	104970.614	490.067706	5482.03833	0	0	0	0	3
375	187	0.746209449	3.69287913	100332.746	100945.029	93387.1756	104970.614	490.067706	5467.2731	0	0	0	0	3
376	187	0.748034372	3.70272681	97150.3246	100860.346	93387.1756	104970.614	490.067706	5452.61565	0	0	0	0	3
377	188	0.75001138	3.71257448	94872.7123	100744.77	93387.1756	104970.614	490.067706	5438.0648	0	0	0	0	3
378	188	0.751000744	3.72242216	92834.535	100673.561	92834.535	104970.614	490.067706	5423.7979	0	0	0	0	3
379	189	0.751808825	3.73226984	101740.298	100723.102	92834.535	104970.614	490.067706	5409.634	0	0	0	0	3
380	189	0.753368785	3.74211752	102316.279	100828.556	92834.535	104970.614	490.067706	5395.572	0	0	0	0	3
381	190	0.755106512	3.75196519	88956.3659	100709.32	88956.3659	104970.614	490.067706	5383.13255	0	0	0	0	3
382	191	0.756265394	3.76181287	103194.409	100720.404	88956.3659	104970.614	490.067706	5370.78195	0	0	0	0	3
383	191	0.75824979	3.77166055	101050.056	100771.057	88956.3659	104970.614	490.067706	5358.51926	0	0	0	0	3
384	191	0.760230492	3.78150823	98386.7446	100767.653	88956.3659	104970.614	490.067706	5346.34353	0	0	0	0	3
385	192	0.761697782	3.7913559	100725.741	100792.042	88956.3659	104970.614	490.067706	5334.25386	0	0	0	0	3
386	193	0.764548394	3.80120358	100471.223	100852.65	88956.3659	104970.614	490.067706	5322.24932	0	0	0	0	3
387	193	0.767286626	3.81105126	98356.9797	100816.431	88956.3659	104970.614	490.067706	5310.32902	0	0	0	0	3
388	194	0.769896755	3.82089894	99227.5121	100866.928	88956.3659	104970.614	490.067706	5298.49208	0	0	0	0	3
389	194	0.771516746	3.83074661	104486.832	100979.55	88956.3659	104970.614	490.067706	5286.73763	0	0	0	0	3
390	195	0.77381808	3.84059429	102345.838	101027.623	88956.3659	104970.614	490.067706	5275.06481	0	0	0	0	3
391	195	0.775930009	3.85044197	102047.628	101012.468	88956.3659	104970.614	490.067706	5263.47277	0	0	0	0	3
392	195	0.77892543	3.86028965	104085.146	101064.806	88956.3659	104970.614	490.067706	5251.96067	0	0	0	0	3
393	196	0.781048252	3.87013733	104182.202	101081.725	88956.3659	104970.614	490.067706	5240.5277	0	0	0	0	3
394	196	0.783689226	3.879985	103618.437	101064.039	88956.3659	104970.614	490.067706	5229.17303	0	0	0	0	3
395	197	0.786262845	3.88983268	104121.56	101051.712	88956.3659	104797.313	490.067706	5217.89587	0	0	0	0	3
396	197	0.788884627	3.89968036	103559.803	101056.078	88956.3659	104797.313	449.786777	5206.69543	0	0	0	0	3
397	197	0.791642688	3.90952804	101758.334	100981.946	88956.3659	104486.832	449.786777	5195.57092	0	0	0	0	3
398	198	0.794336755	3.91937571	101515.8	100918.515	88956.3659	104486.832	449.786777	5184.52157	0	0	0	0	3
399	198	0.797211118	3.92922339	101264.764	100891.257	88956.3659	104486.832	449.786777	5173.54663	0	0	0	0	3
400	199	0.799748539	3.93907107	98882.4096	100818.416	88956.3659	104486.832	449.786777	5162.64535	0	0	0	0	3
401	200	0.801782097	3.94891875	96102.9234	100716.873	88956.3659	104486.832	449.786777	5151.81699	0	0	0	0	3
402	201	0.803340917	3.95876642	95624.2557	100696.992	88956.3659	104486.832	449.786777	5141.06082	0	0	0	0	3
403	201	0.804331216	3.9686141	96656.9591	100745.352	88956.3659	104486.832	449.786777	5130.37611	0	0	0	0	3
404	202	0.805842035	3.97846178	94621.4168	100724.824	88956.3659	104486.832	449.786777	5119.76217	0	0	0	0	3
405	202	0.807617503	3.98830946	96014.2826	100672.987	88956.3659	104486.832	450.361168	5109.21828	0	0	0	0	3
406	203	0.809587321	3.99815714	98809.4771	100646.614	88956.3659	104486.832	476.733972	5098.74377	0	0	0	0	3
407	203	0.811186301	4.00800481	102473.799	100745.825	88956.3659	104486.832	476.733972	5088.33793	0	0	0	0	3
408	204	0.813454882	4.01785249	101080.785	100732.652	88956.3659	104486.832	476.733972	5078.00011	0	0	0	0	3
409	204	0.815741274	4.02770017	101483.71	100752.449	88956.3659	104486.832	476.733972	5067.72964	0	0	0	0	3
410	205	0.818540416	4.03754785	98055.9989	100680.635	88956.3659	104486.832	476.733972	5057.52586	0	0	0	0	3
411	205	0.820452421	4.04739552	98960.0057	100636.371	88956.3659	104486.832	486.976778	5047.38812	0	0	0	0	3
412	206	0.822987056	4.0572432	100276.277	100641.546	88956.3659	104486.832	486.976778	5037.31579	0	0	0	0	3
413	206	0.825464233	4.06709088	101989.443	100772.555	88956.3659	104486.832	486.976778	5027.30823	0	0	0	0	3
414	207	0.827751278	4.07693856	102205.994	100814.692	88956.3659	104486.832	486.976778	5017.36482	0	0	0	0	3
415	207	0.830590603	4.08678623	103712.674	100861.192	88956.3659	104486.832	486.976778	5007.48495	0	0	0	0	3
416	208	0.832684664	4.09663391	104702.581	100883.982	88956.3659	104702.581	486.976778	4997.66801	0	0	0	0	3
417	208	0.834983075	4.10648159	103549.873	100910.321	88956.3659	104702.581	486.976778	4987.9134	0	0	0	0	3
418	208	0.837355606	4.11632927	104864.459	100952.255	88956.3659	104864.459	486.976778	4977.67688	0	0	0	0	3
419	209	0.839843353	4.12617695	103956.831	100960.378	88956.3659	104864.459	486.976778	4967.50496	0	0	0	0	3
420	209	0.84242512	4.13602462	102924.332	100971.56	88956.3659	104864.459	486.976778	4957.397	0	0	0	0	3
421	210	0.84515616	4.1458723	101873.104	100923.267	88956.3659	104864.459	486.976778	4947.35242	0	0	0	0	3
422	210	0.848083403	4.15571998	101398.612	100878.685	88956.3659	104864.459	482.077205	4937.37062	0	0	0	0	3
423	211	0.849809685	4.16556766	101362.81	100854.422	88956.3659	104864.459	445.353707	4927.45101	0	0	0	0	3
424	211	0.852243532	4.17541533	98911.218	100788.059	88956.3659	104864.459	445.353707	4917.59301	0	0	0	0	3
425	212	0.854247397	4.18526301	96321.664	100692.249	88956.3659	104864.459	445.353707	4907.79606	0	0	0	0	3
426	212	0.855514926	4.19511069	94501.1454	100628.648	88956.3659	104864.459	453.076557	4898.05957	0	0	0	0	3
427	213	0.856385652	4.20495837	100333.64	100684.862	88956.3659	104864.459	453.076557	4888.38301	0	0	0	0	3
428	213	0.858054257	4.21480604	97505.4522	100742.112	88956.3659	104864.459	453.076557	4878.76581	0	0	0	0	3
429	214	0.859898413	4.22465372	96346.624	100739.518	88956.3659	104864.459	453.076557	4869.20743	0	0	0	0	3
430	215	0.8616702	4.2345014	99048.2932	100704.881	88956.3659	104864.459	453.076557	4859.70733	0	0	0	0	3
431	215	0.864001864	4.24434908	100725.217	100682.589	88956.3659	104864.459	453.076557	4850.26499	0	0	0	0	3
432	216	0.865500297	4.25419675	101335.221	100876.032	94501.1454	104864.459	453.076557	4840.87987	0	0	0	0	3
433	216	0.868048985	4.26404443	97305.752	100770.594	94501.1454	104864.459	453.076557	4831.55146	0	0	0	0	3
434	217	0.870279057	4.27389211	97386.3065	100698.275	94501.1454	104864.459	453.076557	4822.27924	0	0	0	0	3
435	217	0.871995108	4.28373979	96320.2443	100672.019	94501.1454	104864.459	453.076557	4813.06271	0	0	0	0	3
436	218	0.874268342	4.29358747	101763.918	100693.369	94501.1454	104864.459	453.076557	4803.90138	0	0	0	0	3
437	218	0.875640802	4.30343514	102429.429	100720.517	94501.1454	104864.459	453.076557	4794.79473	0	0	0	0	3
438	219	0.87797636	4.31328282	103503.559	100837.708	94501.1454	104864.459	453.076557	4785.7423	0	0	0	0	3
439	219	0.880243316	4.3231305	104040.973	100941.603	94501.1454	104864.459	453.076557	4776.74358	0	0	0	0	3
440	220	0.882821391	4.33297818	104544.132	100973.447	94501.1454	104864.459	453.076557	4767.79812	0	0	0	0	3
441	220	0.885633882	4.34282585	103745.28	101014.921	94501.1454	104864.459	453.076557	4758.90542	0	0	0	0	3
442	221	0.887924302	4.35267353	102753.284	101030.998	94501.1454	104864.459	453.076557	4750.06504	0	0	0	0	3
443	221	0.890185889	4.36252121	104822.705	101025.846	94501.1454	104864.459	453.076557	4741.27651	0	0	0	0	3
444	221	0.892786147	4.37236889	103708.054	101028.299	94501.1454	104864.459	435.390675	4732.53937	0	0	0	0	3
445	222	0.895467441	4.38221656	101704.035	100983.311	94501.1454	104864.459	427.42969	4723.85318	0	0	0	0	3
446	222	0.898135952	4.39206424	101715.146	100928.573	94501.1454	104864.459	427.42969	4715.18371	0	0	0	0	3
447	223	0.901062015	4.40191192	101359.925	100878.328	94501.1454	104864.459	402.350006	4706.56449	0	0	0	0	3
448	223	0.903766086	4.4117596	100346.778	100843.862	94501.1454	104864.459	402.350006	4697.9951	0	0	0	0	3
449	224	0.905703212	4.42160728	96739.6672	100756.218	94501.1454	104864.459	402.350006	4689.4751	0	0	0	0	3
450	225	0.90735397	4.43145495	97495.2883	100694.074	94501.1454	104864.459	402.350006	4681.00406	0	0	0	0	3
451	225	0.908395957	4.44130263	91688.5878	100650.017	91688.5878	104864.459	402.350006	4672.58157	0	0	0	0	3
452	226	0.909303773	4.45115031	96833.1563	100703.79	91688.5878	104864.459	402.350006	4664.20721	0	0	0	0	3
453	226	0.910919027	4.46099799	95347.084	100696.964	91688.5878	104864.459	402.350006	4655.88056	0	0	0	0	3
454	227	0.912836537	4.47084566	99546.2595	100713.501	91688.5878	104864.459	402.350006	4647.60123	0	0	0	0	3
455	228	0.914740799	4.48069334	96277.4627	100720.449	91688.5878	104864.459	402.350006	4639.3688	0	0	0	0	3
456	228	0.915381926	4.49054102	97841.4181	100780.857	91688.5878	104864.459	402.350006	4631.18288	0	0	0	0	3
457	228	0.917030522	4.5003887	100992.243	100820.243	91688.5878	104864.459	402.350006	4623.04308	0	0	0	0	3
458	229	0.918700955	4.51023637	100670.004	100793.316	91688.5878	104864.459	402.350006	4614.94901	0	0	0	0	3
459	229	0.920508622	4.52008405	101578.102	100800.476	91688.5878	104864.459	402.350006	4606.90029	0	0	0	0	3
460	230	0.922361446	4.52993173	101038.613	100789.963	91688.5878	104864.459	402.350006	4598.89653	0	0	0	0	3
461	230	0.924372579	4.53977941	99085.6167	100829.886	91688.5878	104864.459	402.350006	4590.93736	0	0	0	0	3
462	231	0.927064872	4.54962709	100604.543	100857.73	91688.5878	104864.459	402.350006	4583.02241	0	0	0	0	3
463	231	0.928524824	4.55947476	103275.707	100905.143	91688.5878	104864.459	402.350006	4575.1513	0	0	0	0	3
464	232	0.931179794	4.56932244	102167.334	100911.434	91688.5878	104864.459	402.350006	4567.32369	0	0	0	0	3
465	232	0.933769921	4.57917012	101803.237	100905.295	91688.5878	104864.459	402.350006	4559.5392	0	0	0	0	3
466	233	0.936028083	4.5890178	102937.46	100873.219	91688.5878	104864.459	402.350006	4551.79748	0	0	0	0	3
467	233	0.939065831	4.59886547	105091.443	100918.292	91688.5878	105091.443	402.350006	4544.16627	0	0	0	0	3
468	234	0.941401883	4.60871315	104648.593	100943.342	91688.5878	105091.443	402.350006	4536.57675	0	0	0	0	3
469	234	0.944028692	4.61856083	103817.632	100926.91	91688.5878	105091.443	402.350006	4529.0286	0	0	0	0	3
470	234	0.946661356	4.62840851	103096.522	100909.818	91688.5878	105091.443	402.350006	4521.52146	0	0	0	0	3
471	235	0.949403335	4.63825618	101971.33	100888.408	91688.5878	105091.443	402.350006	4514.05502	0	0	0	0	3
472	235	0.952244665	4.64810386	102349.719	100902.068	91688.5878	105091.443	402.350006	4506.62894	0	0	0	0	3
473	236	0.955016858	4.65795154	100594.253	100880.495	91688.5878	105091.443	402.350006	4499.24288	0	0	0	0	3
474	236	0.957527007	4.66779922	97573.7957	100795.709	91688.5878	105091.443	402.350006	4491.89654	0	0	0	0	3
475	237	0.959927448	4.67764689	92546.8602	100654.423	91688.5878	105091.443	402.350006	4484.58959	0	0	0	0	3
476	237	0.960460346	4.68749457	102261.023	100744.227	91688.5878	105091.443	402.350006	4477.32171	0	0	0	0	3
477	238	0.961341756	4.69734225	97213.8767	100789.6	91688.5878	105091.443	380.981064	4470.0926	0	0	0	0	3
478	239	0.962798487	4.70718993	103629.877	100832.212	91688.5878	105091.443	380.981064	4462.90194	0	0	0	0	3
479	239	0.964609146	4.71703761	91583.1983	100727.142	91583.1983	105091.443	380.981064	4455.74942	0	0	0	0	3
480	240	0.966063157	4.72688528	101381.201	100812.192	91583.1983	105091.443	380.981064	4448.63475	0	0	0	0	3
481	240	0.967950866	4.73673296	96416.9196	100763.531	91583.1983	105091.443	380.981064	4441.55762	0	0	0	0	3
482	241	0.96915167	4.74658064	96279.6621	100713.175	91583.1983	105091.443	380.981064	4434.51775	0	0	0	0	3
483	241	0.970517175	4.75642832	96499.9709	100649.517	91583.1983	105091.443	381.481501	4426.76003	0	0	0	0	3
484	242	0.972700526	4.76627599	100593.737	100729.787	91583.1983	105091.443	381.481501	4419.04293	0	0	0	0	3
485	242	0.975029855	4.77612367	102708.703	100844.972	91583.1983	105091.443	381.481501	4411.36613	0	0	0	0	3
486	243	0.977567606	4.78597135	102330.183	100954.222	91583.1983	105091.443	381.481501	4403.72932	0	0	0	0	3
487	243	0.979584159	4.79581903	104506.031	101004.754	91583.1983	105091.443	381.481501	4396.13217	0	0	0	0	3
488	244	0.981002403	4.8056667	100794.492	100983.365	91583.1983	105091.443	381.481501	4388.57439	0	0	0	0	3
489	244	0.983820564	4.81551438	102031.93	100955.673	91583.1983	105091.443	381.481501	4381.05567	0	0	0	0	3
490	245	0.98645703	4.82536206	103326.476	100948.671	91583.1983	105091.443	381.481501	4373.5757	0	0	0	0	3
491	245	0.988621695	4.83520974	102761.835	100898.157	91583.1983	105091.443	381.481501	4366.13419	0	0	0	0	3
492	246	0.990708946	4.84505742	103508.331	100873.799	91583.1983	105091.443	381.481501	4358.73085	0	0	0	0	3
493	246	0.993535455	4.85490509	103594.692	100905.858	91583.1983	105091.443	378.782368	4351.36537	0	0	0	0	3
494	246	0.996680249	4.86475277	103426.004	100897.097	91583.1983	105091.443	378.782368	4344.03747	0	0	0	0	3
495	247	0.999411979	4.87460045	102905.754	100880.009	91583.1983	105091.443	355.237058	4336.74686	0	0	0	0	3
496	247	1	4.88444813	101406.891	100861.836	91583.1983	105091.443	355.237058	4329.49326	0	0	0	0	3
