Iteration	CPUTime	PhysTime	Travels	Value	AvValue	MinValue	MaxValue	Delta	Criteria	PrevAvRefValue	Progress	CriteriaType	CriteriaVarType	CriteriaPercentage
1	3	0.00019322221	0.00984767767	0	0	0	0	0	0	0	0	0	0	3
2	3	0.000380596769	0.0196953553	0	0	0	0	0	0	0	0	0	0	3
3	3	0.000571449991	0.029543033	0	0	0	0	0	0	0	0	0	0	3
4	4	0.00076616844	0.0393907107	0	0	0	0	0	0	0	0	0	0	3
5	4	0.000968963276	0.0492383884	0	0	0	0	0	0	0	0	0	0	3
6	5	0.00131808996	0.059086066	0	0	0	0	0	0	0	0	0	0	3
7	5	0.00170667909	0.0689337437	0	0	0	0	0	0	0	0	0	0	3
8	6	0.00208942805	0.0787814214	0	0	0	0	0	0	0	0	0	0	3
9	6	0.00246700665	0.0886290991	0	0	0	0	0	0	0	0	0	0	3
10	6	0.00285561827	0.0984767767	0	0	0	0	0	0	0	0	0	0	3
11	7	0.00348539229	0.108324454	0	0	0	0	0	0	0	0	0	0	3
12	7	0.00416906263	0.118172132	0	0	0	0	0	0	0	0	0	0	3
13	7	0.00485602559	0.12801981	0	0	0	0	0	0	0	0	0	0	3
14	8	0.00551890491	0.137867487	0	0	0	0	0	0	0	0	0	0	3
15	8	0.00615692175	0.147715165	0	0	0	0	0	0	0	0	0	0	3
16	9	0.00709733485	0.157562843	0	0	0	0	0	0	0	0	0	0	3
17	9	0.00800229173	0.16741052	0	0	0	0	0	0	0	0	0	0	3
18	10	0.00897053477	0.177258198	0	0	0	0	0	0	0	0	0	0	3
19	10	0.00989490948	0.187105876	0	0	0	0	0	0	0	0	0	0	3
20	11	0.0106114603	0.196953553	0	0	0	0	0	0	0	0	0	0	3
21	11	0.0117909495	0.206801231	0	0	0	0	0	0	0	0	0	0	3
22	12	0.0127177908	0.216648909	0	0	0	0	0	0	0	0	0	0	3
23	12	0.0138600273	0.226496586	0	0	0	0	0	0	0	0	0	0	3
24	13	0.0149186673	0.236344264	0	0	0	0	0	0	0	0	0	0	3
25	13	0.015900547	0.246191942	0	0	0	0	0	0	0	0	0	0	3
26	14	0.0176774878	0.25603962	0	0	0	0	0	0	0	0	0	0	3
27	15	0.0182764837	0.265887297	0	0	0	0	0	0	0	0	0	0	3
28	15	0.0189750303	0.275734975	0	0	0	0	0	0	0	0	0	0	3
29	16	0.0199567878	0.285582653	0	0	0	0	0	0	0	0	0	0	3
30	16	0.0213879052	0.29543033	0	0	0	0	0	0	0	0	0	0	3
31	17	0.0227496075	0.305278008	0	0	0	0	0	0	0	0	0	0	3
32	17	0.0247030351	0.315125686	0	0	0	0	0	0	0	0	0	0	3
33	18	0.0269240731	0.324973363	0	0	0	0	0	0	0	0	0	0	3
34	18	0.0284308708	0.334821041	0	0	0	0	0	0	0	0	0	0	3
35	19	0.0307428609	0.344668719	0	0	0	0	0	0	0	0	0	0	3
36	19	0.0328027973	0.354516396	0	0	0	0	0	0	0	0	0	0	3
37	20	0.0350024639	0.364364074	0	0	0	0	0	0	0	0	0	0	3
38	20	0.0373997285	0.374211752	0	0	0	0	0	0	0	0	0	0	3
39	21	0.0397379433	0.384059429	0	0	0	0	0	0	0	0	0	0	3
40	21	0.0417591339	0.393907107	0	0	0	0	0	0	0	0	0	0	3
41	21	0.0445205612	0.403754785	0	0	0	0	0	0	0	0	0	0	3
42	22	0.0470539997	0.413602462	0	0	0	0	0	0	0	0	0	0	3
43	22	0.0494011457	0.42345014	0	0	0	0	0	0	0	0	0	0	3
44	23	0.0525113232	0.433297818	0	0	0	0	0	0	0	0	0	0	3
45	23	0.0553338412	0.443145495	0	0	0	0	0	0	0	0	0	0	3
46	23	0.0581785113	0.452993173	0	0	0	0	0	0	0	0	0	0	3
47	24	0.0609373496	0.462840851	0	0	0	0	0	0	0	0	0	0	3
48	24	0.0638054619	0.472688528	0	0	0	0	0	0	0	0	0	0	3
49	25	0.066208871	0.482536206	0	0	0	0	0	0	0	0	0	0	3
50	25	0.0681340565	0.492383884	0	0	0	0	0	0	0	0	0	0	3
51	26	0.0698734821	0.502231561	0	0	0	0	0	0	0	0	0	0	3
52	26	0.0707348491	0.512079239	0	0	0	0	0	0	0	0	0	0	3
53	27	0.0716440907	0.521926917	0	0	0	0	0	0	0	0	0	0	3
54	28	0.0735262263	0.531774594	0	0	0	0	0	0	0	0	0	0	3
55	28	0.0754504566	0.541622272	0	0	0	0	0	0	0	0	0	0	3
56	29	0.0776748393	0.55146995	0	0	0	0	0	0	0	0	0	0	3
57	29	0.0793398044	0.561317627	0	0	0	0	0	0	0	0	0	0	3
58	30	0.0812333182	0.571165305	0	0	0	0	0	0	0	0	0	0	3
59	30	0.0841171147	0.581012983	0	0	0	0	0	0	0	0	0	0	3
60	31	0.085635645	0.59086066	0	0	0	0	0	0	0	0	0	0	3
61	31	0.0877790148	0.600708338	0	0	0	0	0	0	0	0	0	0	3
62	32	0.0905874038	0.610556016	0	0	0	0	0	0	0	0	0	0	3
63	32	0.0932021056	0.620403693	0	0	0	0	0	0	0	0	0	0	3
64	33	0.0954578203	0.630251371	0	0	0	0	0	0	0	0	0	0	3
65	33	0.0980023133	0.640099049	0	0	0	0	0	0	0	0	0	0	3
66	33	0.100693908	0.649946726	0	0	0	0	0	0	0	0	0	0	3
67	34	0.102884199	0.659794404	0	0	0	0	0	0	0	0	0	0	3
68	34	0.105255243	0.669642082	0	0	0	0	0	0	0	0	0	0	3
69	34	0.107890554	0.679489759	0	0	0	0	0	0	0	0	0	0	3
70	35	0.110777893	0.689337437	0	0	0	0	0	0	0	0	0	0	3
71	35	0.11338448	0.699185115	0	0	0	0	0	0	0	0	0	0	3
72	36	0.116195548	0.709032792	0	0	0	0	0	0	0	0	0	0	3
73	36	0.118856973	0.71888047	0	0	0	0	0	0	0	0	0	0	3
74	37	0.120794519	0.728728148	0	0	0	0	0	0	0	0	0	0	3
75	38	0.122171532	0.738575825	0	0	0	0	0	0	0	0	0	0	3
76	38	0.123025204	0.748423503	0	0	0	0	0	0	0	0	0	0	3
77	39	0.12417531	0.758271181	0	0	0	0	0	0	0	0	0	0	3
78	39	0.126055065	0.768118859	0	0	0	0	0	0	0	0	0	0	3
79	40	0.127315179	0.777966536	0	0	0	0	0	0	0	0	0	0	3
80	40	0.129069511	0.787814214	0	0	0	0	0	0	0	0	0	0	3
81	41	0.131497803	0.797661892	0	0	0	0	0	0	0	0	0	0	3
82	42	0.132778406	0.807509569	0	0	0	0	0	0	0	0	0	0	3
83	42	0.134224636	0.817357247	0	0	0	0	0	0	0	0	0	0	3
84	42	0.136957767	0.827204925	0	0	0	0	0	0	0	0	0	0	3
85	43	0.138829179	0.837052602	0	0	0	0	0	0	0	0	0	0	3
86	43	0.141451474	0.84690028	0	0	0	0	0	0	0	0	0	0	3
87	44	0.143418969	0.856747958	0	0	0	0	0	0	0	0	0	0	3
88	44	0.146195981	0.866595635	0	0	0	0	0	0	0	0	0	0	3
89	45	0.148172678	0.876443313	0	0	0	0	0	0	0	0	0	0	3
90	45	0.150506191	0.886290991	0	0	0	0	0	0	0	0	0	0	3
91	45	0.153214303	0.896138668	0	0	0	0	0	0	0	0	0	0	3
92	46	0.155204028	0.905986346	0	0	0	0	0	0	0	0	0	0	3
93	46	0.157485753	0.915834024	0	0	0	0	0	0	0	0	0	0	3
94	47	0.160152923	0.925681701	0	0	0	0	0	0	0	0	0	0	3
95	47	0.163032201	0.935529379	0	0	0	0	0	0	0	0	0	0	3
96	48	0.165721048	0.945377057	0	0	0	0	0	0	0	0	0	0	3
97	48	0.16830073	0.955224734	0	0	0	0	0	0	0	0	0	0	3
98	49	0.169993933	0.965072412	0	0	0	0	0	0	0	0	0	0	3
99	49	0.172183414	0.97492009	0	0	0	0	0	0	0	0	0	0	3
100	50	0.174081704	0.984767767	0	0	0	0	0	0	0	0	0	0	3
101	51	0.175057252	0.994615445	0	0	0	0	0	0	0	0	0	0	3
102	51	0.175892311	1.00446312	0	0	0	0	0	5e-06	0	0	0	0	3
103	52	0.177402566	1.0143108	0	0	0	0	0	5e-06	0	0	0	0	3
104	52	0.179159994	1.02415848	0	0	0	0	0	5e-06	0	0	0	0	3
105	53	0.181099575	1.03400616	0	0	0	0	0	5e-06	0	0	0	0	3
106	54	0.183498608	1.04385383	0	0	0	0	0	5e-06	0	0	0	0	3
107	54	0.185949981	1.05370151	0	0	0	0	0	5e-06	0	0	0	0	3
108	55	0.188022137	1.06354919	0	0	0	0	0	5e-06	0	0	0	0	3
109	55	0.190417793	1.07339687	0	0	0	0	0	5e-06	0	0	0	0	3
110	56	0.192591432	1.08324454	0	0	0	0	0	5e-06	0	0	0	0	3
111	56	0.194894352	1.09309222	0	0	0	0	0	5e-06	0	0	0	0	3
112	57	0.197778485	1.1029399	0	0	0	0	0	5e-06	0	0	0	0	3
113	57	0.200750216	1.11278758	0	0	0	0	0	5e-06	0	0	0	0	3
114	57	0.203041603	1.12263525	0	0	0	0	0	5e-06	0	0	0	0	3
115	58	0.205081565	1.13248293	0	0	0	0	0	5e-06	0	0	0	0	3
116	58	0.207110793	1.14233061	0	0	0	0	0	5e-06	0	0	0	0	3
117	59	0.209337991	1.15217829	0	0	0	0	0	5e-06	0	0	0	0	3
118	59	0.211935413	1.16202597	0	0	0	0	0	5e-06	0	0	0	0	3
119	60	0.21458211	1.17187364	0	0	0	0	0	5e-06	0	0	0	0	3
120	60	0.217281397	1.18172132	0	0	0	0	0	5e-06	0	0	0	0	3
121	60	0.220230227	1.191569	0	0	0	0	0	5e-06	0	0	0	0	3
122	61	0.222908991	1.20141668	0	0	0	0	0	5e-06	0	0	0	0	3
123	62	0.224822851	1.21126435	0	0	0	0	0	5e-06	0	0	0	0	3
124	62	0.226401367	1.22111203	0	0	0	0	0	5e-06	0	0	0	0	3
125	63	0.227466443	1.23095971	0	0	0	0	0	5e-06	0	0	0	0	3
126	63	0.228388625	1.24080739	0	0	0	0	0	5e-06	0	0	0	0	3
127	64	0.230007431	1.25065506	0	0	0	0	0	5e-06	0	0	0	0	3
128	64	0.231825279	1.26050274	0	0	0	0	0	5e-06	0	0	0	0	3
129	65	0.233223799	1.27035042	0	0	0	0	0	5e-06	0	0	0	0	3
130	66	0.235612492	1.2801981	0	0	0	0	0	5e-06	0	0	0	0	3
131	66	0.237386818	1.29004578	0	0	0	0	0	5e-06	0	0	0	0	3
132	67	0.239629339	1.29989345	0	0	0	0	0	5e-06	0	0	0	0	3
133	67	0.241513281	1.30974113	0	0	0	0	0	5e-06	0	0	0	0	3
134	68	0.243955194	1.31958881	0	0	0	0	0	5e-06	0	0	0	0	3
135	68	0.246049646	1.32943649	0	0	0	0	0	5e-06	0	0	0	0	3
136	69	0.247262028	1.33928416	0	0	0	0	0	5e-06	0	0	0	0	3
137	69	0.249055452	1.34913184	0	0	0	0	0	5e-06	0	0	0	0	3
138	70	0.25112115	1.35897952	0	0	0	0	0	5e-06	0	0	0	0	3
139	70	0.253553013	1.3688272	0	0	0	0	0	5e-06	0	0	0	0	3
140	71	0.256082073	1.37867487	0	0	0	0	0	5e-06	0	0	0	0	3
141	71	0.25888187	1.38852255	0	0	0	0	0	5e-06	0	0	0	0	3
142	71	0.261223609	1.39837023	0	0	0	0	0	5e-06	0	0	0	0	3
143	72	0.263606302	1.40821791	0	0	0	0	0	5e-06	0	0	0	0	3
144	72	0.266083123	1.41806558	0	0	0	0	0	5e-06	0	0	0	0	3
145	73	0.268691541	1.42791326	0	0	0	0	0	5e-06	0	0	0	0	3
146	73	0.271397333	1.43776094	0	0	0	0	0	5e-06	0	0	0	0	3
147	74	0.27382	1.44760862	0	0	0	0	0	5e-06	0	0	0	0	3
148	74	0.276338061	1.4574563	0	0	0	0	0	5e-06	0	0	0	0	3
149	75	0.278454248	1.46730397	0	0	0	0	0	5e-06	0	0	0	0	3
150	75	0.279544071	1.47715165	0	0	0	0	0	5e-06	0	0	0	0	3
151	76	0.28043185	1.48699933	0	0	0	0	0	5e-06	0	0	0	0	3
152	76	0.281990103	1.49684701	0	0	0	0	0	5e-06	0	0	0	0	3
153	77	0.28373527	1.50669468	0	0	0	0	0	5e-06	0	0	0	0	3
154	78	0.285571933	1.51654236	0	0	0	0	0	5e-06	0	0	0	0	3
155	78	0.287991836	1.52639004	0	0	0	0	0	5e-06	0	0	0	0	3
156	79	0.2901837	1.53623772	0	0	0	0	0	5e-06	0	0	0	0	3
157	79	0.292611272	1.54608539	0	0	0	0	0	5e-06	0	0	0	0	3
158	80	0.293931398	1.55593307	0	0	0	0	0	5e-06	0	0	0	0	3
159	80	0.295563343	1.56578075	0	0	0	0	0	5e-06	0	0	0	0	3
160	81	0.297992554	1.57562843	0	0	0	0	0	5e-06	0	0	0	0	3
161	81	0.299705616	1.58547611	0	0	0	0	0	5e-06	0	0	0	0	3
162	82	0.302396282	1.59532378	0	0	0	0	0	5e-06	0	0	0	0	3
163	82	0.304118064	1.60517146	0	0	0	0	0	5e-06	0	0	0	0	3
164	83	0.306889191	1.61501914	0	0	0	0	0	5e-06	0	0	0	0	3
165	83	0.309035835	1.62486682	0	0	0	0	0	5e-06	0	0	0	0	3
166	84	0.311446872	1.63471449	0	0	0	0	0	5e-06	0	0	0	0	3
167	84	0.313831303	1.64456217	0	0	0	0	0	5e-06	0	0	0	0	3
168	84	0.316384394	1.65440985	0	0	0	0	0	5e-06	0	0	0	0	3
169	85	0.318926312	1.66425753	0	0	0	0	0	5e-06	0	0	0	0	3
170	85	0.321580295	1.6741052	0	0	0	0	0	5e-06	0	0	0	0	3
171	86	0.324420769	1.68395288	0	0	0	0	0	5e-06	0	0	0	0	3
172	86	0.327130087	1.69380056	0	0	0	0	0	5e-06	0	0	0	0	3
173	87	0.329419507	1.70364824	0	0	0	0	0	5e-06	0	0	0	0	3
174	87	0.331166089	1.71349592	0	0	0	0	0	5e-06	0	0	0	0	3
175	88	0.332177837	1.72334359	0	0	0	0	0	5e-06	0	0	0	0	3
176	88	0.333031375	1.73319127	0	0	0	0	0	5e-06	0	0	0	0	3
177	89	0.334522144	1.74303895	0	0	0	0	0	5e-06	0	0	0	0	3
178	90	0.336377661	1.75288663	0	0	0	0	0	5e-06	0	0	0	0	3
179	90	0.337585248	1.7627343	0	0	0	0	0	5e-06	0	0	0	0	3
180	91	0.339140657	1.77258198	0	0	0	0	0	5e-06	0	0	0	0	3
181	91	0.341223704	1.78242966	0	0	0	0	0	5e-06	0	0	0	0	3
182	92	0.342970047	1.79227734	0	0	0	0	0	5e-06	0	0	0	0	3
183	92	0.34525277	1.80212501	0	0	0	0	0	5e-06	0	0	0	0	3
184	93	0.347284132	1.81197269	0	0	0	0	0	5e-06	0	0	0	0	3
185	93	0.34956046	1.82182037	0	0	0	0	0	5e-06	0	0	0	0	3
186	94	0.351438356	1.83166805	0	0	0	0	0	5e-06	0	0	0	0	3
187	94	0.353451405	1.84151572	0	0	0	0	0	5e-06	0	0	0	0	3
188	95	0.355564544	1.8513634	0	0	0	0	0	5e-06	0	0	0	0	3
189	95	0.357115787	1.86121108	0	0	0	0	0	5e-06	0	0	0	0	3
190	95	0.359187127	1.87105876	0	0	0	0	0	5e-06	0	0	0	0	3
191	96	0.361738049	1.88090644	0	0	0	0	0	5e-06	0	0	0	0	3
192	96	0.363943476	1.89075411	0	0	0	0	0	5e-06	0	0	0	0	3
193	97	0.366311819	1.90060179	0	0	0	0	0	5e-06	0	0	0	0	3
194	97	0.368901114	1.91044947	0	0	0	0	0	5e-06	0	0	0	0	3
195	98	0.371593204	1.92029715	0	0	0	0	0	5e-06	0	0	0	0	3
196	98	0.374265292	1.93014482	0	0	0	0	0	5e-06	0	0	0	0	3
197	98	0.377045617	1.9399925	0	0	0	0	0	5e-06	0	0	0	0	3
198	99	0.379400536	1.94984018	0	0	0	0	0	5e-06	0	0	0	0	3
199	99	0.381448586	1.95968786	0	0	0	0	0	5e-06	0	0	0	0	3
200	100	0.383609986	1.96953553	0	0	0	0	0	5e-06	0	0	0	0	3
201	101	0.384620667	1.97938321	0	0	0	0	0	5e-06	0	0	0	0	3
202	102	0.385426021	1.98923089	0	0	0	0	0	5e-06	0	0	0	0	3
203	102	0.38689717	1.99907857	0	0	0	0	0	5e-06	0	0	0	0	3
204	103	0.388781504	2.00892625	0	0	0	0	0	5e-06	0	0	0	0	3
205	103	0.390844916	2.01877392	0	0	0	0	0	5e-06	0	0	0	0	3
206	104	0.391943232	2.0286216	0	0	0	0	0	5e-06	0	0	0	0	3
207	104	0.392696549	2.03846928	0	0	0	0	0	5e-06	0	0	0	0	3
208	105	0.394158256	2.04831696	0	0	0	0	0	5e-06	0	0	0	0	3
209	105	0.395718397	2.05816463	0	0	0	0	0	5e-06	0	0	0	0	3
210	106	0.397917154	2.06801231	0	0	0	0	0	5e-06	0	0	0	0	3
211	106	0.39957096	2.07785999	0	0	0	0	0	5e-06	0	0	0	0	3
212	107	0.402101806	2.08770767	0	0	0	0	0	5e-06	0	0	0	0	3
213	107	0.403723598	2.09755534	0	0	0	0	0	5e-06	0	0	0	0	3
214	108	0.405679654	2.10740302	0	0	0	0	0	5e-06	0	0	0	0	3
215	108	0.407667029	2.1172507	0	0	0	0	0	5e-06	0	0	0	0	3
216	108	0.410216255	2.12709838	0	0	0	0	0	5e-06	0	0	0	0	3
217	109	0.412969726	2.13694606	0	0	0	0	0	5e-06	0	0	0	0	3
218	109	0.415441052	2.14679373	0	0	0	0	0	5e-06	0	0	0	0	3
219	110	0.418455224	2.15664141	0	0	0	0	0	5e-06	0	0	0	0	3
220	110	0.421022905	2.16648909	0	0	0	0	0	5e-06	0	0	0	0	3
221	110	0.423435162	2.17633677	0	0	0	0	0	5e-06	0	0	0	0	3
222	111	0.426085407	2.18618444	0	0	0	0	0	5e-06	0	0	0	0	3
223	111	0.428773954	2.19603212	0	0	0	0	0	5e-06	0	0	0	0	3
224	112	0.431103842	2.2058798	0	0	0	0	0	5e-06	0	0	0	0	3
225	112	0.433292201	2.21572748	0	0	0	0	0	5e-06	0	0	0	0	3
226	113	0.435566011	2.22557515	0	0	0	0	0	5e-06	0	0	0	0	3
227	113	0.436661735	2.23542283	0	0	0	0	0	5e-06	0	0	0	0	3
228	114	0.437611043	2.24527051	0	0	0	0	0	5e-06	0	0	0	0	3
229	115	0.439397505	2.25511819	0	0	0	0	0	5e-06	0	0	0	0	3
230	115	0.441169475	2.26496586	0	0	0	0	0	5e-06	0	0	0	0	3
231	116	0.443119956	2.27481354	0	0	0	0	0	5e-06	0	0	0	0	3
232	116	0.445470658	2.28466122	0	0	0	0	0	5e-06	0	0	0	0	3
233	117	0.447894255	2.2945089	0	0	0	0	0	5e-06	0	0	0	0	3
234	117	0.450501639	2.30435658	0	0	0	0	0	5e-06	0	0	0	0	3
235	118	0.453138227	2.31420425	0	0	0	0	0	5e-06	0	0	0	0	3
236	118	0.454618802	2.32405193	0	0	0	0	0	5e-06	0	0	0	0	3
237	119	0.456789403	2.33389961	0	0	0	0	0	5e-06	0	0	0	0	3
238	119	0.459040418	2.34374729	0	0	0	0	0	5e-06	0	0	0	0	3
239	120	0.461893828	2.35359496	0	0	0	0	0	5e-06	0	0	0	0	3
240	120	0.463598454	2.36344264	0	0	0	0	0	5e-06	0	0	0	0	3
241	121	0.466107247	2.37329032	0	0	0	0	0	5e-06	0	0	0	0	3
242	121	0.468366083	2.383138	0	0	0	0	0	5e-06	0	0	0	0	3
243	122	0.471199739	2.39298567	0	0	0	0	0	5e-06	0	0	0	0	3
244	122	0.473974346	2.40283335	0	0	0	0	0	5e-06	0	0	0	0	3
245	122	0.476722136	2.41268103	0	0	0	0	0	5e-06	0	0	0	0	3
246	123	0.479335019	2.42252871	0	0	0	0	0	5e-06	0	0	0	0	3
247	123	0.482245556	2.43237639	0	0	0	0	0	5e-06	0	0	0	0	3
248	124	0.484935567	2.44222406	0	0	0	0	0	5e-06	0	0	0	0	3
249	125	0.486758579	2.45207174	0	0	0	0	0	5e-06	0	0	0	0	3
250	125	0.488564813	2.46191942	0	0	0	0	0	5e-06	0	0	0	0	3
251	126	0.489534407	2.4717671	0	0	0	0	0	5e-06	0	0	0	0	3
252	126	0.490399696	2.48161477	0	0	0	0	0	5e-06	0	0	0	0	3
253	127	0.491986015	2.49146245	0	0	0	0	0	5e-06	0	0	0	0	3
254	127	0.493959676	2.50131013	0	0	0	0	0	5e-06	0	0	0	0	3
255	128	0.495823564	2.51115781	0	0	0	0	0	5e-06	0	0	0	0	3
256	128	0.497857407	2.52100548	0	0	0	0	0	5e-06	0	0	0	0	3
257	129	0.500045534	2.53085316	0	0	0	0	0	5e-06	0	0	0	0	3
258	130	0.502642165	2.54070084	0	0	0	0	0	5e-06	0	0	0	0	3
259	130	0.503062412	2.55054852	0	0	0	0	0	5e-06	0	0	0	0	3
260	131	0.503835258	2.5603962	0	0	0	0	0	5e-06	0	0	0	0	3
261	131	0.505045828	2.57024387	0	0	0	0	0	5e-06	0	0	0	0	3
262	131	0.506886844	2.58009155	0	0	0	0	0	5e-06	0	0	0	0	3
263	132	0.508292774	2.58993923	0	0	0	0	0	5e-06	0	0	0	0	3
264	132	0.510236077	2.59978691	0	0	0	0	0	5e-06	0	0	0	0	3
265	133	0.512334241	2.60963458	0	0	0	0	0	5e-06	0	0	0	0	3
266	133	0.514315389	2.61948226	0	0	0	0	0	5e-06	0	0	0	0	3
267	134	0.516549813	2.62932994	0	0	0	0	0	5e-06	0	0	0	0	3
268	134	0.519050646	2.63917762	0	0	0	0	0	5e-06	0	0	0	0	3
269	134	0.521182082	2.64902529	0	0	0	0	0	5e-06	0	0	0	0	3
270	135	0.523971209	2.65887297	0	0	0	0	0	5e-06	0	0	0	0	3
271	135	0.526800959	2.66872065	0	0	0	0	0	5e-06	0	0	0	0	3
272	136	0.529741227	2.67856833	0	0	0	0	0	5e-06	0	0	0	0	3
273	136	0.53247374	2.688416	0	0	0	0	0	5e-06	0	0	0	0	3
274	137	0.535420882	2.69826368	0	0	0	0	0	5e-06	0	0	0	0	3
275	137	0.538124565	2.70811136	0	0	0	0	0	5e-06	0	0	0	0	3
276	138	0.540099039	2.71795904	0	0	0	0	0	5e-06	0	0	0	0	3
277	138	0.541386744	2.72780672	0	0	0	0	0	5e-06	0	0	0	0	3
278	139	0.542463582	2.73765439	0	0	0	0	0	5e-06	0	0	0	0	3
279	139	0.543973034	2.74750207	0	0	0	0	0	5e-06	0	0	0	0	3
280	140	0.545582805	2.75734975	0	0	0	0	0	5e-06	0	0	0	0	3
281	141	0.547481462	2.76719743	0	0	0	0	0	5e-06	0	0	0	0	3
282	141	0.549481565	2.7770451	0	0	0	0	0	5e-06	0	0	0	0	3
283	142	0.551722835	2.78689278	0	0	0	0	0	5e-06	0	0	0	0	3
284	142	0.55420967	2.79674046	0	0	0	0	0	5e-06	0	0	0	0	3
285	143	0.557002047	2.80658814	0	0	0	0	0	5e-06	0	0	0	0	3
286	143	0.558585149	2.81643581	0	0	0	0	0	5e-06	0	0	0	0	3
287	144	0.560880778	2.82628349	0	0	0	0	0	5e-06	0	0	0	0	3
288	144	0.563819255	2.83613117	0	0	0	0	0	5e-06	0	0	0	0	3
289	145	0.566151454	2.84597885	0	0	0	0	0	5e-06	0	0	0	0	3
290	145	0.568309094	2.85582653	0	0	0	0	0	5e-06	0	0	0	0	3
291	145	0.571165915	2.8656742	0	0	0	0	0	5e-06	0	0	0	0	3
292	146	0.57361953	2.87552188	0	0	0	0	0	5e-06	0	0	0	0	3
293	146	0.576062701	2.88536956	0	0	0	0	0	5e-06	0	0	0	0	3
294	147	0.578774544	2.89521724	0	0	0	0	0	5e-06	0	0	0	0	3
295	147	0.581498804	2.90506491	0	0	0	0	0	5e-06	0	0	0	0	3
296	148	0.584186558	2.91491259	0	0	0	0	0	5e-06	0	0	0	0	3
297	148	0.587044819	2.92476027	0	0	0	0	0	5e-06	0	0	0	0	3
298	149	0.58881764	2.93460795	0	0	0	0	0	5e-06	0	0	0	0	3
299	149	0.591315176	2.94445562	0	0	0	0	0	5e-06	0	0	0	0	3
300	150	0.592803136	2.9543033	0	0	0	0	0	5e-06	0	0	0	0	3
301	151	0.593799147	2.96415098	0	0	0	0	0	5e-06	0	0	0	0	3
302	151	0.594781032	2.97399866	0	0	0	0	0	5e-06	0	0	0	0	3
303	152	0.596223257	2.98384633	0	0	0	0	0	5e-06	0	0	0	0	3
304	153	0.597939693	2.99369401	0	0	0	0	0	5e-06	0	0	0	0	3
305	153	0.599776355	3.00354169	0	0	0	0	0	5e-06	0	0	0	0	3
306	154	0.600551457	3.01338937	0	0	0	0	0	5e-06	0	0	0	0	3
307	154	0.60121197	3.02323705	0	0	0	0	0	5e-06	0	0	0	0	3
308	154	0.602796935	3.03308472	0	0	0	0	0	5e-06	0	0	0	0	3
309	155	0.604016209	3.0429324	0	0	0	0	0	5e-06	0	0	0	0	3
310	155	0.605382396	3.05278008	0	0	0	0	0	5e-06	0	0	0	0	3
311	156	0.607141757	3.06262776	0	0	0	0	0	5e-06	0	0	0	0	3
312	156	0.608491625	3.07247543	0	0	0	0	0	5e-06	0	0	0	0	3
313	157	0.610199198	3.08232311	0	0	0	0	0	5e-06	0	0	0	0	3
314	157	0.611634356	3.09217079	0	0	0	0	0	5e-06	0	0	0	0	3
315	158	0.613769518	3.10201847	0	0	0	0	0	5e-06	0	0	0	0	3
316	158	0.615225653	3.11186614	0	0	0	0	0	5e-06	0	0	0	0	3
317	159	0.617248015	3.12171382	0	0	0	0	0	5e-06	0	0	0	0	3
318	159	0.619360748	3.1315615	0	0	0	0	0	5e-06	0	0	0	0	3
319	160	0.621584684	3.14140918	0	0	0	0	0	5e-06	0	0	0	0	3
320	160	0.624092621	3.15125686	0	0	0	0	0	5e-06	0	0	0	0	3
321	161	0.625771231	3.16110453	0	0	0	0	0	5e-06	0	0	0	0	3
322	161	0.628852584	3.17095221	0	0	0	0	0	5e-06	0	0	0	0	3
323	161	0.631576725	3.18079989	0	0	0	0	0	5e-06	0	0	0	0	3
324	162	0.634675632	3.19064757	0	0	0	0	0	5e-06	0	0	0	0	3
325	162	0.637324636	3.20049524	0	0	0	0	0	5e-06	0	0	0	0	3
326	163	0.639399465	3.21034292	0	0	0	0	0	5e-06	0	0	0	0	3
327	163	0.641098331	3.2201906	0	0	0	0	0	5e-06	0	0	0	0	3
328	164	0.642876691	3.23003828	0	0	0	0	0	5e-06	0	0	0	0	3
329	164	0.645305824	3.23988595	0	0	0	0	0	5e-06	0	0	0	0	3
330	165	0.646335368	3.24973363	0	0	0	0	0	5e-06	0	0	0	0	3
331	165	0.647171211	3.25958131	0	0	0	0	0	5e-06	0	0	0	0	3
332	166	0.648845652	3.26942899	0	0	0	0	0	5e-06	0	0	0	0	3
333	166	0.650600874	3.27927667	0	0	0	0	0	5e-06	0	0	0	0	3
334	167	0.652717921	3.28912434	0	0	0	0	0	5e-06	0	0	0	0	3
335	168	0.655136147	3.29897202	0	0	0	0	0	5e-06	0	0	0	0	3
336	168	0.65714551	3.3088197	0	0	0	0	0	5e-06	0	0	0	0	3
337	169	0.659383308	3.31866738	0	0	0	0	0	5e-06	0	0	0	0	3
338	169	0.66191741	3.32851505	0	0	0	0	0	5e-06	0	0	0	0	3
339	169	0.664361035	3.33836273	0	0	0	0	0	5e-06	0	0	0	0	3
340	170	0.666526668	3.34821041	0	0	0	0	0	5e-06	0	0	0	0	3
341	170	0.66910863	3.35805809	0	0	0	0	0	5e-06	0	0	0	0	3
342	171	0.671521998	3.36790576	0	0	0	0	0	5e-06	0	0	0	0	3
343	171	0.674121016	3.37775344	0	0	0	0	0	5e-06	0	0	0	0	3
344	172	0.676481679	3.38760112	0	0	0	0	0	5e-06	0	0	0	0	3
345	172	0.678414907	3.3974488	0	0	0	0	0	5e-06	0	0	0	0	3
346	172	0.681122547	3.40729647	0	0	0	0	0	5e-06	0	0	0	0	3
347	173	0.6839801	3.41714415	0	0	0	0	0	5e-06	0	0	0	0	3
348	173	0.686974888	3.42699183	0	0	0	0	0	5e-06	0	0	0	0	3
349	174	0.689644979	3.43683951	0	0	0	0	0	5e-06	0	0	0	0	3
350	174	0.692620385	3.44668719	0	0	0	0	0	5e-06	0	0	0	0	3
351	175	0.695303449	3.45653486	0	0	0	0	0	5e-06	0	0	0	0	3
352	175	0.697369835	3.46638254	0	0	0	0	0	5e-06	0	0	0	0	3
353	176	0.698479101	3.47623022	0	0	0	0	0	5e-06	0	0	0	0	3
354	176	0.699349573	3.4860779	0	0	0	0	0	5e-06	0	0	0	0	3
355	177	0.700945076	3.49592557	0	0	0	0	0	5e-06	0	0	0	0	3
356	178	0.702531971	3.50577325	0	0	0	0	0	5e-06	0	0	0	0	3
357	178	0.703903195	3.51562093	0	0	0	0	0	5e-06	0	0	0	0	3
358	179	0.705957586	3.52546861	0	0	0	0	0	5e-06	0	0	0	0	3
359	179	0.707651909	3.53531628	0	0	0	0	0	5e-06	0	0	0	0	3
360	180	0.709413342	3.54516396	0	0	0	0	0	5e-06	0	0	0	0	3
361	180	0.711800934	3.55501164	0	0	0	0	0	5e-06	0	0	0	0	3
362	181	0.714103387	3.56485932	0	0	0	0	0	5e-06	0	0	0	0	3
363	181	0.716468666	3.574707	0	0	0	0	0	5e-06	0	0	0	0	3
364	182	0.71862737	3.58455467	0	0	0	0	0	5e-06	0	0	0	0	3
365	182	0.720961906	3.59440235	0	0	0	0	0	5e-06	0	0	0	0	3
366	183	0.723759233	3.60425003	0	0	0	0	0	5e-06	0	0	0	0	3
367	183	0.725922178	3.61409771	0	0	0	0	0	5e-06	0	0	0	0	3
368	184	0.728395743	3.62394538	0	0	0	0	0	5e-06	0	0	0	0	3
369	184	0.730470018	3.63379306	0	0	0	0	0	5e-06	0	0	0	0	3
370	184	0.732968702	3.64364074	0	0	0	0	0	5e-06	0	0	0	0	3
371	185	0.735600591	3.65348842	0	0	0	0	0	5e-06	0	0	0	0	3
372	185	0.738339404	3.66333609	0	0	0	0	0	5e-06	0	0	0	0	3
373	186	0.740916764	3.67318377	0	0	0	0	0	5e-06	0	0	0	0	3
374	186	0.743718472	3.68303145	0	0	0	0	0	5e-06	0	0	0	0	3
375	187	0.746209449	3.69287913	0	0	0	0	0	5e-06	0	0	0	0	3
376	187	0.748034372	3.70272681	0	0	0	0	0	5e-06	0	0	0	0	3
377	188	0.75001138	3.71257448	0	0	0	0	0	5e-06	0	0	0	0	3
378	188	0.751000744	3.72242216	0	0	0	0	0	5e-06	0	0	0	0	3
379	189	0.751808825	3.73226984	0	0	0	0	0	5e-06	0	0	0	0	3
380	189	0.753368785	3.74211752	0	0	0	0	0	5e-06	0	0	0	0	3
381	190	0.755106512	3.75196519	0	0	0	0	0	5e-06	0	0	0	0	3
382	191	0.756265394	3.76181287	0	0	0	0	0	5e-06	0	0	0	0	3
383	191	0.75824979	3.77166055	0	0	0	0	0	5e-06	0	0	0	0	3
384	191	0.760230492	3.78150823	0	0	0	0	0	5e-06	0	0	0	0	3
385	192	0.761697782	3.7913559	0	0	0	0	0	5e-06	0	0	0	0	3
386	193	0.764548394	3.80120358	0	0	0	0	0	5e-06	0	0	0	0	3
387	193	0.767286626	3.81105126	0	0	0	0	0	5e-06	0	0	0	0	3
388	194	0.769896755	3.82089894	0	0	0	0	0	5e-06	0	0	0	0	3
389	194	0.771516746	3.83074661	0	0	0	0	0	5e-06	0	0	0	0	3
390	195	0.77381808	3.84059429	0	0	0	0	0	5e-06	0	0	0	0	3
391	195	0.775930009	3.85044197	0	0	0	0	0	5e-06	0	0	0	0	3
392	195	0.77892543	3.86028965	0	0	0	0	0	5e-06	0	0	0	0	3
393	196	0.781048252	3.87013733	0	0	0	0	0	5e-06	0	0	0	0	3
394	196	0.783689226	3.879985	0	0	0	0	0	5e-06	0	0	0	0	3
395	197	0.786262845	3.88983268	0	0	0	0	0	5e-06	0	0	0	0	3
396	197	0.788884627	3.89968036	0	0	0	0	0	5e-06	0	0	0	0	3
397	197	0.791642688	3.90952804	0	0	0	0	0	5e-06	0	0	0	0	3
398	198	0.794336755	3.91937571	0	0	0	0	0	5e-06	0	0	0	0	3
399	198	0.797211118	3.92922339	0	0	0	0	0	5e-06	0	0	0	0	3
400	199	0.799748539	3.93907107	0	0	0	0	0	5e-06	0	0	0	0	3
401	200	0.801782097	3.94891875	0	0	0	0	0	5e-06	0	0	0	0	3
402	201	0.803340917	3.95876642	0	0	0	0	0	5e-06	0	0	0	0	3
403	201	0.804331216	3.9686141	0	0	0	0	0	5e-06	0	0	0	0	3
404	202	0.805842035	3.97846178	0	0	0	0	0	5e-06	0	0	0	0	3
405	202	0.807617503	3.98830946	0	0	0	0	0	5e-06	0	0	0	0	3
406	203	0.809587321	3.99815714	0	0	0	0	0	5e-06	0	0	0	0	3
407	203	0.811186301	4.00800481	0	0	0	0	0	5e-06	0	0	0	0	3
408	204	0.813454882	4.01785249	0	0	0	0	0	5e-06	0	0	0	0	3
409	204	0.815741274	4.02770017	0	0	0	0	0	5e-06	0	0	0	0	3
410	205	0.818540416	4.03754785	0	0	0	0	0	5e-06	0	0	0	0	3
411	205	0.820452421	4.04739552	0	0	0	0	0	5e-06	0	0	0	0	3
412	206	0.822987056	4.0572432	0	0	0	0	0	5e-06	0	0	0	0	3
413	206	0.825464233	4.06709088	0	0	0	0	0	5e-06	0	0	0	0	3
414	207	0.827751278	4.07693856	0	0	0	0	0	5e-06	0	0	0	0	3
415	207	0.830590603	4.08678623	0	0	0	0	0	5e-06	0	0	0	0	3
416	208	0.832684664	4.09663391	0	0	0	0	0	5e-06	0	0	0	0	3
417	208	0.834983075	4.10648159	0	0	0	0	0	5e-06	0	0	0	0	3
418	208	0.837355606	4.11632927	0	0	0	0	0	5e-06	0	0	0	0	3
419	209	0.839843353	4.12617695	0	0	0	0	0	5e-06	0	0	0	0	3
420	209	0.84242512	4.13602462	0	0	0	0	0	5e-06	0	0	0	0	3
421	210	0.84515616	4.1458723	0	0	0	0	0	5e-06	0	0	0	0	3
422	210	0.848083403	4.15571998	0	0	0	0	0	5e-06	0	0	0	0	3
423	211	0.849809685	4.16556766	0	0	0	0	0	5e-06	0	0	0	0	3
424	211	0.852243532	4.17541533	0	0	0	0	0	5e-06	0	0	0	0	3
425	212	0.854247397	4.18526301	0	0	0	0	0	5e-06	0	0	0	0	3
426	212	0.855514926	4.19511069	0	0	0	0	0	5e-06	0	0	0	0	3
427	213	0.856385652	4.20495837	0	0	0	0	0	5e-06	0	0	0	0	3
428	213	0.858054257	4.21480604	0	0	0	0	0	5e-06	0	0	0	0	3
429	214	0.859898413	4.22465372	0	0	0	0	0	5e-06	0	0	0	0	3
430	215	0.8616702	4.2345014	0	0	0	0	0	5e-06	0	0	0	0	3
431	215	0.864001864	4.24434908	0	0	0	0	0	5e-06	0	0	0	0	3
432	216	0.865500297	4.25419675	0	0	0	0	0	5e-06	0	0	0	0	3
433	216	0.868048985	4.26404443	0	0	0	0	0	5e-06	0	0	0	0	3
434	217	0.870279057	4.27389211	0	0	0	0	0	5e-06	0	0	0	0	3
435	217	0.871995108	4.28373979	0	0	0	0	0	5e-06	0	0	0	0	3
436	218	0.874268342	4.29358747	0	0	0	0	0	5e-06	0	0	0	0	3
437	218	0.875640802	4.30343514	0	0	0	0	0	5e-06	0	0	0	0	3
438	219	0.87797636	4.31328282	0	0	0	0	0	5e-06	0	0	0	0	3
439	219	0.880243316	4.3231305	0	0	0	0	0	5e-06	0	0	0	0	3
440	220	0.882821391	4.33297818	0	0	0	0	0	5e-06	0	0	0	0	3
441	220	0.885633882	4.34282585	0	0	0	0	0	5e-06	0	0	0	0	3
442	221	0.887924302	4.35267353	0	0	0	0	0	5e-06	0	0	0	0	3
443	221	0.890185889	4.36252121	0	0	0	0	0	5e-06	0	0	0	0	3
444	221	0.892786147	4.37236889	0	0	0	0	0	5e-06	0	0	0	0	3
445	222	0.895467441	4.38221656	0	0	0	0	0	5e-06	0	0	0	0	3
446	222	0.898135952	4.39206424	0	0	0	0	0	5e-06	0	0	0	0	3
447	223	0.901062015	4.40191192	0	0	0	0	0	5e-06	0	0	0	0	3
448	223	0.903766086	4.4117596	0	0	0	0	0	5e-06	0	0	0	0	3
449	224	0.905703212	4.42160728	0	0	0	0	0	5e-06	0	0	0	0	3
450	225	0.90735397	4.43145495	0	0	0	0	0	5e-06	0	0	0	0	3
451	225	0.908395957	4.44130263	0	0	0	0	0	5e-06	0	0	0	0	3
452	226	0.909303773	4.45115031	0	0	0	0	0	5e-06	0	0	0	0	3
453	226	0.910919027	4.46099799	0	0	0	0	0	5e-06	0	0	0	0	3
454	227	0.912836537	4.47084566	0	0	0	0	0	5e-06	0	0	0	0	3
455	228	0.914740799	4.48069334	0	0	0	0	0	5e-06	0	0	0	0	3
456	228	0.915381926	4.49054102	0	0	0	0	0	5e-06	0	0	0	0	3
457	228	0.917030522	4.5003887	0	0	0	0	0	5e-06	0	0	0	0	3
458	229	0.918700955	4.51023637	0	0	0	0	0	5e-06	0	0	0	0	3
459	229	0.920508622	4.52008405	0	0	0	0	0	5e-06	0	0	0	0	3
460	230	0.922361446	4.52993173	0	0	0	0	0	5e-06	0	0	0	0	3
461	230	0.924372579	4.53977941	0	0	0	0	0	5e-06	0	0	0	0	3
462	231	0.927064872	4.54962709	0	0	0	0	0	5e-06	0	0	0	0	3
463	231	0.928524824	4.55947476	0	0	0	0	0	5e-06	0	0	0	0	3
464	232	0.931179794	4.56932244	0	0	0	0	0	5e-06	0	0	0	0	3
465	232	0.933769921	4.57917012	0	0	0	0	0	5e-06	0	0	0	0	3
466	233	0.936028083	4.5890178	0	0	0	0	0	5e-06	0	0	0	0	3
467	233	0.939065831	4.59886547	0	0	0	0	0	5e-06	0	0	0	0	3
468	234	0.941401883	4.60871315	0	0	0	0	0	5e-06	0	0	0	0	3
469	234	0.944028692	4.61856083	0	0	0	0	0	5e-06	0	0	0	0	3
470	234	0.946661356	4.62840851	0	0	0	0	0	5e-06	0	0	0	0	3
471	235	0.949403335	4.63825618	0	0	0	0	0	5e-06	0	0	0	0	3
472	235	0.952244665	4.64810386	0	0	0	0	0	5e-06	0	0	0	0	3
473	236	0.955016858	4.65795154	0	0	0	0	0	5e-06	0	0	0	0	3
474	236	0.957527007	4.66779922	0	0	0	0	0	5e-06	0	0	0	0	3
475	237	0.959927448	4.67764689	0	0	0	0	0	5e-06	0	0	0	0	3
476	237	0.960460346	4.68749457	0	0	0	0	0	5e-06	0	0	0	0	3
477	238	0.961341756	4.69734225	0	0	0	0	0	5e-06	0	0	0	0	3
478	239	0.962798487	4.70718993	0	0	0	0	0	5e-06	0	0	0	0	3
479	239	0.964609146	4.71703761	0	0	0	0	0	5e-06	0	0	0	0	3
480	240	0.966063157	4.72688528	0	0	0	0	0	5e-06	0	0	0	0	3
481	240	0.967950866	4.73673296	0	0	0	0	0	5e-06	0	0	0	0	3
482	241	0.96915167	4.74658064	0	0	0	0	0	5e-06	0	0	0	0	3
483	241	0.970517175	4.75642832	0	0	0	0	0	5e-06	0	0	0	0	3
484	242	0.972700526	4.76627599	0	0	0	0	0	5e-06	0	0	0	0	3
485	242	0.975029855	4.77612367	0	0	0	0	0	5e-06	0	0	0	0	3
486	243	0.977567606	4.78597135	0	0	0	0	0	5e-06	0	0	0	0	3
487	243	0.979584159	4.79581903	0	0	0	0	0	5e-06	0	0	0	0	3
488	244	0.981002403	4.8056667	0	0	0	0	0	5e-06	0	0	0	0	3
489	244	0.983820564	4.81551438	0	0	0	0	0	5e-06	0	0	0	0	3
490	245	0.98645703	4.82536206	0	0	0	0	0	5e-06	0	0	0	0	3
491	245	0.988621695	4.83520974	0	0	0	0	0	5e-06	0	0	0	0	3
492	246	0.990708946	4.84505742	0	0	0	0	0	5e-06	0	0	0	0	3
493	246	0.993535455	4.85490509	0	0	0	0	0	5e-06	0	0	0	0	3
494	246	0.996680249	4.86475277	0	0	0	0	0	5e-06	0	0	0	0	3
495	247	0.999411979	4.87460045	0	0	0	0	0	5e-06	0	0	0	0	3
496	247	1	4.88444813	0	0	0	0	0	5e-06	0	0	0	0	3
