Iteration	CPUTime	PhysTime	Travels	Value	AvValue	MinValue	MaxValue	Delta	Criteria	PrevAvRefValue	Progress	CriteriaType	CriteriaVarType	CriteriaPercentage
1	3	0.00019322221	0.00984767767	293.19895	293.19895	293.19895	293.19895	0	0	0	0	0	0	3
2	3	0.000380596769	0.0196953553	293.202727	293.20081	293.19895	293.202727	0.00185973355	0	0	0	0	0	3
3	3	0.000571449991	0.029543033	293.202906	293.20151	293.19895	293.202906	0.00255981166	0	0	0	0	0	3
4	4	0.00076616844	0.0393907107	293.203526	293.202022	293.19895	293.203526	0.00307228117	0	0	0	0	0	3
5	4	0.000968963276	0.0492383884	293.202865	293.202199	293.19895	293.203526	0.00324866434	0	0	0	0	0	3
6	5	0.00131808996	0.059086066	293.20326	293.20248	293.19895	293.203526	0.00352980837	0	0	0	0	0	3
7	5	0.00170667909	0.0689337437	293.203083	293.202617	293.19895	293.203526	0.00366710996	0	0	0	0	0	3
8	6	0.00208942805	0.0787814214	293.203255	293.202734	293.19895	293.203526	0.00378395754	0	0	0	0	0	3
9	6	0.00246700665	0.0886290991	293.203043	293.202781	293.19895	293.203526	0.00383121978	0	0	0	0	0	3
10	6	0.00285561827	0.0984767767	293.203401	293.202865	293.19895	293.203526	0.00391557045	0	0	0	0	0	3
11	7	0.00348539229	0.108324454	293.203249	293.202935	293.19895	293.203526	0.0039849482	0	0	0	0	0	3
12	7	0.00416906263	0.118172132	293.203523	293.203031	293.19895	293.203526	0.00408136501	0	0	0	0	0	3
13	7	0.00485602559	0.12801981	293.203753	293.203133	293.19895	293.203753	0.00418343795	0	0	0	0	0	3
14	8	0.00551890491	0.137867487	293.203743	293.203207	293.19895	293.203753	0.00425669647	0	0	0	0	0	3
15	8	0.00615692175	0.147715165	293.203443	293.203231	293.19895	293.203753	0.00428117533	0	0	0	0	0	3
16	9	0.00709733485	0.157562843	293.203595	293.203279	293.19895	293.203753	0.00432941339	0	0	0	0	0	3
17	9	0.00800229173	0.16741052	293.203703	293.203327	293.19895	293.203753	0.00437732228	0	0	0	0	0	3
18	10	0.00897053477	0.177258198	293.203787	293.203377	293.19895	293.203787	0.00442697	0	0	0	0	0	3
19	10	0.00989490948	0.187105876	293.203665	293.203404	293.19895	293.203787	0.00445385781	0	0	0	0	0	3
20	11	0.0106114603	0.196953553	293.203914	293.203438	293.19895	293.203914	0.00448830356	0	0	0	0	0	3
21	11	0.0117909495	0.206801231	293.203935	293.203488	293.19895	293.203935	0.00453798409	0	0	0	0	0	3
22	12	0.0127177908	0.216648909	293.204029	293.203527	293.19895	293.204029	0.0045774232	0	0	0	0	0	3
23	12	0.0138600273	0.226496586	293.204389	293.203598	293.19895	293.204389	0.00464841621	0	0	0	0	0	3
24	13	0.0149186673	0.236344264	293.204728	293.203678	293.19895	293.204728	0.00472857481	0	0	0	0	0	3
25	13	0.015900547	0.246191942	293.205089	293.203766	293.19895	293.205089	0.00481567054	0	0	0	0	0	3
26	14	0.0176774878	0.25603962	293.206608	293.204051	293.19895	293.206608	0.00510136607	0	0	0	0	0	3
27	15	0.0182764837	0.265887297	293.203678	293.204039	293.19895	293.206608	0.00510136607	0	0	0	0	0	3
28	15	0.0189750303	0.275734975	293.204515	293.204057	293.19895	293.206608	0.00510667114	0	0	0	0	0	3
29	16	0.0199567878	0.285582653	293.203105	293.20401	293.19895	293.206608	0.00510667114	0	0	0	0	0	3
30	16	0.0213879052	0.29543033	293.205503	293.20411	293.19895	293.206608	0.00515976694	0	0	0	0	0	3
31	17	0.0227496075	0.305278008	293.203257	293.204059	293.19895	293.206608	0.00515976694	0	0	0	0	0	3
32	17	0.0247030351	0.315125686	293.204422	293.204087	293.19895	293.206608	0.00515976694	0	0	0	0	0	3
33	18	0.0269240731	0.324973363	293.204211	293.204098	293.19895	293.206608	0.00515976694	0	0	0	0	0	3
34	18	0.0284308708	0.334821041	293.205297	293.204161	293.19895	293.206608	0.00521125895	0	0	0	0	0	3
35	19	0.0307428609	0.344668719	293.204999	293.204224	293.19895	293.206608	0.00527424405	0	0	0	0	0	3
36	19	0.0328027973	0.354516396	293.204586	293.204247	293.19895	293.206608	0.00529695619	0	0	0	0	0	3
37	20	0.0350024639	0.364364074	293.20377	293.204217	293.19895	293.206608	0.00529695619	0	0	0	0	0	3
38	20	0.0373997285	0.374211752	293.203348	293.204161	293.19895	293.206608	0.00529695619	0	0	0	0	0	3
39	21	0.0397379433	0.384059429	293.203573	293.204127	293.19895	293.206608	0.00529695619	0	0	0	0	0	3
40	21	0.0417591339	0.393907107	293.203614	293.204102	293.19895	293.206608	0.00529695619	0	0	0	0	0	3
41	21	0.0445205612	0.403754785	293.203535	293.204067	293.19895	293.206608	0.00529695619	0	0	0	0	0	3
42	22	0.0470539997	0.413602462	293.203608	293.204042	293.19895	293.206608	0.00529695619	0	0	0	0	0	3
43	22	0.0494011457	0.42345014	293.203507	293.204016	293.19895	293.206608	0.00529695619	0	0	0	0	0	3
44	23	0.0525113232	0.433297818	293.2033	293.203974	293.19895	293.206608	0.00529695619	0	0	0	0	0	3
45	23	0.0553338412	0.443145495	293.203425	293.203946	293.19895	293.206608	0.00529695619	0	0	0	0	0	3
46	23	0.0581785113	0.452993173	293.2038	293.203939	293.19895	293.206608	0.00529695619	0	0	0	0	0	3
47	24	0.0609373496	0.462840851	293.203849	293.203935	293.19895	293.206608	0.00529695619	0	0	0	0	0	3
48	24	0.0638054619	0.472688528	293.204141	293.203944	293.19895	293.206608	0.00529695619	0	0	0	0	0	3
49	25	0.066208871	0.482536206	293.204544	293.203966	293.19895	293.206608	0.00529695619	0	0	0	0	0	3
50	25	0.0681340565	0.492383884	293.204978	293.203994	293.19895	293.206608	0.00529695619	0	0	0	0	0	3
51	26	0.0698734821	0.502231561	293.2057	293.204037	293.19895	293.206608	0.00529695619	0	0	0	0	0	3
52	26	0.0707348491	0.512079239	293.205331	293.204067	293.202727	293.206608	0.00343722265	0	0	0	0	0	3
53	27	0.0716440907	0.521926917	293.204401	293.204074	293.202865	293.206608	0.00273714454	0	0	0	0	0	3
54	28	0.0735262263	0.531774594	293.205223	293.204107	293.202865	293.206608	0.00222467502	0	0	0	0	0	3
55	28	0.0754504566	0.541622272	293.204507	293.204119	293.202865	293.206608	0.00204829185	0	0	0	0	0	3
56	29	0.0776748393	0.55146995	293.204429	293.204131	293.203043	293.206608	0.00176714782	0	0	0	0	0	3
57	29	0.0793398044	0.561317627	293.203841	293.204129	293.203043	293.206608	0.00162984624	0	0	0	0	0	3
58	30	0.0812333182	0.571165305	293.204277	293.204138	293.203043	293.206608	0.00151299865	0	0	0	0	0	3
59	30	0.0841171147	0.581012983	293.203765	293.204129	293.203043	293.206608	0.00146573641	0	0	0	0	0	3
60	31	0.085635645	0.59086066	293.205903	293.204166	293.203105	293.206608	0.00138138574	0	0	0	0	0	3
61	31	0.0877790148	0.600708338	293.205385	293.2042	293.203105	293.206608	0.00131200799	0	0	0	0	0	3
62	32	0.0905874038	0.610556016	293.204459	293.204215	293.203105	293.206608	0.00121559118	0	0	0	0	0	3
63	32	0.0932021056	0.620403693	293.20413	293.204218	293.203105	293.206608	0.00111351824	0	0	0	0	0	3
64	33	0.0954578203	0.630251371	293.204011	293.204217	293.203105	293.206608	0.00104025972	0	0	0	0	0	3
65	33	0.0980023133	0.640099049	293.20368	293.204205	293.203105	293.206608	0.00101578086	0	0	0	0	0	3
66	33	0.100693908	0.649946726	293.203468	293.204189	293.203105	293.206608	0.000967542804	0	0	0	0	0	3
67	34	0.102884199	0.659794404	293.203577	293.204181	293.203105	293.206608	0.000919633913	0	0	0	0	0	3
68	34	0.105255243	0.669642082	293.203479	293.204169	293.203105	293.206608	0.000869986194	0	0	0	0	0	3
69	34	0.107890554	0.679489759	293.203704	293.20416	293.203105	293.206608	0.00084309838	0	0	0	0	0	3
70	35	0.110777893	0.689337437	293.204041	293.204161	293.203105	293.206608	0.000808652638	0	0	0	0	0	3
71	35	0.11338448	0.699185115	293.204131	293.204162	293.203105	293.206608	0.000758972107	0	0	0	0	0	3
72	36	0.116195548	0.709032792	293.204275	293.204168	293.203105	293.206608	0.000719532992	0	0	0	0	0	3
73	36	0.118856973	0.71888047	293.204731	293.204183	293.203105	293.206608	0.000648539989	0	0	0	0	0	3
74	37	0.120794519	0.728728148	293.205535	293.204205	293.203105	293.206608	0.000568381381	0	0	0	0	0	3
75	38	0.122171532	0.738575825	293.205431	293.204216	293.203105	293.206608	0.000481285655	0	0	0	0	0	3
76	38	0.123025204	0.748423503	293.204993	293.204214	293.203105	293.206608	0.000312037387	0	0	0	0	0	3
77	39	0.12417531	0.758271181	293.204611	293.204178	293.203105	293.205903	0.000312037387	0	0	0	0	0	3
78	39	0.126055065	0.768118859	293.20569	293.204208	293.203105	293.205903	0.000312037387	0	0	0	0	0	3
79	40	0.127315179	0.777966536	293.204748	293.204212	293.203105	293.205903	0.000312037387	0	0	0	0	0	3
80	40	0.129069511	0.787814214	293.205326	293.20424	293.203257	293.205903	0.000312037387	0	0	0	0	0	3
81	41	0.131497803	0.797661892	293.2046	293.204231	293.203257	293.205903	0.000312037387	0	0	0	0	0	3
82	42	0.132778406	0.807509569	293.205893	293.204263	293.2033	293.205903	0.000327891093	0	0	0	0	0	3
83	42	0.134224636	0.817357247	293.205745	293.204279	293.2033	293.205903	0.000344627899	0	0	0	0	0	3
84	42	0.136957767	0.827204925	293.20556	293.204313	293.2033	293.205903	0.000377817845	0	0	0	0	0	3
85	43	0.138829179	0.837052602	293.205311	293.204316	293.2033	293.205903	0.000381304679	0	0	0	0	0	3
86	43	0.141451474	0.84690028	293.204431	293.204305	293.2033	293.205903	0.000381304679	0	0	0	0	0	3
87	44	0.143418969	0.856747958	293.204079	293.204295	293.2033	293.205903	0.000381304679	0	0	0	0	0	3
88	44	0.146195981	0.866595635	293.203624	293.204289	293.2033	293.205903	0.000381304679	0	0	0	0	0	3
89	45	0.148172678	0.876443313	293.203688	293.204299	293.2033	293.205903	0.000381304679	0	0	0	0	0	3
90	45	0.150506191	0.886290991	293.203598	293.204299	293.2033	293.205903	0.000381304679	0	0	0	0	0	3
91	45	0.153214303	0.896138668	293.203398	293.20429	293.2033	293.205903	0.000381304679	0	0	0	0	0	3
92	46	0.155204028	0.905986346	293.203559	293.204295	293.2033	293.205903	0.000381304679	0	0	0	0	0	3
93	46	0.157485753	0.915834024	293.20368	293.204298	293.2033	293.205903	0.000381304679	0	0	0	0	0	3
94	47	0.160152923	0.925681701	293.203859	293.204305	293.2033	293.205903	0.000381304679	0	0	0	0	0	3
95	47	0.163032201	0.935529379	293.204204	293.20433	293.203398	293.205903	0.000395489457	0	0	0	0	0	3
96	48	0.165721048	0.945377057	293.204269	293.204352	293.203398	293.205903	0.000417130343	0	0	0	0	0	3
97	48	0.16830073	0.955224734	293.204362	293.204366	293.203398	293.205903	0.00043164302	0	0	0	0	0	3
98	49	0.169993933	0.965072412	293.20457	293.204383	293.203398	293.205903	0.000438618876	0	0	0	0	0	3
99	49	0.172183414	0.97492009	293.205227	293.204406	293.203398	293.205903	0.00044028356	0	0	0	0	0	3
100	50	0.174081704	0.984767767	293.205547	293.204423	293.203398	293.205903	0.000428692144	0	0	0	0	0	3
101	51	0.175057252	0.994615445	293.206461	293.204432	293.203398	293.206461	0.000394846681	0	0	0	0	0	3
102	51	0.175892311	1.00446312	293.204486	293.204411	293.203398	293.206461	0.000365112718	0.000409746628	0	0	0	0	3
103	52	0.177402566	1.0143108	293.20505	293.204413	293.203398	293.206461	0.000357329239	0.000409746628	0	0	0	0	3
104	52	0.179159994	1.02415848	293.205649	293.204433	293.203398	293.206461	0.000326177861	0.000409746628	0	0	0	0	3
105	53	0.181099575	1.03400616	293.204947	293.204429	293.203398	293.206461	0.00031435478	0.000409746628	0	0	0	0	3
106	54	0.183498608	1.04385383	293.204735	293.204434	293.203398	293.206461	0.000305504655	0.000409746628	0	0	0	0	3
107	54	0.185949981	1.05370151	293.2051	293.204449	293.203398	293.206461	0.000320681868	0.000409746628	0	0	0	0	3
108	55	0.188022137	1.06354919	293.205367	293.204476	293.203398	293.206461	0.000347492583	0.000409746628	0	0	0	0	3
109	55	0.190417793	1.07339687	293.205596	293.204504	293.203398	293.206461	0.000375506217	0.000409746628	0	0	0	0	3
110	56	0.192591432	1.08324454	293.205257	293.204539	293.203398	293.206461	0.000378905582	0.000409746628	0	0	0	0	3
111	56	0.194894352	1.09309222	293.204373	293.204516	293.203398	293.206461	0.000378905582	0.000409746628	0	0	0	0	3
112	57	0.197778485	1.1029399	293.204104	293.204489	293.203398	293.206461	0.000378905582	0.000409746628	0	0	0	0	3
113	57	0.200750216	1.11278758	293.204089	293.204479	293.203398	293.206461	0.000378905582	0.000409746628	0	0	0	0	3
114	57	0.203041603	1.12263525	293.203819	293.204473	293.203398	293.206461	0.000378905582	0.000409746628	0	0	0	0	3
115	58	0.205081565	1.13248293	293.203541	293.204465	293.203398	293.206461	0.000378905582	0.000409746628	0	0	0	0	3
116	58	0.207110793	1.14233061	293.203596	293.204467	293.203398	293.206461	0.000378905582	0.000409746628	0	0	0	0	3
117	59	0.209337991	1.15217829	293.203602	293.204474	293.203398	293.206461	0.000378905582	0.000409746628	0	0	0	0	3
118	59	0.211935413	1.16202597	293.203825	293.204477	293.203398	293.206461	0.000378905582	0.000409746628	0	0	0	0	3
119	60	0.21458211	1.17187364	293.204219	293.204492	293.203398	293.206461	0.000378905582	0.000409746628	0	0	0	0	3
120	60	0.217281397	1.18172132	293.204374	293.204509	293.203398	293.206461	0.000377757535	0.000409746628	0	0	0	0	3
121	60	0.220230227	1.191569	293.204546	293.204522	293.203398	293.206461	0.000376795209	0.000409746628	0	0	0	0	3
122	61	0.222908991	1.20141668	293.20475	293.204537	293.203398	293.206461	0.000371195302	0.000409746628	0	0	0	0	3
123	62	0.224822851	1.21126435	293.20561	293.204562	293.203398	293.206461	0.000383967894	0.000409746628	0	0	0	0	3
124	62	0.226401367	1.22111203	293.205523	293.204572	293.203398	293.206461	0.000393885717	0.000409746628	0	0	0	0	3
125	63	0.227466443	1.23095971	293.206417	293.204573	293.203398	293.206461	0.000394816002	0.000409746628	0	0	0	0	3
126	63	0.228388625	1.24080739	293.205318	293.204569	293.203398	293.206461	0.000394816002	0.000409746628	0	0	0	0	3
127	64	0.230007431	1.25065506	293.204054	293.204557	293.203398	293.206461	0.000394816002	0.000409746628	0	0	0	0	3
128	64	0.231825279	1.26050274	293.206255	293.204586	293.203398	293.206461	0.000377934134	0.000409746628	0	0	0	0	3
129	65	0.233223799	1.27035042	293.204614	293.204567	293.203398	293.206461	0.000373628351	0.000409746628	0	0	0	0	3
130	66	0.235612492	1.2801981	293.204759	293.204569	293.203398	293.206461	0.000354230501	0.000409746628	0	0	0	0	3
131	66	0.237386818	1.29004578	293.205272	293.204568	293.203398	293.206461	0.000354230501	0.000409746628	0	0	0	0	3
132	67	0.239629339	1.29989345	293.203672	293.204549	293.203398	293.206461	0.000322839145	0.000409746628	0	0	0	0	3
133	67	0.241513281	1.30974113	293.206177	293.204561	293.203398	293.206461	0.000306102339	0.000409746628	0	0	0	0	3
134	68	0.243955194	1.31958881	293.206231	293.204583	293.203398	293.206461	0.000296569821	0.000409746628	0	0	0	0	3
135	68	0.246049646	1.32943649	293.204935	293.204565	293.203398	293.206461	0.000296569821	0.000409746628	0	0	0	0	3
136	69	0.247262028	1.33928416	293.203891	293.204544	293.203398	293.206461	0.000296569821	0.000409746628	0	0	0	0	3
137	69	0.249055452	1.34913184	293.204316	293.204543	293.203398	293.206461	0.000296569821	0.000409746628	0	0	0	0	3
138	70	0.25112115	1.35897952	293.204161	293.204545	293.203398	293.206461	0.000296569821	0.000409746628	0	0	0	0	3
139	70	0.253553013	1.3688272	293.204284	293.204562	293.203398	293.206461	0.000295838138	0.000409746628	0	0	0	0	3
140	71	0.256082073	1.37867487	293.204044	293.204566	293.203398	293.206461	0.000295838138	0.000409746628	0	0	0	0	3
141	71	0.25888187	1.38852255	293.203984	293.204572	293.203398	293.206461	0.000295838138	0.000409746628	0	0	0	0	3
142	71	0.261223609	1.39837023	293.204109	293.204591	293.203541	293.206461	0.000296111969	0.000409746628	0	0	0	0	3
143	72	0.263606302	1.40821791	293.204248	293.204603	293.203541	293.206461	0.000304477732	0.000409746628	0	0	0	0	3
144	72	0.266083123	1.41806558	293.204505	293.20462	293.203541	293.206461	0.000315436046	0.000409746628	0	0	0	0	3
145	73	0.268691541	1.42791326	293.204699	293.204641	293.203541	293.206461	0.000310373974	0.000409746628	0	0	0	0	3
146	73	0.271397333	1.43776094	293.204602	293.204651	293.203541	293.206461	0.000299363108	0.000409746628	0	0	0	0	3
147	74	0.27382	1.44760862	293.204837	293.204665	293.203541	293.206461	0.000298526245	0.000409746628	0	0	0	0	3
148	74	0.276338061	1.4574563	293.205472	293.204691	293.203541	293.206461	0.000308294207	0.000409746628	0	0	0	0	3
149	75	0.278454248	1.46730397	293.206299	293.204724	293.203541	293.206461	0.000318104934	0.000409746628	0	0	0	0	3
150	75	0.279544071	1.47715165	293.205584	293.204723	293.203541	293.206461	0.000312881977	0.000409746628	0	0	0	0	3
151	76	0.28043185	1.48699933	293.205324	293.204713	293.203541	293.206461	0.000312881977	0.000409746628	0	0	0	0	3
152	76	0.281990103	1.49684701	293.205104	293.204703	293.203541	293.206417	0.000312881977	0.000409746628	0	0	0	0	3
153	77	0.28373527	1.50669468	293.2052	293.204713	293.203541	293.206417	0.000311270825	0.000409746628	0	0	0	0	3
154	78	0.285571933	1.51654236	293.205056	293.204714	293.203541	293.206417	0.000295519776	0.000409746628	0	0	0	0	3
155	78	0.287991836	1.52639004	293.20506	293.204706	293.203541	293.206417	0.000295519776	0.000409746628	0	0	0	0	3
156	79	0.2901837	1.53623772	293.205435	293.204717	293.203541	293.206417	0.000290107199	0.000409746628	0	0	0	0	3
157	79	0.292611272	1.54608539	293.203673	293.204693	293.203541	293.206417	0.000274929986	0.000409746628	0	0	0	0	3
158	80	0.293931398	1.55593307	293.206945	293.204711	293.203541	293.206945	0.000258917777	0.000409746628	0	0	0	0	3
159	80	0.295563343	1.56578075	293.206278	293.204722	293.203541	293.206945	0.000258917777	0.000409746628	0	0	0	0	3
160	81	0.297992554	1.57562843	293.205508	293.204721	293.203541	293.206945	0.000258917777	0.000409746628	0	0	0	0	3
161	81	0.299705616	1.58547611	293.205695	293.204725	293.203541	293.206945	0.000260076991	0.000409746628	0	0	0	0	3
162	82	0.302396282	1.59532378	293.204866	293.204736	293.203541	293.206945	0.000271142703	0.000409746628	0	0	0	0	3
163	82	0.304118064	1.60517146	293.204666	293.204752	293.203541	293.206945	0.000287147303	0.000409746628	0	0	0	0	3
164	83	0.306889191	1.61501914	293.204312	293.20476	293.203541	293.206945	0.00029422666	0.000409746628	0	0	0	0	3
165	83	0.309035835	1.62486682	293.203994	293.204764	293.203541	293.206945	0.000299059992	0.000409746628	0	0	0	0	3
166	84	0.311446872	1.63471449	293.20427	293.204777	293.203596	293.206945	0.000309171877	0.000409746628	0	0	0	0	3
167	84	0.313831303	1.64456217	293.204406	293.204791	293.203602	293.206945	0.000316311371	0.000409746628	0	0	0	0	3
168	84	0.316384394	1.65440985	293.204436	293.204807	293.203672	293.206945	0.000330034748	0.000409746628	0	0	0	0	3
169	85	0.318926312	1.66425753	293.204705	293.204828	293.203672	293.206945	0.000336066548	0.000409746628	0	0	0	0	3
170	85	0.321580295	1.6741052	293.204921	293.204846	293.203672	293.206945	0.000337365993	0.000409746628	0	0	0	0	3
171	86	0.324420769	1.68395288	293.204845	293.204858	293.203672	293.206945	0.000335881051	0.000409746628	0	0	0	0	3
172	86	0.327130087	1.69380056	293.20516	293.204874	293.203672	293.206945	0.000337256029	0.000409746628	0	0	0	0	3
173	87	0.329419507	1.70364824	293.205829	293.204898	293.203672	293.206945	0.000354239077	0.000409746628	0	0	0	0	3
174	87	0.331166089	1.71349592	293.206143	293.204905	293.203672	293.206945	0.000361871756	0.000409746628	0	0	0	0	3
175	88	0.332177837	1.72334359	293.206373	293.20491	293.203672	293.206945	0.000366686552	0.000409746628	0	0	0	0	3
176	88	0.333031375	1.73319127	293.205363	293.204899	293.203672	293.206945	0.000366686552	0.000409746628	0	0	0	0	3
177	89	0.334522144	1.74303895	293.20483	293.204894	293.203672	293.206945	0.000366686552	0.000409746628	0	0	0	0	3
178	90	0.336377661	1.75288663	293.207437	293.204951	293.203672	293.207437	0.000407689093	0.000409746628	0	0	0	0	3
179	90	0.337585248	1.7627343	293.204671	293.204925	293.203672	293.207437	0.000407689093	0.000409746628	0	0	0	0	3
180	91	0.339140657	1.77258198	293.205439	293.204937	293.203672	293.207437	0.000407689093	0.000409746628	0	0	0	0	3
181	91	0.341223704	1.78242966	293.205857	293.204959	293.203672	293.207437	0.000415898604	0.000409746628	0	0	0	0	3
182	92	0.342970047	1.79227734	293.205261	293.204959	293.203672	293.207437	0.000415898604	0.000409746628	0	0	0	0	3
183	92	0.34525277	1.80212501	293.205412	293.204996	293.203673	293.207437	0.000452767966	0.000409746628	0	0	0	0	3
184	93	0.347284132	1.81197269	293.20605	293.204995	293.203673	293.207437	0.000452767966	0.000409746628	0	0	0	0	3
185	93	0.34956046	1.82182037	293.205653	293.204981	293.203673	293.207437	0.000452767966	0.000409746628	0	0	0	0	3
186	94	0.351438356	1.83166805	293.205151	293.204985	293.203673	293.207437	0.000452767966	0.000409746628	0	0	0	0	3
187	94	0.353451405	1.84151572	293.204423	293.204987	293.203673	293.207437	0.000452767966	0.000409746628	0	0	0	0	3
188	95	0.355564544	1.8513634	293.204808	293.204994	293.203673	293.207437	0.000451613084	0.000409746628	0	0	0	0	3
189	95	0.357115787	1.86121108	293.204706	293.205006	293.203673	293.207437	0.000444062343	0.000409746628	0	0	0	0	3
190	95	0.359187127	1.87105876	293.204433	293.205012	293.203673	293.207437	0.000445606557	0.000409746628	0	0	0	0	3
191	96	0.361738049	1.88090644	293.204204	293.205016	293.203673	293.207437	0.000443475414	0.000409746628	0	0	0	0	3
192	96	0.363943476	1.89075411	293.204082	293.205023	293.203673	293.207437	0.00043197688	0.000409746628	0	0	0	0	3
193	97	0.366311819	1.90060179	293.204152	293.205024	293.203673	293.207437	0.000421319565	0.000409746628	0	0	0	0	3
194	97	0.368901114	1.91044947	293.204358	293.205025	293.203673	293.207437	0.000405332394	0.000409746628	0	0	0	0	3
195	98	0.371593204	1.92029715	293.20468	293.205029	293.203673	293.207437	0.000388139767	0.000409746628	0	0	0	0	3
196	98	0.374265292	1.93014482	293.204797	293.205031	293.203673	293.207437	0.00037977982	0.000409746628	0	0	0	0	3
197	98	0.377045617	1.9399925	293.204902	293.205039	293.203673	293.207437	0.000373705436	0.000409746628	0	0	0	0	3
198	99	0.379400536	1.94984018	293.205234	293.205048	293.203673	293.207437	0.000356664045	0.000409746628	0	0	0	0	3
199	99	0.381448586	1.95968786	293.205804	293.205052	293.203673	293.207437	0.000359261002	0.000409746628	0	0	0	0	3
200	100	0.383609986	1.96953553	293.206002	293.205047	293.203673	293.207437	0.000359261002	0.000409746628	0	0	0	0	3
201	101	0.384620667	1.97938321	293.20696	293.205059	293.203673	293.207437	0.000366508233	0.000409746628	0	0	0	0	3
202	102	0.385426021	1.98923089	293.205578	293.205061	293.203673	293.207437	0.000368246874	0.000409746628	0	0	0	0	3
203	102	0.38689717	1.99907857	293.206254	293.205077	293.203673	293.207437	0.000384335723	0.000409746628	0	0	0	0	3
204	103	0.388781504	2.00892625	293.206412	293.205099	293.203673	293.207437	0.000406243494	0.000409746628	0	0	0	0	3
205	103	0.390844916	2.01877392	293.205549	293.205109	293.203673	293.207437	0.000415812754	0.000409746628	0	0	0	0	3
206	104	0.391943232	2.0286216	293.206422	293.205124	293.203673	293.207437	0.000430821584	0.000409746628	0	0	0	0	3
207	104	0.392696549	2.03846928	293.205513	293.20512	293.203673	293.207437	0.000430821584	0.000409746628	0	0	0	0	3
208	105	0.394158256	2.04831696	293.205142	293.205155	293.203994	293.207437	0.000443627351	0.000409746628	0	0	0	0	3
209	105	0.395718397	2.05816463	293.205322	293.205134	293.203994	293.207437	0.000434193459	0.000409746628	0	0	0	0	3
210	106	0.397917154	2.06801231	293.206149	293.205138	293.203994	293.207437	0.000434193459	0.000409746628	0	0	0	0	3
211	106	0.39957096	2.07785999	293.205215	293.20513	293.203994	293.207437	0.000429492325	0.000409746628	0	0	0	0	3
212	107	0.402101806	2.08770767	293.205122	293.205121	293.203994	293.207437	0.000418426613	0.000409746628	0	0	0	0	3
213	107	0.403723598	2.09755534	293.20494	293.205124	293.203994	293.207437	0.000402422013	0.000409746628	0	0	0	0	3
214	108	0.405679654	2.10740302	293.204521	293.205121	293.203994	293.207437	0.000395342657	0.000409746628	0	0	0	0	3
215	108	0.407667029	2.1172507	293.204503	293.205131	293.203994	293.207437	0.000390509324	0.000409746628	0	0	0	0	3
216	108	0.410216255	2.12709838	293.204704	293.205144	293.204082	293.207437	0.000378246263	0.000409746628	0	0	0	0	3
217	109	0.412969726	2.13694606	293.204319	293.205142	293.204082	293.207437	0.000364093601	0.000409746628	0	0	0	0	3
218	109	0.415441052	2.14679373	293.204383	293.205141	293.204082	293.207437	0.000347814457	0.000409746628	0	0	0	0	3
219	110	0.418455224	2.15664141	293.204267	293.205133	293.204082	293.207437	0.000326397504	0.000409746628	0	0	0	0	3
220	110	0.421022905	2.16648909	293.204424	293.205126	293.204082	293.207437	0.000309022688	0.000409746628	0	0	0	0	3
221	110	0.423435162	2.17633677	293.20475	293.205122	293.204082	293.207437	0.000297174368	0.000409746628	0	0	0	0	3
222	111	0.426085407	2.18618444	293.205016	293.205127	293.204082	293.207437	0.000280923419	0.000409746628	0	0	0	0	3
223	111	0.428773954	2.19603212	293.204929	293.205121	293.204082	293.207437	0.000260970547	0.000409746628	0	0	0	0	3
224	112	0.431103842	2.2058798	293.205185	293.205107	293.204082	293.207437	0.000260970547	0.000409746628	0	0	0	0	3
225	112	0.433292201	2.21572748	293.2057	293.205102	293.204082	293.207437	0.000260970547	0.000409746628	0	0	0	0	3
226	113	0.435566011	2.22557515	293.206288	293.205115	293.204082	293.207437	0.000260970547	0.000409746628	0	0	0	0	3
227	113	0.436661735	2.23542283	293.206242	293.205125	293.204082	293.207437	0.000260970547	0.000409746628	0	0	0	0	3
228	114	0.437611043	2.24527051	293.204813	293.205127	293.204082	293.207437	0.000229432767	0.000409746628	0	0	0	0	3
229	115	0.439397505	2.25511819	293.205373	293.205089	293.204082	293.20696	0.000229432767	0.000409746628	0	0	0	0	3
230	115	0.441169475	2.26496586	293.205653	293.205104	293.204082	293.20696	0.000217779874	0.000409746628	0	0	0	0	3
231	116	0.443119956	2.27481354	293.205457	293.205105	293.204082	293.20696	0.000195864869	0.000409746628	0	0	0	0	3
232	116	0.445470658	2.28466122	293.20548	293.205099	293.204082	293.20696	0.000195864869	0.000409746628	0	0	0	0	3
233	117	0.447894255	2.2945089	293.205287	293.2051	293.204082	293.20696	0.000173934288	0.000409746628	0	0	0	0	3
234	117	0.450501639	2.30435658	293.205665	293.205108	293.204082	293.20696	0.000173934288	0.000409746628	0	0	0	0	3
235	118	0.453138227	2.31420425	293.205969	293.205111	293.204082	293.20696	0.000173934288	0.000409746628	0	0	0	0	3
236	118	0.454618802	2.32405193	293.205424	293.205104	293.204082	293.20696	0.00016998984	0.000409746628	0	0	0	0	3
237	119	0.456789403	2.33389961	293.205066	293.205102	293.204082	293.20696	0.000168159281	0.000409746628	0	0	0	0	3
238	119	0.459040418	2.34374729	293.204773	293.205108	293.204082	293.20696	0.000160409335	0.000409746628	0	0	0	0	3
239	120	0.461893828	2.35359496	293.204864	293.205107	293.204082	293.20696	0.000148397398	0.000409746628	0	0	0	0	3
240	120	0.463598454	2.36344264	293.20461	293.205105	293.204082	293.20696	0.000142999658	0.000409746628	0	0	0	0	3
241	121	0.466107247	2.37329032	293.204369	293.205101	293.204082	293.20696	0.000139336572	0.000409746628	0	0	0	0	3
242	121	0.468366083	2.383138	293.204402	293.205108	293.204082	293.20696	0.000131443563	0.000409746628	0	0	0	0	3
243	122	0.471199739	2.39298567	293.204517	293.205113	293.204152	293.20696	0.000130689822	0.000409746628	0	0	0	0	3
244	122	0.473974346	2.40283335	293.204642	293.205122	293.204267	293.20696	0.000129514562	0.000409746628	0	0	0	0	3
245	122	0.476722136	2.41268103	293.204982	293.205137	293.204267	293.20696	0.000126109913	0.000409746628	0	0	0	0	3
246	123	0.479335019	2.42252871	293.20504	293.205146	293.204267	293.20696	0.00012383984	0.000409746628	0	0	0	0	3
247	123	0.482245556	2.43237639	293.205199	293.205156	293.204267	293.20696	0.000117451455	0.000409746628	0	0	0	0	3
248	124	0.484935567	2.44222406	293.205422	293.205169	293.204267	293.20696	0.000122637553	0.000409746628	0	0	0	0	3
249	125	0.486758579	2.45207174	293.206313	293.205187	293.204267	293.20696	0.000140640869	0.000409746628	0	0	0	0	3
250	125	0.488564813	2.46191942	293.206308	293.205194	293.204267	293.20696	0.000147742181	0.000409746628	0	0	0	0	3
251	126	0.489534407	2.4717671	293.20659	293.205191	293.204267	293.20696	0.000134918075	0.000409746628	0	0	0	0	3
252	126	0.490399696	2.48161477	293.204955	293.205172	293.204267	293.20659	0.000133179434	0.000409746628	0	0	0	0	3
253	127	0.491986015	2.49146245	293.205894	293.20518	293.204267	293.20659	0.000117090585	0.000409746628	0	0	0	0	3
254	127	0.493959676	2.50131013	293.205984	293.20518	293.204267	293.20659	0.00010514563	0.000409746628	0	0	0	0	3
255	128	0.495823564	2.51115781	293.20611	293.205174	293.204267	293.20659	0.00010514563	0.000409746628	0	0	0	0	3
256	128	0.497857407	2.52100548	293.205801	293.205179	293.204267	293.20659	0.00010514563	0.000409746628	0	0	0	0	3
257	129	0.500045534	2.53085316	293.206494	293.205193	293.204267	293.20659	0.00010514563	0.000409746628	0	0	0	0	3
258	130	0.502642165	2.54070084	293.202812	293.205134	293.202812	293.20659	0.00010514563	0.000409746628	0	0	0	0	3
259	130	0.503062412	2.55054852	293.227108	293.205219	293.202812	293.227108	0.000129818846	0.000412497351	0	0	0	0	3
260	131	0.503835258	2.5603962	293.206751	293.205229	293.202812	293.227108	0.000139287929	0.000426720825	0	0	0	0	3
261	131	0.505045828	2.57024387	293.210402	293.205268	293.202812	293.227108	0.000178857931	0.000440765388	0	0	0	0	3
262	131	0.506886844	2.58009155	293.207674	293.20531	293.202812	293.227108	0.000220943543	0.000454634394	0	0	0	0	3
263	132	0.508292774	2.58993923	293.208919	293.205362	293.202812	293.227108	0.000273204524	0.000468331114	0	0	0	0	3
264	132	0.510236077	2.59978691	293.207375	293.205406	293.202812	293.227108	0.000316358124	0.000481858738	0	0	0	0	3
265	133	0.512334241	2.60963458	293.206954	293.205452	293.202812	293.227108	0.000363048808	0.00049522038	0	0	0	0	3
266	133	0.514315389	2.61948226	293.20706	293.2055	293.202812	293.227108	0.000410605476	0.000508419074	0	0	0	0	3
267	134	0.516549813	2.62932994	293.206714	293.205544	293.202812	293.227108	0.000455198156	0.000521457785	0	0	0	0	3
268	134	0.519050646	2.63917762	293.206559	293.2056	293.202812	293.227108	0.000510935366	0.000534339402	0	0	0	0	3
269	134	0.521182082	2.64902529	293.206526	293.205647	293.202812	293.227108	0.000558031374	0.000547066749	0	0	0	0	3
270	135	0.523971209	2.65887297	293.206482	293.205709	293.202812	293.227108	0.000619521172	0.00055964258	0	0	0	0	3
271	135	0.526800959	2.66872065	293.206712	293.205767	293.202812	293.227108	0.000677544345	0.000572069584	0	0	0	0	3
272	136	0.529741227	2.67856833	293.207111	293.205827	293.202812	293.227108	0.000737807805	0.000584350388	0	0	0	0	3
273	136	0.53247374	2.688416	293.207282	293.205885	293.202812	293.227108	0.000795369365	0.000596487557	0	0	0	0	3
274	137	0.535420882	2.69826368	293.207319	293.205948	293.202812	293.227108	0.000859100905	0.000608483596	0	0	0	0	3
275	137	0.538124565	2.70811136	293.20779	293.206011	293.202812	293.227108	0.000922234712	0.000620340953	0	0	0	0	3
276	138	0.540099039	2.71795904	293.208576	293.206065	293.202812	293.227108	0.000976021755	0.000632062018	0	0	0	0	3
277	138	0.541386744	2.72780672	293.208748	293.206093	293.202812	293.227108	0.00100387965	0.000643649129	0	0	0	0	3
278	139	0.542463582	2.73765439	293.207824	293.206109	293.202812	293.227108	0.00101995734	0.000655104567	0	0	0	0	3
279	139	0.543973034	2.74750207	293.208974	293.206161	293.202812	293.227108	0.00107218888	0.000666430565	0	0	0	0	3
280	140	0.545582805	2.75734975	293.208703	293.206213	293.202812	293.227108	0.00111444544	0.000677629306	0	0	0	0	3
281	141	0.547481462	2.76719743	293.207635	293.206248	293.202812	293.227108	0.00114918901	0.00068870292	0	0	0	0	3
282	141	0.549481565	2.7770451	293.207402	293.206284	293.202812	293.227108	0.00118538615	0.000699653494	0	0	0	0	3
283	142	0.551722835	2.78689278	293.207999	293.206338	293.202812	293.227108	0.0012377223	0.000710483068	0	0	0	0	3
284	142	0.55420967	2.79674046	293.207646	293.206393	293.202812	293.227108	0.00129165939	0.000721193635	0	0	0	0	3
285	143	0.557002047	2.80658814	293.207693	293.206445	293.202812	293.227108	0.00134356309	0.000731787147	0	0	0	0	3
286	143	0.558585149	2.81643581	293.207071	293.206466	293.202812	293.227108	0.00136485441	0.000742265512	0	0	0	0	3
287	144	0.560880778	2.82628349	293.206899	293.20649	293.202812	293.227108	0.00138872832	0.000752630597	0	0	0	0	3
288	144	0.563819255	2.83613117	293.206277	293.206513	293.202812	293.227108	0.00141176757	0.00076288423	0	0	0	0	3
289	145	0.566151454	2.84597885	293.206505	293.206549	293.202812	293.227108	0.0014481629	0.000773028198	0	0	0	0	3
290	145	0.568309094	2.85582653	293.206337	293.20659	293.202812	293.227108	0.00148906834	0.000783064252	0	0	0	0	3
291	145	0.571165915	2.8656742	293.205942	293.206604	293.202812	293.227108	0.00150321806	0.000792994104	0	0	0	0	3
292	146	0.57361953	2.87552188	293.205896	293.20664	293.202812	293.227108	0.00153254434	0.000802819432	0	0	0	0	3
293	146	0.576062701	2.88536956	293.206127	293.206676	293.202812	293.227108	0.00156235902	0.000812541876	0	0	0	0	3
294	147	0.578774544	2.89521724	293.206334	293.206724	293.202812	293.227108	0.00160161714	0.000822163045	0	0	0	0	3
295	147	0.581498804	2.90506491	293.206621	293.206775	293.202812	293.227108	0.001640523	0.000831684512	0	0	0	0	3
296	148	0.584186558	2.91491259	293.206719	293.206819	293.202812	293.227108	0.00168495919	0.000841107821	0	0	0	0	3
297	148	0.587044819	2.92476027	293.206933	293.206866	293.202812	293.227108	0.00173112417	0.000850434479	0	0	0	0	3
298	149	0.58881764	2.93460795	293.20697	293.206913	293.202812	293.227108	0.00177837569	0.000859665968	0	0	0	0	3
299	149	0.591315176	2.94445562	293.207694	293.206969	293.202812	293.227108	0.00183441428	0.000868803737	0	0	0	0	3
300	150	0.592803136	2.9543033	293.208163	293.206997	293.202812	293.227108	0.00186245049	0.000877849204	0	0	0	0	3
301	151	0.593799147	2.96415098	293.207629	293.207015	293.202812	293.227108	0.00188025291	0.000886803762	0	0	0	0	3
302	151	0.594781032	2.97399866	293.208465	293.207032	293.202812	293.227108	0.00189769399	0.000895668775	0	0	0	0	3
303	152	0.596223257	2.98384633	293.20819	293.207065	293.202812	293.227108	0.00193045302	0.000904445579	0	0	0	0	3
304	153	0.597939693	2.99369401	293.208132	293.2071	293.202812	293.227108	0.00196527711	0.000913135483	0	0	0	0	3
305	153	0.599776355	3.00354169	293.206594	293.207112	293.202812	293.227108	0.00197731984	0.000921739773	0	0	0	0	3
306	154	0.600551457	3.01338937	293.208298	293.207138	293.202812	293.227108	0.0020039239	0.000930259707	0	0	0	0	3
307	154	0.60121197	3.02323705	293.207252	293.207165	293.202812	293.227108	0.00203096913	0.000938696519	0	0	0	0	3
308	154	0.602796935	3.03308472	293.206296	293.207166	293.202812	293.227108	0.00203184932	0.000947051421	0	0	0	0	3
309	155	0.604016209	3.0429324	293.208321	293.207292	293.205896	293.227108	0.00207258379	0.000955325599	0	0	0	0	3
310	155	0.605382396	3.05278008	293.207097	293.207208	293.205896	293.210402	0.00206311471	0.000963520218	0	0	0	0	3
311	156	0.607141757	3.06262776	293.208467	293.207233	293.205896	293.210402	0.00202354471	0.00097163642	0	0	0	0	3
312	156	0.608491625	3.07247543	293.207408	293.207198	293.205896	293.208974	0.0019814591	0.000979675324	0	0	0	0	3
313	157	0.610199198	3.08232311	293.207448	293.207193	293.205896	293.208974	0.00192919812	0.00098763803	0	0	0	0	3
314	157	0.611634356	3.09217079	293.206802	293.207164	293.205896	293.208974	0.00188604452	0.000995525616	0	0	0	0	3
315	158	0.613769518	3.10201847	293.206361	293.207144	293.205896	293.208974	0.00183935383	0.00100333914	0	0	0	0	3
316	158	0.615225653	3.11186614	293.205607	293.207126	293.205607	293.208974	0.00179179716	0.00101107964	0	0	0	0	3
317	159	0.617248015	3.12171382	293.206559	293.207116	293.205607	293.208974	0.00174720448	0.00101874814	0	0	0	0	3
318	159	0.619360748	3.1315615	293.206398	293.20711	293.205607	293.208974	0.00169146727	0.00102634563	0	0	0	0	3
319	160	0.621584684	3.14140918	293.206326	293.207107	293.205607	293.208974	0.00164437127	0.0010338731	0	0	0	0	3
320	160	0.624092621	3.15125686	293.206301	293.207099	293.205607	293.208974	0.00158288147	0.00104133151	0	0	0	0	3
321	161	0.625771231	3.16110453	293.20637	293.207104	293.205607	293.208974	0.00152485829	0.0010487218	0	0	0	0	3
322	161	0.628852584	3.17095221	293.206151	293.207086	293.205607	293.208974	0.00146459483	0.00105604491	0	0	0	0	3
323	161	0.631576725	3.18079989	293.206297	293.207064	293.205607	293.208974	0.00140703328	0.00106330175	0	0	0	0	3
324	162	0.634675632	3.19064757	293.206608	293.207045	293.205607	293.208974	0.00134330174	0.00107049321	0	0	0	0	3
325	162	0.637324636	3.20049524	293.206707	293.207028	293.205607	293.208974	0.00128016793	0.00107762018	0	0	0	0	3
326	163	0.639399465	3.21034292	293.206841	293.207004	293.205607	293.208974	0.00122638088	0.00108468351	0	0	0	0	3
327	163	0.641098331	3.2201906	293.206974	293.206972	293.205607	293.208974	0.00119852299	0.00109168406	0	0	0	0	3
328	164	0.642876691	3.23003828	293.207558	293.20696	293.205607	293.208974	0.0011824453	0.00109862265	0	0	0	0	3
329	164	0.645305824	3.23988595	293.207774	293.20697	293.205607	293.208974	0.00113021376	0.00110550011	0	0	0	0	3
330	165	0.646335368	3.24973363	293.208578	293.206957	293.205607	293.208703	0.00107842097	0.00111231724	0	0	0	0	3
331	165	0.647171211	3.25958131	293.206527	293.206926	293.205607	293.208578	0.0010436774	0.00111907484	0	0	0	0	3
332	166	0.648845652	3.26942899	293.207617	293.206924	293.205607	293.208578	0.00100748026	0.00112577367	0	0	0	0	3
333	166	0.650600874	3.27927667	293.207513	293.206925	293.205607	293.208578	0.000953499081	0.0011324145	0	0	0	0	3
334	167	0.652717921	3.28912434	293.207246	293.206907	293.205607	293.208578	0.000898951087	0.00113899809	0	0	0	0	3
335	168	0.655136147	3.29897202	293.207644	293.206907	293.205607	293.208578	0.000847047388	0.00114552516	0	0	0	0	3
336	168	0.65714551	3.3088197	293.207249	293.206892	293.205607	293.208578	0.000825756066	0.00115199645	0	0	0	0	3
337	169	0.659383308	3.31866738	293.207897	293.206911	293.205607	293.208578	0.000801882157	0.00115841266	0	0	0	0	3
338	169	0.66191741	3.32851505	293.207464	293.206926	293.205607	293.208578	0.000778842909	0.0011647745	0	0	0	0	3
339	169	0.664361035	3.33836273	293.207034	293.206947	293.205607	293.208578	0.000742447575	0.00117108265	0	0	0	0	3
340	170	0.666526668	3.34821041	293.206424	293.206946	293.205607	293.208578	0.000701542133	0.00117733779	0	0	0	0	3
341	170	0.66910863	3.35805809	293.206502	293.206948	293.205607	293.208578	0.000687392419	0.00118354059	0	0	0	0	3
342	171	0.671521998	3.36790576	293.206339	293.206962	293.205607	293.208578	0.000651402263	0.0011896917	0	0	0	0	3
343	171	0.674121016	3.37775344	293.206031	293.206964	293.205607	293.208578	0.000616105479	0.00119579176	0	0	0	0	3
344	172	0.676481679	3.38760112	293.205911	293.206959	293.205607	293.208578	0.000567844451	0.0012018414	0	0	0	0	3
345	172	0.678414907	3.3974488	293.206084	293.206959	293.205607	293.208578	0.000516746472	0.00120784126	0	0	0	0	3
346	172	0.681122547	3.40729647	293.205962	293.206941	293.205607	293.208578	0.000472310274	0.00121379194	0	0	0	0	3
347	173	0.6839801	3.41714415	293.206166	293.206925	293.205607	293.208578	0.000426145302	0.00121969403	0	0	0	0	3
348	173	0.686974888	3.42699183	293.20655	293.206914	293.205607	293.208578	0.00039975986	0.00122554815	0	0	0	0	3
349	174	0.689644979	3.43683951	293.206621	293.206905	293.205607	293.208578	0.00039975986	0.00123135486	0	0	0	0	3
350	174	0.692620385	3.44668719	293.206787	293.206882	293.205607	293.208578	0.000409507945	0.00123711475	0	0	0	0	3
351	175	0.695303449	3.45653486	293.207411	293.206877	293.205607	293.208578	0.000414265945	0.00124282837	0	0	0	0	3
352	175	0.697369835	3.46638254	293.20791	293.206891	293.205607	293.208578	0.000414265945	0.00124849628	0	0	0	0	3
353	176	0.698479101	3.47623022	293.208314	293.206891	293.205607	293.208578	0.000414265945	0.00125411903	0	0	0	0	3
354	176	0.699349573	3.4860779	293.207624	293.206879	293.205607	293.208578	0.000414265945	0.00125969715	0	0	0	0	3
355	177	0.700945076	3.49592557	293.207061	293.206861	293.205607	293.208578	0.00043061166	0.00126523118	0	0	0	0	3
356	178	0.702531971	3.50577325	293.208038	293.206884	293.205607	293.208578	0.00043061166	0.00127072163	0	0	0	0	3
357	178	0.703903195	3.51562093	293.206572	293.206869	293.205607	293.208578	0.00043061166	0.00127616903	0	0	0	0	3
358	179	0.705957586	3.52546861	293.206989	293.206869	293.205607	293.208578	0.00043061166	0.00128157386	0	0	0	0	3
359	179	0.707651909	3.53531628	293.206877	293.206878	293.205607	293.208578	0.00043061166	0.00128693663	0	0	0	0	3
360	180	0.709413342	3.54516396	293.206752	293.206859	293.205607	293.208578	0.000373372225	0.00129107199	0	0	0	0	3
361	180	0.711800934	3.55501164	293.207104	293.206862	293.205607	293.208578	0.000373372225	0.00128811387	0	0	0	0	3
362	181	0.714103387	3.56485932	293.208036	293.20686	293.205607	293.208578	0.00033857051	0.00128517851	0	0	0	0	3
363	181	0.716468666	3.574707	293.207028	293.206857	293.205607	293.208578	0.000336085256	0.00128166697	0	0	0	0	3
364	182	0.71862737	3.58455467	293.206563	293.206842	293.205607	293.208578	0.000322339616	0.00127818225	0	0	0	0	3
365	182	0.720961906	3.59440235	293.20633	293.206832	293.205607	293.208578	0.000312231953	0.00127472402	0	0	0	0	3
366	183	0.723759233	3.60425003	293.206584	293.206835	293.205607	293.208578	0.000294342613	0.00127129199	0	0	0	0	3
367	183	0.725922178	3.61409771	293.206355	293.206841	293.205911	293.208578	0.000284481287	0.00126788586	0	0	0	0	3
368	184	0.728395743	3.62394538	293.206246	293.206833	293.205911	293.208578	0.00027846991	0.00126450534	0	0	0	0	3
369	184	0.730470018	3.63379306	293.206428	293.206834	293.205911	293.208578	0.000274892872	0.00126115015	0	0	0	0	3
370	184	0.732968702	3.64364074	293.206142	293.206829	293.205911	293.208578	0.000275361514	0.00125781999	0	0	0	0	3
371	185	0.735600591	3.65348842	293.206319	293.206828	293.205911	293.208578	0.000275515393	0.0012545146	0	0	0	0	3
372	185	0.738339404	3.66333609	293.206588	293.206829	293.205911	293.208578	0.000257609586	0.00125123368	0	0	0	0	3
373	186	0.740916764	3.67318377	293.206657	293.206844	293.205911	293.208578	0.000235790843	0.00124797698	0	0	0	0	3
374	186	0.743718472	3.68303145	293.206779	293.206856	293.205911	293.208578	0.000216144171	0.00124474423	0	0	0	0	3
375	187	0.746209449	3.69287913	293.207018	293.206866	293.205911	293.208578	0.000199416544	0.00124153516	0	0	0	0	3
376	187	0.748034372	3.70272681	293.207728	293.206884	293.205911	293.208578	0.000175256396	0.00123834952	0	0	0	0	3
377	188	0.75001138	3.71257448	293.208213	293.206909	293.205911	293.208578	0.000144018441	0.00123518704	0	0	0	0	3
378	188	0.751000744	3.72242216	293.208651	293.206923	293.205911	293.208651	0.000141912347	0.00123204748	0	0	0	0	3
379	189	0.751808825	3.73226984	293.20669	293.206911	293.205911	293.208651	0.000141912347	0.00122893058	0	0	0	0	3
380	189	0.753368785	3.74211752	293.206577	293.206887	293.205911	293.208651	0.000135293647	0.00122583612	0	0	0	0	3
381	190	0.755106512	3.75196519	293.209489	293.206913	293.205911	293.209489	0.000135293647	0.00122296563	0	0	0	0	3
382	191	0.756265394	3.76181287	293.206354	293.20691	293.205911	293.209489	0.000135293647	0.00122011565	0	0	0	0	3
383	191	0.75824979	3.77166055	293.206841	293.206898	293.205911	293.209489	0.000135293647	0.00121728596	0	0	0	0	3
384	191	0.760230492	3.78150823	293.20743	293.206897	293.205911	293.209489	0.000135293647	0.00121447633	0	0	0	0	3
385	192	0.761697782	3.7913559	293.206908	293.206891	293.205911	293.209489	0.000135293647	0.00121168656	0	0	0	0	3
386	193	0.764548394	3.80120358	293.206956	293.206876	293.205911	293.209489	0.000135293647	0.00120891644	0	0	0	0	3
387	193	0.767286626	3.81105126	293.207407	293.206882	293.205911	293.209489	0.000135293647	0.00120616576	0	0	0	0	3
388	194	0.769896755	3.82089894	293.207176	293.206869	293.205911	293.209489	0.000135293647	0.00120343431	0	0	0	0	3
389	194	0.771516746	3.83074661	293.206003	293.206842	293.205911	293.209489	0.000135293647	0.0012007219	0	0	0	0	3
390	195	0.77381808	3.84059429	293.206463	293.20683	293.205911	293.209489	0.000135293647	0.00119802832	0	0	0	0	3
391	195	0.775930009	3.85044197	293.20652	293.206832	293.205911	293.209489	0.000135293647	0.00119535338	0	0	0	0	3
392	195	0.77892543	3.86028965	293.206066	293.206819	293.205911	293.209489	0.000144869969	0.00119269689	0	0	0	0	3
393	196	0.781048252	3.87013733	293.206048	293.206814	293.205911	293.209489	0.000149229281	0.00119005866	0	0	0	0	3
394	196	0.783689226	3.879985	293.206176	293.206818	293.205911	293.209489	0.000144874234	0.0011874385	0	0	0	0	3
395	197	0.786262845	3.88983268	293.206068	293.20682	293.205962	293.209489	0.000144874234	0.00118483622	0	0	0	0	3
396	197	0.788884627	3.89968036	293.206199	293.206818	293.205962	293.209489	0.000127033831	0.00118225165	0	0	0	0	3
397	197	0.791642688	3.90952804	293.206603	293.206833	293.206003	293.209489	0.000110819486	0.0011796846	0	0	0	0	3
398	198	0.794336755	3.91937571	293.206662	293.206846	293.206003	293.209489	0.000109049305	0.00117713489	0	0	0	0	3
399	198	0.797211118	3.92922339	293.206729	293.206851	293.206003	293.209489	0.000109049305	0.00117460235	0	0	0	0	3
400	199	0.799748539	3.93907107	293.207267	293.206867	293.206003	293.209489	0.000109049305	0.00117208681	0	0	0	0	3
401	200	0.801782097	3.94891875	293.207874	293.206887	293.206003	293.209489	0.000109049305	0.0011695881	0	0	0	0	3
402	201	0.803340917	3.95876642	293.207964	293.20689	293.206003	293.209489	0.000109049305	0.00116710605	0	0	0	0	3
403	201	0.804331216	3.9686141	293.207739	293.206878	293.206003	293.209489	0.000109049305	0.00116464048	0	0	0	0	3
404	202	0.805842035	3.97846178	293.208184	293.206882	293.206003	293.209489	0.000109049305	0.00116219125	0	0	0	0	3
405	202	0.807617503	3.98830946	293.207855	293.206892	293.206003	293.209489	0.000109049305	0.00115975818	0	0	0	0	3
406	203	0.809587321	3.99815714	293.207219	293.206895	293.206003	293.209489	0.000109049305	0.00115734112	0	0	0	0	3
407	203	0.811186301	4.00800481	293.20641	293.206871	293.206003	293.209489	0.000109049305	0.00115493991	0	0	0	0	3
408	204	0.813454882	4.01785249	293.206716	293.206872	293.206003	293.209489	0.000109049305	0.00115255439	0	0	0	0	3
409	204	0.815741274	4.02770017	293.206625	293.206865	293.206003	293.209489	0.000109049305	0.00115018441	0	0	0	0	3
410	205	0.818540416	4.03754785	293.207364	293.206877	293.206003	293.209489	0.000109049305	0.00114782982	0	0	0	0	3
411	205	0.820452421	4.04739552	293.207148	293.206884	293.206003	293.209489	0.000109049305	0.00114549048	0	0	0	0	3
412	206	0.822987056	4.0572432	293.206828	293.206878	293.206003	293.209489	0.000109049305	0.00114316622	0	0	0	0	3
413	206	0.825464233	4.06709088	293.206426	293.206844	293.206003	293.209489	0.000109049305	0.00114085691	0	0	0	0	3
414	207	0.827751278	4.07693856	293.206364	293.20683	293.206003	293.209489	0.000109049305	0.00113856241	0	0	0	0	3
415	207	0.830590603	4.08678623	293.206022	293.206814	293.206003	293.209489	0.000109049305	0.00113628257	0	0	0	0	3
416	208	0.832684664	4.09663391	293.205805	293.206806	293.205805	293.209489	0.000117803055	0.00113401725	0	0	0	0	3
417	208	0.834983075	4.10648159	293.206059	293.206796	293.205805	293.209489	0.00012765544	0.00113176631	0	0	0	0	3
418	208	0.837355606	4.11632927	293.205771	293.206783	293.205771	293.209489	0.000140907798	0.0011294726	0	0	0	0	3
419	209	0.839843353	4.12617695	293.205976	293.206776	293.205771	293.209489	0.000146998243	0.00112719336	0	0	0	0	3
420	209	0.84242512	4.13602462	293.20621	293.20677	293.205771	293.209489	0.000153591003	0.00112492846	0	0	0	0	3
421	210	0.84515616	4.1458723	293.206449	293.206776	293.205771	293.209489	0.000153591003	0.00112267776	0	0	0	0	3
422	210	0.848083403	4.15571998	293.206567	293.206781	293.205771	293.209489	0.000153591003	0.00112044112	0	0	0	0	3
423	211	0.849809685	4.16556766	293.20658	293.206783	293.205771	293.209489	0.000153591003	0.00111821842	0	0	0	0	3
424	211	0.852243532	4.17541533	293.207127	293.206793	293.205771	293.209489	0.000153591003	0.00111600953	0	0	0	0	3
425	212	0.854247397	4.18526301	293.20769	293.20681	293.205771	293.209489	0.000153591003	0.00111381431	0	0	0	0	3
426	212	0.855514926	4.19511069	293.20808	293.20682	293.205771	293.209489	0.000153591003	0.00111163264	0	0	0	0	3
427	213	0.856385652	4.20495837	293.206801	293.206805	293.205771	293.209489	0.000153591003	0.0011094644	0	0	0	0	3
428	213	0.858054257	4.21480604	293.207431	293.206788	293.205771	293.209489	0.000153591003	0.00110730947	0	0	0	0	3
429	214	0.859898413	4.22465372	293.207681	293.206787	293.205771	293.209489	0.000142845618	0.00110516771	0	0	0	0	3
430	215	0.8616702	4.2345014	293.207073	293.206792	293.205771	293.209489	0.000142845618	0.00110303901	0	0	0	0	3
431	215	0.864001864	4.24434908	293.206698	293.206793	293.205771	293.209489	0.000142845618	0.00110092325	0	0	0	0	3
432	216	0.865500297	4.25419675	293.206561	293.206747	293.205771	293.208184	0.000162345343	0.00109882031	0	0	0	0	3
433	216	0.868048985	4.26404443	293.207441	293.206767	293.205771	293.208184	0.000150278337	0.00109673009	0	0	0	0	3
434	217	0.870279057	4.27389211	293.207406	293.206779	293.205771	293.208184	0.000150050966	0.00109465245	0	0	0	0	3
435	217	0.871995108	4.28373979	293.207622	293.20678	293.205771	293.208184	0.000147748411	0.00109258729	0	0	0	0	3
436	218	0.874268342	4.29358747	293.20638	293.20677	293.205771	293.208184	0.000147748411	0.0010905345	0	0	0	0	3
437	218	0.875640802	4.30343514	293.206225	293.206759	293.205771	293.208184	0.000147748411	0.00108849396	0	0	0	0	3
438	219	0.87797636	4.31328282	293.205972	293.206726	293.205771	293.208184	0.000168949814	0.00108646557	0	0	0	0	3
439	219	0.880243316	4.3231305	293.205845	293.206697	293.205771	293.208184	0.000197684905	0.00108444921	0	0	0	0	3
440	220	0.882821391	4.33297818	293.205734	293.206685	293.205734	293.208184	0.00020989618	0.00108245699	0	0	0	0	3
441	220	0.885633882	4.34282585	293.205918	293.206671	293.205734	293.208184	0.000224635163	0.00108047651	0	0	0	0	3
442	221	0.887924302	4.35267353	293.206142	293.206663	293.205734	293.208184	0.000232615769	0.00107850769	0	0	0	0	3
443	221	0.890185889	4.36252121	293.205689	293.206659	293.205689	293.208184	0.000236338888	0.00107656474	0	0	0	0	3
444	221	0.892786147	4.37236889	293.205944	293.206654	293.205689	293.208184	0.000241375736	0.00107463316	0	0	0	0	3
445	222	0.895467441	4.38221656	293.206393	293.206659	293.205689	293.208184	0.000241375736	0.00107271284	0	0	0	0	3
446	222	0.898135952	4.39206424	293.206395	293.206666	293.205689	293.208184	0.000241375736	0.00107080368	0	0	0	0	3
447	223	0.901062015	4.40191192	293.206482	293.206672	293.205689	293.208184	0.000241375736	0.00106890559	0	0	0	0	3
448	223	0.903766086	4.4117596	293.206714	293.206675	293.205689	293.208184	0.000241375736	0.00106701847	0	0	0	0	3
449	224	0.905703212	4.42160728	293.207515	293.20669	293.205689	293.208184	0.000241375736	0.00106514223	0	0	0	0	3
450	225	0.90735397	4.43145495	293.207335	293.206699	293.205689	293.208184	0.000241375736	0.00106327677	0	0	0	0	3
451	225	0.908395957	4.44130263	293.208616	293.206704	293.205689	293.208616	0.000241375736	0.001061422	0	0	0	0	3
452	226	0.909303773	4.45115031	293.207478	293.206688	293.205689	293.208616	0.000241375736	0.00105957783	0	0	0	0	3
453	226	0.910919027	4.46099799	293.207799	293.206686	293.205689	293.208616	0.000241375736	0.00105774417	0	0	0	0	3
454	227	0.912836537	4.47084566	293.206857	293.20668	293.205689	293.208616	0.000241375736	0.00105592092	0	0	0	0	3
455	228	0.914740799	4.48069334	293.207537	293.206674	293.205689	293.208616	0.000241375736	0.00105410801	0	0	0	0	3
456	228	0.915381926	4.49054102	293.207233	293.206658	293.205689	293.208616	0.000241375736	0.00105230534	0	0	0	0	3
457	228	0.917030522	4.5003887	293.206535	293.206645	293.205689	293.208616	0.000238115505	0.00105051282	0	0	0	0	3
458	229	0.918700955	4.51023637	293.206606	293.206648	293.205689	293.208616	0.000238115505	0.00104873038	0	0	0	0	3
459	229	0.920508622	4.52008405	293.206403	293.206643	293.205689	293.208616	0.000240799097	0.00104695792	0	0	0	0	3
460	230	0.922361446	4.52993173	293.206515	293.206641	293.205689	293.208616	0.000242638122	0.00104519536	0	0	0	0	3
461	230	0.924372579	4.53977941	293.206935	293.206627	293.205689	293.208616	0.000256159015	0.00104344263	0	0	0	0	3
462	231	0.927064872	4.54962709	293.206573	293.206617	293.205689	293.208616	0.000260872509	0.00104169963	0	0	0	0	3
463	231	0.928524824	4.55947476	293.205973	293.206603	293.205689	293.208616	0.000240847022	0.00103996628	0	0	0	0	3
464	232	0.931179794	4.56932244	293.206198	293.206597	293.205689	293.208616	0.000233097064	0.00103824251	0	0	0	0	3
465	232	0.933769921	4.57917012	293.206265	293.206594	293.205689	293.208616	0.000226347048	0.00103652824	0	0	0	0	3
466	233	0.936028083	4.5890178	293.206009	293.206597	293.205689	293.208616	0.000226347048	0.00103482339	0	0	0	0	3
467	233	0.939065831	4.59886547	293.205536	293.206582	293.205536	293.208616	0.000238171258	0.00103317379	0	0	0	0	3
468	234	0.941401883	4.60871315	293.205641	293.206572	293.205536	293.208616	0.000247549953	0.00103153321	0	0	0	0	3
469	234	0.944028692	4.61856083	293.205829	293.206572	293.205536	293.208616	0.000248029254	0.00102990156	0	0	0	0	3
470	234	0.946661356	4.62840851	293.205994	293.206572	293.205536	293.208616	0.000248388041	0.00102827878	0	0	0	0	3
471	235	0.949403335	4.63825618	293.206247	293.206572	293.205536	293.208616	0.000248388041	0.0010266648	0	0	0	0	3
472	235	0.952244665	4.64810386	293.20617	293.206564	293.205536	293.208616	0.000255513142	0.00102505954	0	0	0	0	3
473	236	0.955016858	4.65795154	293.206567	293.206564	293.205536	293.208616	0.000255531138	0.00102346294	0	0	0	0	3
474	236	0.957527007	4.66779922	293.207239	293.20658	293.205536	293.208616	0.000255531138	0.00102187492	0	0	0	0	3
475	237	0.959927448	4.67764689	293.208301	293.206606	293.205536	293.208616	0.000255531138	0.00102029541	0	0	0	0	3
476	237	0.960460346	4.68749457	293.206175	293.206583	293.205536	293.208616	0.000255531138	0.00101872436	0	0	0	0	3
477	238	0.961341756	4.69734225	293.207312	293.206571	293.205536	293.208616	0.000240081092	0.00101716168	0	0	0	0	3
478	239	0.962798487	4.70718993	293.205909	293.206561	293.205536	293.208616	0.000232504938	0.00101560731	0	0	0	0	3
479	239	0.964609146	4.71703761	293.208554	293.206581	293.205536	293.208616	0.000232504938	0.00101406119	0	0	0	0	3
480	240	0.966063157	4.72688528	293.20639	293.206559	293.205536	293.208616	0.000233985802	0.00101252324	0	0	0	0	3
481	240	0.967950866	4.73673296	293.207474	293.206567	293.205536	293.208616	0.000233985802	0.00101099342	0	0	0	0	3
482	241	0.96915167	4.74658064	293.207497	293.206574	293.205536	293.208616	0.000221097831	0.00100947164	0	0	0	0	3
483	241	0.970517175	4.75642832	293.207449	293.206586	293.205536	293.208616	0.000221097831	0.00100770718	0	0	0	0	3
484	242	0.972700526	4.76627599	293.206531	293.206564	293.205536	293.208616	0.000221097831	0.00100595195	0	0	0	0	3
485	242	0.975029855	4.77612367	293.206055	293.206535	293.205536	293.208616	0.000245340748	0.00100420589	0	0	0	0	3
486	243	0.977567606	4.78597135	293.206127	293.206507	293.205536	293.208616	0.000263070692	0.00100246892	0	0	0	0	3
487	243	0.979584159	4.79581903	293.205642	293.206493	293.205536	293.208616	0.000265400459	0.00100074098	0	0	0	0	3
488	244	0.981002403	4.8056667	293.20646	293.206497	293.205536	293.208616	0.000232752873	0.000999021985	0	0	0	0	3
489	244	0.983820564	4.81551438	293.206169	293.206499	293.205536	293.208616	0.000210184467	0.000997311878	0	0	0	0	3
490	245	0.98645703	4.82536206	293.205882	293.206498	293.205536	293.208616	0.000210184467	0.000995610585	0	0	0	0	3
491	245	0.988621695	4.83520974	293.20601	293.206507	293.205536	293.208616	0.000210184467	0.000993918039	0	0	0	0	3
492	246	0.990708946	4.84505742	293.205849	293.206509	293.205536	293.208616	0.000210184467	0.000992234173	0	0	0	0	3
493	246	0.993535455	4.85490509	293.205836	293.206499	293.205536	293.208616	0.000210184467	0.00099055892	0	0	0	0	3
494	246	0.996680249	4.86475277	293.205879	293.206498	293.205536	293.208616	0.000210184467	0.000988892214	0	0	0	0	3
495	247	0.999411979	4.87460045	293.205999	293.206499	293.205536	293.208616	0.000210184467	0.00098723399	0	0	0	0	3
496	247	1	4.88444813	293.206333	293.206501	293.205536	293.208616	0.000210184467	0.000985584184	0	0	0	0	3
