Iteration	CPUTime	PhysTime	Travels	Value	AvValue	MinValue	MaxValue	Delta	Criteria	PrevAvRefValue	Progress	CriteriaType	CriteriaVarType	CriteriaPercentage
1	3	0.00019322221	0.00984767767	160.176895	160.176895	160.176895	160.176895	0	0	0	0	0	0	3
2	3	0.000380596769	0.0196953553	29.5696337	95.8766172	29.5696337	160.176895	64.3002774	0	0	0	0	0	3
3	3	0.000571449991	0.029543033	13.4433769	68.3455125	13.4433769	160.176895	91.8313821	0	0	0	0	0	3
4	4	0.00076616844	0.0393907107	7.42167271	52.8619778	7.42167271	160.176895	107.314917	0	0	0	0	0	3
5	4	0.000968963276	0.0492383884	9.37792249	43.7611769	7.42167271	160.176895	116.415718	0	0	0	0	0	3
6	5	0.00131808996	0.059086066	8.88940598	34.52458	7.42167271	160.176895	125.652315	0	0	0	0	0	3
7	5	0.00170667909	0.0689337437	10.944536	29.1557038	7.42167271	160.176895	131.021191	0	0	0	0	0	3
8	6	0.00208942805	0.0787814214	10.7850875	25.790508	7.42167271	160.176895	134.386387	0	0	0	0	0	3
9	6	0.00246700665	0.0886290991	11.397816	23.5876877	7.42167271	160.176895	136.589207	0	0	0	0	0	3
10	6	0.00285561827	0.0984767767	10.6778506	21.8308307	7.42167271	160.176895	138.346064	0	0	0	0	0	3
11	7	0.00348539229	0.108324454	12.2047301	20.0914948	7.42167271	160.176895	140.0854	0	0	0	0	0	3
12	7	0.00416906263	0.118172132	10.33586	18.4917016	7.42167271	160.176895	141.685193	0	0	0	0	0	3
13	7	0.00485602559	0.12801981	9.06250197	17.1577896	7.42167271	160.176895	143.019105	0	0	0	0	0	3
14	8	0.00551890491	0.137867487	9.64303267	16.2551871	7.42167271	160.176895	143.921708	0	0	0	0	0	3
15	8	0.00615692175	0.147715165	11.8837499	15.8021928	7.42167271	160.176895	144.374702	0	0	0	0	0	3
16	9	0.00709733485	0.157562843	10.9433224	15.1583814	7.42167271	160.176895	145.018513	0	0	0	0	0	3
17	9	0.00800229173	0.16741052	10.3408028	14.6135748	7.42167271	160.176895	145.56332	0	0	0	0	0	3
18	10	0.00897053477	0.177258198	10.1577326	14.1326293	7.42167271	160.176895	146.044265	0	0	0	0	0	3
19	10	0.00989490948	0.187105876	12.3274068	13.9639869	7.42167271	160.176895	146.212908	0	0	0	0	0	3
20	11	0.0106114603	0.196953553	11.2687029	13.7819848	7.42167271	160.176895	146.39491	0	0	0	0	0	3
21	11	0.0117909495	0.206801231	11.4242764	13.5461351	7.42167271	160.176895	146.63076	0	0	0	0	0	3
22	12	0.0127177908	0.216648909	10.0015016	13.2878109	7.42167271	160.176895	146.889084	0	0	0	0	0	3
23	12	0.0138600273	0.226496586	11.5845681	13.1474428	7.42167271	160.176895	147.029452	0	0	0	0	0	3
24	13	0.0149186673	0.236344264	10.9703058	12.9929515	7.42167271	160.176895	147.183943	0	0	0	0	0	3
25	13	0.015900547	0.246191942	12.6026613	12.9688506	7.42167271	160.176895	147.208044	0	0	0	0	0	3
26	14	0.0176774878	0.25603962	11.5005029	12.8212523	7.42167271	160.176895	147.355642	0	0	0	0	0	3
27	15	0.0182764837	0.265887297	10.331796	12.7396625	7.42167271	160.176895	147.437232	0	0	0	0	0	3
28	15	0.0189750303	0.275734975	12.208777	12.7201185	7.42167271	160.176895	147.456776	0	0	0	0	0	3
29	16	0.0199567878	0.285582653	13.9859649	12.7823907	7.42167271	160.176895	147.456776	0	0	0	0	0	3
30	16	0.0213879052	0.29543033	12.9031848	12.7904734	7.42167271	160.176895	147.456776	0	0	0	0	0	3
31	17	0.0227496075	0.305278008	12.2054571	12.7554566	7.42167271	160.176895	147.456776	0	0	0	0	0	3
32	17	0.0247030351	0.315125686	12.0094484	12.6964649	7.42167271	160.176895	147.48043	0	0	0	0	0	3
33	18	0.0269240731	0.324973363	11.5129847	12.5988365	7.42167271	160.176895	147.578058	0	0	0	0	0	3
34	18	0.0284308708	0.334821041	12.8969355	12.6146354	7.42167271	160.176895	147.578058	0	0	0	0	0	3
35	19	0.0307428609	0.344668719	9.5246389	12.3822549	7.42167271	160.176895	147.79464	0	0	0	0	0	3
36	19	0.0328027973	0.354516396	7.65273214	12.0852523	7.42167271	160.176895	148.091642	0	0	0	0	0	3
37	20	0.0350024639	0.364364074	4.20278275	11.5898927	4.20278275	160.176895	148.587002	0	0	0	0	0	3
38	20	0.0373997285	0.374211752	2.34598295	10.9973724	2.34598295	160.176895	149.179522	0	0	0	0	0	3
39	21	0.0397379433	0.384059429	3.06691905	10.5307377	2.34598295	160.176895	149.646157	0	0	0	0	0	3
40	21	0.0417591339	0.393907107	4.41760948	10.2348552	2.34598295	160.176895	149.942039	0	0	0	0	0	3
41	21	0.0445205612	0.403754785	5.92664797	9.96763484	2.34598295	160.176895	150.20926	0	0	0	0	0	3
42	22	0.0470539997	0.413602462	7.75021649	9.84824663	2.34598295	160.176895	150.328648	0	0	0	0	0	3
43	22	0.0494011457	0.42345014	10.5058618	9.87949123	2.34598295	160.176895	150.328648	0	0	0	0	0	3
44	23	0.0525113232	0.433297818	11.6817943	9.9862393	2.34598295	160.176895	150.328648	0	0	0	0	0	3
45	23	0.0553338412	0.443145495	11.5253814	10.0647492	2.34598295	160.176895	150.328648	0	0	0	0	0	3
46	23	0.0581785113	0.452993173	10.1771877	10.070247	2.34598295	160.176895	150.328648	0	0	0	0	0	3
47	24	0.0609373496	0.462840851	9.87970439	10.0616205	2.34598295	160.176895	150.328648	0	0	0	0	0	3
48	24	0.0638054619	0.472688528	10.1491221	10.0655538	2.34598295	160.176895	150.328648	0	0	0	0	0	3
49	25	0.066208871	0.482536206	10.7242983	10.0894665	2.34598295	160.176895	150.328648	0	0	0	0	0	3
50	25	0.0681340565	0.492383884	8.92752667	10.0566349	2.34598295	160.176895	150.328648	0	0	0	0	0	3
51	26	0.0698734821	0.502231561	10.8467703	10.0763044	2.34598295	160.176895	150.328648	0	0	0	0	0	3
52	26	0.0707348491	0.512079239	13.4187421	9.70597413	2.34598295	29.5696337	27.2236507	0	0	0	0	0	3
53	27	0.0716440907	0.521926917	13.8403295	9.7064959	2.34598295	13.9859649	11.639982	0	0	0	0	0	3
54	28	0.0735262263	0.531774594	14.5641808	9.82204181	2.34598295	14.5641808	12.2181979	0	0	0	0	0	3
55	28	0.0754504566	0.541622272	13.2550548	9.91675121	2.34598295	14.5641808	12.2181979	0	0	0	0	0	3
56	29	0.0776748393	0.55146995	12.8536311	10.0033419	2.34598295	14.5641808	12.2181979	0	0	0	0	0	3
57	29	0.0793398044	0.561317627	11.7568623	10.0457462	2.34598295	14.5641808	12.2181979	0	0	0	0	0	3
58	30	0.0812333182	0.571165305	10.4190683	10.0502432	2.34598295	14.5641808	12.2181979	0	0	0	0	0	3
59	30	0.0841171147	0.581012983	7.70284613	9.96428836	2.34598295	14.5641808	12.2181979	0	0	0	0	0	3
60	31	0.085635645	0.59086066	13.5077668	10.0224787	2.34598295	14.5641808	12.1248566	0	0	0	0	0	3
61	31	0.0877790148	0.600708338	6.10278718	9.92055114	2.34598295	14.5641808	10.3855207	0	0	0	0	0	3
62	32	0.0905874038	0.610556016	6.98294679	9.80932004	2.34598295	14.5641808	8.78572744	0	0	0	0	0	3
63	32	0.0932021056	0.620403693	3.24269011	9.61242956	2.34598295	14.5641808	7.54536	0	0	0	0	0	3
64	33	0.0954578203	0.630251371	4.15831641	9.48080807	2.34598295	14.5641808	6.77437907	0	0	0	0	0	3
65	33	0.0980023133	0.640099049	7.25417025	9.4183839	2.34598295	14.5641808	6.38380891	0	0	0	0	0	3
66	33	0.100693908	0.649946726	8.39844092	9.37270635	2.34598295	14.5641808	5.78567503	0	0	0	0	0	3
67	34	0.102884199	0.659794404	10.1648934	9.37540079	2.34598295	14.5641808	5.24086848	0	0	0	0	0	3
68	34	0.105255243	0.669642082	11.0212962	9.40654477	2.34598295	14.5641808	4.759923	0	0	0	0	0	3
69	34	0.107890554	0.679489759	10.1895785	9.4200527	2.34598295	14.5641808	4.59128052	0	0	0	0	0	3
70	35	0.110777893	0.689337437	9.61800782	9.39907868	2.34598295	14.5641808	4.40927842	0	0	0	0	0	3
71	35	0.11338448	0.699185115	9.32721615	9.38422073	2.34598295	14.5641808	4.17342876	0	0	0	0	0	3
72	36	0.116195548	0.709032792	10.109042	9.38068927	2.34598295	14.5641808	3.91510458	0	0	0	0	0	3
73	36	0.118856973	0.71888047	10.4179115	9.40127633	2.34598295	14.5641808	3.77473645	0	0	0	0	0	3
74	37	0.120794519	0.728728148	11.7115086	9.41981427	2.34598295	14.5641808	3.62024515	0	0	0	0	0	3
75	38	0.122171532	0.738575825	11.1913492	9.42725477	2.34598295	14.5641808	3.59614421	0	0	0	0	0	3
76	38	0.123025204	0.748423503	11.4798331	9.41450665	2.34598295	14.5641808	3.44854592	0	0	0	0	0	3
77	39	0.12417531	0.758271181	15.4133513	9.44448488	2.34598295	15.4133513	3.41776703	0	0	0	0	0	3
78	39	0.126055065	0.768118859	14.803055	9.53301176	2.34598295	15.4133513	3.41776703	0	0	0	0	0	3
79	40	0.127315179	0.777966536	15.6991132	9.58747769	2.34598295	15.6991132	3.41776703	0	0	0	0	0	3
80	40	0.129069511	0.787814214	13.2800989	9.60727223	2.34598295	15.6991132	3.41776703	0	0	0	0	0	3
81	41	0.131497803	0.797661892	11.5159259	9.60652687	2.34598295	15.6991132	3.38275025	0	0	0	0	0	3
82	42	0.132778406	0.807509569	12.8489052	9.61210024	2.34598295	15.6991132	3.32375859	0	0	0	0	0	3
83	42	0.134224636	0.817357247	10.1361388	9.57626105	2.34598295	15.6991132	3.24192902	0	0	0	0	0	3
84	42	0.136957767	0.827204925	10.188051	9.55236441	2.34598295	15.6991132	3.24192902	0	0	0	0	0	3
85	43	0.138829179	0.837052602	8.12158574	9.48246145	2.34598295	15.6991132	3.00954853	0	0	0	0	0	3
86	43	0.141451474	0.84690028	6.45394979	9.40984593	2.34598295	15.6991132	2.71254592	0	0	0	0	0	3
87	44	0.143418969	0.856747958	5.34249916	9.37022295	2.34598295	15.6991132	2.21966976	0	0	0	0	0	3
88	44	0.146195981	0.866595635	2.84106337	9.3093839	2.34598295	15.6991132	1.68798852	0	0	0	0	0	3
89	45	0.148172678	0.876443313	5.53470848	9.39272307	2.84106337	15.6991132	1.22135383	0	0	0	0	0	3
90	45	0.150506191	0.886290991	9.25958027	9.52345004	2.84106337	15.6991132	0.925471317	0	0	0	0	0	3
91	45	0.153214303	0.896138668	9.72428628	9.6209221	2.84106337	15.6991132	0.78008255	0	0	0	0	0	3
92	46	0.155204028	0.905986346	10.0931618	9.72157938	2.84106337	15.6991132	0.78008255	0	0	0	0	0	3
93	46	0.157485753	0.915834024	10.7808536	9.7886914	2.84106337	15.6991132	0.78008255	0	0	0	0	0	3
94	47	0.160152923	0.925681701	10.3216631	9.78632776	2.84106337	15.6991132	0.78008255	0	0	0	0	0	3
95	47	0.163032201	0.935529379	9.82310383	9.73394536	2.84106337	15.6991132	0.78008255	0	0	0	0	0	3
96	48	0.165721048	0.945377057	9.25493696	9.67647184	2.84106337	15.6991132	0.78008255	0	0	0	0	0	3
97	48	0.16830073	0.955224734	10.8179485	9.69027719	2.84106337	15.6991132	0.78008255	0	0	0	0	0	3
98	49	0.169993933	0.965072412	9.80807051	9.68731404	2.84106337	15.6991132	0.78008255	0	0	0	0	0	3
99	49	0.172183414	0.97492009	9.68039778	9.67495303	2.84106337	15.6991132	0.78008255	0	0	0	0	0	3
100	50	0.174081704	0.984767767	10.8227374	9.67177171	2.84106337	15.6991132	0.766920533	0	0	0	0	0	3
101	51	0.175057252	0.994615445	12.9205803	9.71481362	2.84106337	15.6991132	0.766920533	0	0	0	0	0	3
102	51	0.175892311	1.00446312	14.2300702	9.73180636	2.84106337	15.6991132	0.740859297	1.46184729	0	100	0	0	3
103	52	0.177402566	1.0143108	15.7167129	9.78677078	2.84106337	15.7167129	0.740859297	1.46377403	0	100	0	0	3
104	52	0.179159994	1.02415848	14.0888587	9.82281147	2.84106337	15.7167129	0.740859297	1.46377403	0	100	0	0	3
105	53	0.181099575	1.03400616	12.9099966	9.79551795	2.84106337	15.7167129	0.740859297	1.46377403	0	100	0	0	3
106	54	0.183498608	1.04385383	11.8460366	9.77943545	2.84106337	15.7167129	0.740859297	1.46377403	0	100	0	0	3
107	54	0.185949981	1.05370151	10.7026155	9.7371808	2.84106337	15.7167129	0.740859297	1.46377403	0	100	0	0	3
108	55	0.188022137	1.06354919	8.16429147	9.67625119	2.84106337	15.7167129	0.740859297	1.46377403	0	100	0	0	3
109	55	0.190417793	1.07339687	9.43199746	9.65800975	2.84106337	15.7167129	0.713094784	1.46377403	0	100	0	0	3
110	56	0.192591432	1.08324454	7.80938114	9.67294455	2.84106337	15.7167129	0.713094784	1.46377403	0	100	0	0	3
111	56	0.194894352	1.09309222	6.2257127	9.5469867	2.84106337	15.7167129	0.611167236	1.46377403	0	100	0	0	3
112	57	0.197778485	1.1029399	5.0515951	9.49623087	2.84106337	15.7167129	0.513427563	1.46377403	0	100	0	0	3
113	57	0.200750216	1.11278758	5.60566748	9.45535111	2.84106337	15.7167129	0.513427563	1.46377403	0	100	0	0	3
114	57	0.203041603	1.12263525	8.57548533	9.58488687	2.84106337	15.7167129	0.513427563	1.46377403	0	100	0	0	3
115	58	0.205081565	1.13248293	9.98409627	9.70397756	2.84106337	15.7167129	0.513427563	1.46377403	0	100	0	0	3
116	58	0.207110793	1.14233061	11.4780911	9.79410437	2.84106337	15.7167129	0.513427563	1.46377403	0	100	0	0	3
117	59	0.209337991	1.15217829	10.9057286	9.85146936	2.84106337	15.7167129	0.542085461	1.46377403	0	100	0	0	3
118	59	0.211935413	1.16202597	10.8314014	9.86851463	2.84106337	15.7167129	0.559130726	1.46377403	0	100	0	0	3
119	60	0.21458211	1.17187364	9.71634356	9.83982958	2.84106337	15.7167129	0.559130726	1.46377403	0	100	0	0	3
120	60	0.217281397	1.18172132	10.2031835	9.84036984	2.84106337	15.7167129	0.559130726	1.46377403	0	100	0	0	3
121	60	0.220230227	1.191569	9.96364035	9.84955684	2.84106337	15.7167129	0.559130726	1.46377403	0	100	0	0	3
122	61	0.222908991	1.20141668	10.7341788	9.88362428	2.84106337	15.7167129	0.574240375	1.46377403	0	100	0	0	3
123	62	0.224822851	1.21126435	10.5435928	9.88941861	2.84106337	15.7167129	0.580034707	1.46377403	0	100	0	0	3
124	62	0.226401367	1.22111203	11.3000953	9.89704552	2.84106337	15.7167129	0.58766162	1.46377403	0	100	0	0	3
125	63	0.227466443	1.23095971	12.6904972	9.89197983	2.84106337	15.7167129	0.58766162	1.46377403	0	100	0	0	3
126	63	0.228388625	1.24080739	12.9393924	9.90159241	2.84106337	15.7167129	0.592208503	1.46377403	0	100	0	0	3
127	64	0.230007431	1.25065506	14.5520425	9.95936721	2.84106337	15.7167129	0.649983303	1.46377403	0	100	0	0	3
128	64	0.231825279	1.26050274	15.3288249	9.99177034	2.84106337	15.7167129	0.682386441	1.46377403	0	100	0	0	3
129	65	0.233223799	1.27035042	12.9481523	9.94595963	2.84106337	15.7167129	0.682386441	1.46377403	0	100	0	0	3
130	66	0.235612492	1.2801981	11.382627	9.91070598	2.84106337	15.7167129	0.682386441	1.46377403	0	100	0	0	3
131	66	0.237386818	1.29004578	12.3507925	9.89610513	2.84106337	15.7167129	0.682386441	1.46377403	0	100	0	0	3
132	67	0.239629339	1.29989345	6.22058066	9.78350302	2.84106337	15.7167129	0.682386441	1.46377403	0	100	0	0	3
133	67	0.241513281	1.30974113	12.8649569	9.80079018	2.84106337	15.7167129	0.682386441	1.46377403	0	100	0	0	3
134	68	0.243955194	1.31958881	10.9171322	9.8212131	2.84106337	15.7167129	0.682386441	1.46377403	0	100	0	0	3
135	68	0.246049646	1.32943649	6.89938054	9.75592637	2.84106337	15.7167129	0.682386441	1.46377403	0	100	0	0	3
136	69	0.247262028	1.33928416	2.55635965	9.703635	2.55635965	15.7167129	0.682386441	1.46377403	0	100	0	0	3
137	69	0.249055452	1.34913184	4.70588038	9.69953236	2.55635965	15.7167129	0.682386441	1.46377403	0	100	0	0	3
138	70	0.25112115	1.35897952	4.60504784	9.68141551	2.55635965	15.7167129	0.682386441	1.46377403	0	100	0	0	3
139	70	0.253553013	1.3688272	5.88850868	9.77243805	2.55635965	15.7167129	0.599047274	1.46377403	0	100	0	0	3
140	71	0.256082073	1.37867487	7.85434787	9.8051112	2.55635965	15.7167129	0.536419235	1.46316795	0	100	0	0	3
141	71	0.25888187	1.38852255	10.1082311	9.82468826	2.55635965	15.7167129	0.536419235	1.46259294	0	100	0	0	3
142	71	0.261223609	1.39837023	9.76491525	9.82590971	2.55635965	15.7167129	0.536419235	1.46204669	0	100	0	0	3
143	72	0.263606302	1.40821791	10.1548339	9.82823407	2.55635965	15.7167129	0.536419235	1.46184729	0	100	0	0	3
144	72	0.266083123	1.41806558	9.65986977	9.80437877	2.55635965	15.7167129	0.536419235	1.46184729	0	100	0	0	3
145	73	0.268691541	1.42791326	9.90984762	9.79420195	2.55635965	15.7167129	0.536419235	1.46184729	0	100	0	0	3
146	73	0.271397333	1.43776094	10.2768388	9.80548508	2.55635965	15.7167129	0.536419235	1.46184729	0	100	0	0	3
147	74	0.27382	1.44760862	10.2149398	9.8283559	2.55635965	15.7167129	0.536419235	1.46184729	0	100	0	0	3
148	74	0.276338061	1.4574563	10.5408326	9.82133264	2.55635965	15.7167129	0.536419235	1.46184729	0	100	0	0	3
149	75	0.278454248	1.46730397	11.2730879	9.84986512	2.55635965	15.7167129	0.536419235	1.46184729	0	100	0	0	3
150	75	0.279544071	1.47715165	14.3786638	9.89929321	2.55635965	15.7167129	0.536419235	1.46184729	0	100	0	0	3
151	76	0.28043185	1.48699933	14.6960504	9.92285216	2.55635965	15.7167129	0.536419235	1.46184729	0	100	0	0	3
152	76	0.281990103	1.49684701	15.8690823	9.98215392	2.55635965	15.8690823	0.536419235	1.46184729	0	100	0	0	3
153	77	0.28373527	1.50669468	14.4807643	10.0220598	2.55635965	15.8690823	0.566708654	1.46184729	0	100	0	0	3
154	78	0.285571933	1.51654236	13.2106799	9.99669255	2.55635965	15.8690823	0.566708654	1.46184729	0	100	0	0	3
155	78	0.287991836	1.52639004	12.2113455	9.97985516	2.55635965	15.8690823	0.566708654	1.46184729	0	100	0	0	3
156	79	0.2901837	1.53623772	11.8296127	9.9649233	2.55635965	15.8690823	0.566708654	1.46184729	0	100	0	0	3
157	79	0.292611272	1.54608539	5.21402176	9.81786423	2.55635965	15.8690823	0.566708654	1.46184729	0	100	0	0	3
158	80	0.293931398	1.55593307	14.5656622	9.85582294	2.55635965	15.8690823	0.566708654	1.46184729	0	100	0	0	3
159	80	0.295563343	1.56578075	11.5156541	9.91360424	2.55635965	15.8690823	0.566708654	1.46184729	0	100	0	0	3
160	81	0.297992554	1.57562843	6.18207285	9.84006548	2.55635965	15.8690823	0.566708654	1.46184729	0	100	0	0	3
161	81	0.299705616	1.58547611	6.04716245	9.82061424	2.55635965	15.8690823	0.566708654	1.46184729	0	100	0	0	3
162	82	0.302396282	1.59532378	1.86930509	9.69861131	1.86930509	15.8690823	0.566708654	1.46184729	0	100	0	0	3
163	82	0.304118064	1.60517146	3.50713507	9.7243989	1.86930509	15.8690823	0.566708654	1.46184729	0	100	0	0	3
164	83	0.306889191	1.61501914	6.1819709	9.74722976	1.86930509	15.8690823	0.437172888	1.46184729	0	100	0	0	3
165	83	0.309035835	1.62486682	8.84722821	9.75433332	1.86930509	15.8690823	0.340644256	1.46275155	0	100	0	0	3
166	84	0.311446872	1.63471449	8.9926081	9.73266032	1.86930509	15.8690823	0.340644256	1.46384356	0	100	0	0	3
167	84	0.313831303	1.64456217	9.43675627	9.69286066	1.86930509	15.8690823	0.340644256	1.46490196	0	100	0	0	3
168	84	0.316384394	1.65440985	10.5591473	9.68828705	1.86930509	15.8690823	0.340644256	1.46592828	0	100	0	0	3
169	85	0.318926312	1.66425753	9.72462177	9.66139888	1.86930509	15.8690823	0.360660888	1.46692398	0	100	0	0	3
170	85	0.321580295	1.6741052	9.78105352	9.66300768	1.86930509	15.8690823	0.360660888	1.46789038	0	100	0	0	3
171	86	0.324420769	1.68395288	10.7216028	9.67746383	1.86930509	15.8690823	0.360660888	1.46882878	0	100	0	0	3
172	86	0.327130087	1.69380056	10.1972118	9.68274238	1.86930509	15.8690823	0.360660888	1.46974036	0	100	0	0	3
173	87	0.329419507	1.70364824	10.1029545	9.66533088	1.86930509	15.8690823	0.360660888	1.47062626	0	100	0	0	3
174	87	0.331166089	1.71349592	11.7475121	9.68372255	1.86930509	15.8690823	0.360660888	1.47148756	0	100	0	0	3
175	88	0.332177837	1.72334359	13.552858	9.69660935	1.86930509	15.8690823	0.360660888	1.47232526	0	100	0	0	3
176	88	0.333031375	1.73319127	13.8707232	9.70015265	1.86930509	15.8690823	0.360660888	1.47314032	0	100	0	0	3
177	89	0.334522144	1.74303895	15.1376931	9.74838386	1.86930509	15.8690823	0.360660888	1.47393364	0	100	0	0	3
178	90	0.336377661	1.75288663	16.6442488	9.79557003	1.86930509	16.6442488	0.360660888	1.4758227	0	100	0	0	3
179	90	0.337585248	1.7627343	12.7813217	9.73455393	1.86930509	16.6442488	0.360660888	1.47766268	0	100	0	0	3
180	91	0.339140657	1.77258198	11.3444602	9.71576355	1.86930509	16.6442488	0.360660888	1.47945549	0	100	0	0	3
181	91	0.341223704	1.78242966	12.7178101	9.73727431	1.86930509	16.6442488	0.360660888	1.48120291	0	100	0	0	3
182	92	0.342970047	1.79227734	9.3851798	9.68753052	1.86930509	16.6442488	0.360660888	1.48290665	0	100	0	0	3
183	92	0.34525277	1.80212501	5.90657378	9.67942465	1.86930509	16.6442488	0.360660888	1.48456832	0	100	0	0	3
184	93	0.347284132	1.81197269	7.7384941	9.58540923	1.86930509	16.6442488	0.436650533	1.48618946	0	100	0	0	3
185	93	0.34956046	1.82182037	5.81231743	9.47328656	1.86930509	16.6442488	0.548773202	1.48777153	0	100	0	0	3
186	94	0.351438356	1.83166805	4.8335203	9.4417644	1.86930509	16.6442488	0.580295362	1.48931594	0	100	0	0	3
187	94	0.353451405	1.84151572	5.15454219	9.43910271	1.86930509	16.6442488	0.582957056	1.49082401	0	100	0	0	3
188	95	0.355564544	1.8513634	4.39048554	9.41863725	1.86930509	16.6442488	0.603422514	1.492297	0	100	0	0	3
189	95	0.357115787	1.86121108	6.67741156	9.47232973	1.86930509	16.6442488	0.603422514	1.49373614	0	100	0	0	3
190	95	0.359187127	1.87105876	7.74363891	9.52093764	1.86930509	16.6442488	0.603422514	1.49514257	0	100	0	0	3
191	96	0.361738049	1.88090644	9.07554209	9.55007691	1.86930509	16.6442488	0.603422514	1.49651739	0	100	0	0	3
192	96	0.363943476	1.89075411	11.6780472	9.57987243	1.86930509	16.6442488	0.603422514	1.49786166	0	100	0	0	3
193	97	0.366311819	1.90060179	11.3801968	9.61632241	1.86930509	16.6442488	0.603422514	1.49917639	0	100	0	0	3
194	97	0.368901114	1.91044947	11.2351112	9.64394404	1.86930509	16.6442488	0.603422514	1.50046253	0	100	0	0	3
195	98	0.371593204	1.92029715	10.2548912	9.65915851	1.86930509	16.6442488	0.603422514	1.50172102	0	100	0	0	3
196	98	0.374265292	1.93014482	10.3141532	9.66954273	1.86930509	16.6442488	0.603422514	1.50295273	0	100	0	0	3
197	98	0.377045617	1.9399925	10.6018088	9.67852333	1.86930509	16.6442488	0.603422514	1.50415851	0	100	0	0	3
198	99	0.379400536	1.94984018	9.78678591	9.66862939	1.86930509	16.6442488	0.603422514	1.50533916	0	100	0	0	3
199	99	0.381448586	1.95968786	8.69307385	9.62872618	1.86930509	16.6442488	0.603422514	1.50649548	0	100	0	0	3
200	100	0.383609986	1.96953553	10.3437779	9.61033189	1.86930509	16.6442488	0.603422514	1.5076282	0	100	0	0	3
201	101	0.384620667	1.97938321	15.108714	9.6137625	1.86930509	16.6442488	0.603422514	1.50873803	0	100	0	0	3
202	102	0.385426021	1.98923089	12.9835939	9.59663734	1.86930509	16.6442488	0.603422514	1.50982567	0	100	0	0	3
203	102	0.38689717	1.99907857	15.645029	9.5882873	1.86930509	16.6442488	0.603422514	1.51089177	0	100	0	0	3
204	103	0.388781504	2.00892625	13.7571278	9.58178827	1.86930509	16.6442488	0.578055301	1.51193696	0	100	0	0	3
205	103	0.390844916	2.01877392	13.286553	9.59109173	1.86930509	16.6442488	0.561217911	1.51296186	0	100	0	0	3
206	104	0.391943232	2.0286216	9.22167991	9.5261913	1.86930509	16.6442488	0.546286046	1.51396706	0	100	0	0	3
207	104	0.392696549	2.03846928	8.13434209	9.466713	1.86930509	16.6442488	0.494966987	1.5149531	0	100	0	0	3
208	105	0.394158256	2.04831696	7.61990655	9.54179376	1.86930509	16.6442488	0.494966987	1.51592054	0	100	0	0	3
209	105	0.395718397	2.05816463	10.346341	9.48896843	1.86930509	16.6442488	0.494966987	1.5168699	0	100	0	0	3
210	106	0.397917154	2.06801231	12.6349894	9.52423721	1.86930509	16.6442488	0.421428236	1.51780167	0	100	0	0	3
211	106	0.39957096	2.07785999	7.12255143	9.56506183	1.86930509	16.6442488	0.401976992	1.51871635	0	100	0	0	3
212	107	0.402101806	2.08770767	7.19986217	9.56545662	1.86930509	16.6442488	0.376932785	1.5196144	0	100	0	0	3
213	107	0.403723598	2.09755534	5.67675978	9.70758135	3.50713507	16.6442488	0.376932785	1.52049627	0	100	0	0	3
214	108	0.405679654	2.10740302	3.35631134	9.69037381	3.35631134	16.6442488	0.376932785	1.52136239	0	100	0	0	3
215	108	0.407667029	2.1172507	2.22863517	9.63969757	2.22863517	16.6442488	0.376932785	1.52221318	0	100	0	0	3
216	108	0.410216255	2.12709838	4.22757799	9.52015303	2.22863517	16.6442488	0.376932785	1.52304905	0	100	0	0	3
217	109	0.412969726	2.13694606	8.01127635	9.49175827	2.22863517	16.6442488	0.376932785	1.52387037	0	100	0	0	3
218	109	0.415441052	2.14679373	7.25838181	9.43872938	2.22863517	16.6442488	0.376932785	1.52467754	0	100	0	0	3
219	110	0.418455224	2.15664141	9.90229241	9.42439355	2.22863517	16.6442488	0.376932785	1.52547091	0	100	0	0	3
220	110	0.421022905	2.16648909	10.1535339	9.43525625	2.22863517	16.6442488	0.376932785	1.52625083	0	100	0	0	3
221	110	0.423435162	2.17633677	9.14552711	9.41938424	2.22863517	16.6442488	0.376932785	1.52701765	0	100	0	0	3
222	111	0.426085407	2.18618444	8.57430679	9.36097081	2.22863517	16.6442488	0.434599229	1.52777168	0	100	0	0	3
223	111	0.428773954	2.19603212	10.2308351	9.36168928	2.22863517	16.6442488	0.434599229	1.52851325	0	100	0	0	3
224	112	0.431103842	2.2058798	9.32339389	9.34412226	2.22863517	16.6442488	0.451447778	1.52924266	0	100	0	0	3
225	112	0.433292201	2.21572748	9.24770067	9.30095287	2.22863517	16.6442488	0.494617167	1.52996022	0	100	0	0	3
226	113	0.435566011	2.22557515	9.90007077	9.27252043	2.22863517	16.6442488	0.5230496	1.5306662	0	100	0	0	3
227	113	0.436661735	2.23542283	12.2371466	9.26599404	2.22863517	16.6442488	0.529575993	1.53136088	0	100	0	0	3
228	114	0.437611043	2.24527051	15.1163667	9.23495734	2.22863517	16.6442488	0.560612693	1.53204454	0	100	0	0	3
229	115	0.439397505	2.25511819	14.9468734	9.20055676	2.22863517	15.645029	0.536717553	1.53271743	0	100	0	0	3
230	115	0.441169475	2.26496586	13.1354968	9.22612543	2.22863517	15.645029	0.536717553	1.53337981	0	100	0	0	3
231	116	0.443119956	2.27481354	12.2924723	9.25195725	2.22863517	15.645029	0.536717553	1.53403192	0	100	0	0	3
232	116	0.445470658	2.28466122	12.4262125	9.25428051	2.22863517	15.645029	0.507024586	1.53467399	0	100	0	0	3
233	117	0.447894255	2.2945089	10.2336498	9.27472385	2.22863517	15.645029	0.507024586	1.53530627	0	100	0	0	3
234	117	0.450501639	2.30435658	9.22513	9.34654644	2.22863517	15.645029	0.507024586	1.53592896	0	100	0	0	3
235	118	0.453138227	2.31420425	7.36181783	9.32797016	2.22863517	15.645029	0.507024586	1.53654229	0	100	0	0	3
236	118	0.454618802	2.32405193	7.88560065	9.38381761	2.22863517	15.645029	0.507024586	1.53714646	0	100	0	0	3
237	119	0.456789403	2.33389961	4.08467257	9.35574628	2.22863517	15.645029	0.507024586	1.53774169	0	100	0	0	3
238	119	0.459040418	2.34374729	4.33785254	9.32886729	2.22863517	15.645029	0.507024586	1.53832816	0	100	0	0	3
239	120	0.461893828	2.35359496	5.70696875	9.3298146	2.22863517	15.645029	0.507024586	1.53890607	0	100	0	0	3
240	120	0.463598454	2.36344264	6.55574635	9.32404628	2.22863517	15.645029	0.507024586	1.5394756	0	100	0	0	3
241	121	0.466107247	2.37329032	8.4005087	9.33299311	2.22863517	15.645029	0.507024586	1.54003694	0	100	0	0	3
242	121	0.468366083	2.383138	10.5868025	9.36571328	2.22863517	15.645029	0.507024586	1.54059026	0	100	0	0	3
243	122	0.471199739	2.39298567	10.4190392	9.34599489	2.22863517	15.645029	0.507024586	1.54113573	0	100	0	0	3
244	122	0.473974346	2.40283335	10.7927261	9.33853104	2.22863517	15.645029	0.507024586	1.54167352	0	100	0	0	3
245	122	0.476722136	2.41268103	9.98557307	9.30947484	2.22863517	15.645029	0.507024586	1.54220379	0	100	0	0	3
246	123	0.479335019	2.42252871	10.2134095	9.30777382	2.22863517	15.645029	0.507024586	1.54272669	0	100	0	0	3
247	123	0.482245556	2.43237639	10.1845635	9.30650317	2.22863517	15.645029	0.507024586	1.54324238	0	100	0	0	3
248	124	0.484935567	2.44222406	10.7292761	9.30859701	2.22863517	15.645029	0.507024586	1.54375101	0	100	0	0	3
249	125	0.486758579	2.45207174	10.549311	9.319176	2.22863517	15.645029	0.507024586	1.54425271	0	100	0	0	3
250	125	0.488564813	2.46191942	11.5633259	9.3689887	2.22863517	15.645029	0.507024586	1.54474764	0	100	0	0	3
251	126	0.489534407	2.4717671	12.6102974	9.37876779	2.22863517	15.645029	0.507024586	1.54523592	0	100	0	0	3
252	126	0.490399696	2.48161477	13.0814289	9.35430852	2.22863517	15.645029	0.507024586	1.54571769	0	100	0	0	3
253	127	0.491986015	2.49146245	15.171122	9.41347202	2.22863517	15.645029	0.507024586	1.54619308	0	100	0	0	3
254	127	0.493959676	2.50131013	14.2837418	9.41762583	2.22863517	15.171122	0.507024586	1.54666222	0	100	0	0	3
255	128	0.495823564	2.51115781	13.6257244	9.41450883	2.22863517	15.171122	0.507024586	1.54712522	0	100	0	0	3
256	128	0.497857407	2.52100548	11.9392312	9.38783221	2.22863517	15.171122	0.507024586	1.54758221	0	100	0	0	3
257	129	0.500045534	2.53085316	11.7922051	9.43818784	2.22863517	15.171122	0.507024586	1.54803331	0	100	0	0	3
258	130	0.502642165	2.54070084	-9.38434231	9.00258188	-9.38434231	15.171122	0.704999469	1.55637608	0	100	0	0	3
259	130	0.503062412	2.55054852	70.2608715	9.25752787	-9.38434231	70.2608715	0.704999469	1.60199941	0	100	0	0	3
260	131	0.503835258	2.5603962	8.71209772	9.23791728	-9.38434231	70.2608715	0.704999469	1.64704524	0	100	0	0	3
261	131	0.505045828	2.57024387	22.3413734	9.31626529	-9.38434231	70.2608715	0.704999469	1.69152445	0	100	0	0	3
262	131	0.506886844	2.58009155	10.3234442	9.36735008	-9.38434231	70.2608715	0.704999469	1.73544766	0	100	0	0	3
263	132	0.508292774	2.58993923	9.58070729	9.42183252	-9.38434231	70.2608715	0.704999469	1.77882525	0	100	0	0	3
264	132	0.510236077	2.59978691	0.698273335	9.31969619	-9.38434231	70.2608715	0.687791934	1.82166732	0	100	0	0	3
265	133	0.512334241	2.60963458	0.544877927	9.25644252	-9.38434231	70.2608715	0.637115687	1.86398371	0	100	0	0	3
266	133	0.514315389	2.61948226	2.1434154	9.25526984	-9.38434231	70.2608715	0.517571153	1.90578405	0	100	0	0	3
267	134	0.516549813	2.62932994	6.31756347	9.31407198	-9.38434231	70.2608715	0.489176387	1.94707772	0	100	0	0	3
268	134	0.519050646	2.63917762	7.27629168	9.29984757	-9.38434231	70.2608715	0.436147503	1.98787387	0	100	0	0	3
269	134	0.521182082	2.64902529	9.72735604	9.35617701	-9.38434231	70.2608715	0.435605961	2.02818145	0	100	0	0	3
270	135	0.523971209	2.65887297	10.1760586	9.36224877	-9.38434231	70.2608715	0.435605961	2.06800918	0	100	0	0	3
271	135	0.526800959	2.66872065	9.68866522	9.35177315	-9.38434231	70.2608715	0.435605961	2.10736557	0	100	0	0	3
272	136	0.529741227	2.67856833	9.3828913	9.35731389	-9.38434231	70.2608715	0.435605961	2.14625894	0	100	0	0	3
273	136	0.53247374	2.688416	9.34283847	9.37644763	-9.38434231	70.2608715	0.435605961	2.18469743	0	100	0	0	3
274	137	0.535420882	2.69826368	9.97171301	9.37135859	-9.38434231	70.2608715	0.435605961	2.22268895	0	100	0	0	3
275	137	0.538124565	2.70811136	10.9068166	9.41119335	-9.38434231	70.2608715	0.435605961	2.26024127	0	100	0	0	3
276	138	0.540099039	2.71795904	12.3009237	9.46796384	-9.38434231	70.2608715	0.465381965	2.29736194	0	100	0	0	3
277	138	0.541386744	2.72780672	13.3789955	9.50627133	-9.38434231	70.2608715	0.503689451	2.33405839	0	100	0	0	3
278	139	0.542463582	2.73765439	13.2179168	9.51576602	-9.38434231	70.2608715	0.513184145	2.37033782	0	100	0	0	3
279	139	0.543973034	2.74750207	15.6445829	9.55275721	-9.38434231	70.2608715	0.550175333	2.40620733	0	100	0	0	3
280	140	0.545582805	2.75734975	14.3215677	9.5343018	-9.38434231	70.2608715	0.550175333	2.4416738	0	100	0	0	3
281	141	0.547481462	2.76719743	13.1216616	9.53834609	-9.38434231	70.2608715	0.550175333	2.476744	0	100	0	0	3
282	141	0.549481565	2.7770451	12.801383	9.54920095	-9.38434231	70.2608715	0.550175333	2.51142453	0	100	0	0	3
283	142	0.551722835	2.78689278	13.0627217	9.55966431	-9.38434231	70.2608715	0.557082434	2.54572185	0	100	0	0	3
284	142	0.55420967	2.79674046	11.4439847	9.58837628	-9.38434231	70.2608715	0.585794399	2.57964227	0	100	0	0	3
285	143	0.557002047	2.80658814	8.94485316	9.58039662	-9.38434231	70.2608715	0.585794399	2.61319198	0	100	0	0	3
286	143	0.558585149	2.81643581	7.12157219	9.59895485	-9.38434231	70.2608715	0.596372968	2.64637703	0	100	0	0	3
287	144	0.560880778	2.82628349	4.07524274	9.50349604	-9.38434231	70.2608715	0.596372968	2.67920331	0	100	0	0	3
288	144	0.563819255	2.83613117	3.50477954	9.44869835	-9.38434231	70.2608715	0.596372968	2.71167662	0	100	0	0	3
289	145	0.566151454	2.84597885	6.10663518	9.4833375	-9.38434231	70.2608715	0.596372968	2.74380263	0	100	0	0	3
290	145	0.568309094	2.85582653	8.1673746	9.55791471	-9.38434231	70.2608715	0.596372968	2.77558686	0	100	0	0	3
291	145	0.571165915	2.8656742	9.29310825	9.59845736	-9.38434231	70.2608715	0.596372968	2.80703476	0	100	0	0	3
292	146	0.57361953	2.87552188	11.6618354	9.67350125	-9.38434231	70.2608715	0.670919367	2.83815163	0	100	0	0	3
293	146	0.576062701	2.88536956	10.3658421	9.67005183	-9.38434231	70.2608715	0.670919367	2.86894266	0	100	0	0	3
294	147	0.578774544	2.89521724	10.5480924	9.672457	-9.38434231	70.2608715	0.670919367	2.89941296	0	100	0	0	3
295	147	0.581498804	2.90506491	10.099686	9.65437345	-9.38434231	70.2608715	0.670919367	2.9295675	0	100	0	0	3
296	148	0.584186558	2.91491259	10.2368081	9.66047197	-9.38434231	70.2608715	0.670919367	2.95941117	0	100	0	0	3
297	148	0.587044819	2.92476027	10.5336057	9.67022858	-9.38434231	70.2608715	0.670919367	2.98894875	0	100	0	0	3
298	149	0.58881764	2.93460795	10.2806013	9.66633536	-9.38434231	70.2608715	0.670919367	3.01818493	0	100	0	0	3
299	149	0.591315176	2.94445562	10.4747152	9.65843568	-9.38434231	70.2608715	0.670919367	3.04712429	0	100	0	0	3
300	150	0.592803136	2.9543033	10.2860268	9.65192666	-9.38434231	70.2608715	0.670919367	3.07577134	0	100	0	0	3
301	151	0.593799147	2.96415098	13.3655103	9.6542675	-9.38434231	70.2608715	0.670919367	3.10413047	0	100	0	0	3
302	151	0.594781032	2.97399866	13.5938598	9.66378875	-9.38434231	70.2608715	0.670919367	3.13220602	0	100	0	0	3
303	152	0.596223257	2.98384633	16.8083262	9.7332136	-9.38434231	70.2608715	0.730631722	3.1600022	0	100	0	0	3
304	153	0.597939693	2.99369401	14.3980547	9.72736804	-9.38434231	70.2608715	0.730631722	3.18752318	0	100	0	0	3
305	153	0.599776355	3.00354169	15.1459344	9.73643404	-9.38434231	70.2608715	0.733852164	3.21477301	0	100	0	0	3
306	154	0.600551457	3.01338937	17.8503467	9.72726663	-9.38434231	70.2608715	0.733852164	3.24175569	0	100	0	0	3
307	154	0.60121197	3.02323705	4.9488102	9.65320102	-9.38434231	70.2608715	0.733852164	3.26847512	0	100	0	0	3
308	154	0.602796935	3.03308472	5.89415632	9.54966601	-9.38434231	70.2608715	0.733852164	3.29493515	0	100	0	0	3
309	155	0.604016209	3.0429324	13.3025492	10.0797863	0.544877927	70.2608715	0.841869007	3.32113951	0	100	0	0	3
310	155	0.605382396	3.05278008	11.3186244	9.84915259	0.544877927	22.3413734	0.841869007	3.34709192	0	100	0	0	3
311	156	0.607141757	3.06262776	13.4617094	9.91918264	0.544877927	22.3413734	0.824516441	3.37279597	0	100	0	0	3
312	156	0.608491625	3.07247543	4.75995507	9.70648954	0.544877927	17.8503467	0.824516441	3.39825523	0	100	0	0	3
313	157	0.610199198	3.08232311	2.40641314	9.57483795	0.544877927	17.8503467	0.824516441	3.42347316	0	100	0	0	3
314	157	0.611634356	3.09217079	-0.989591317	9.42804439	-0.989591317	17.8503467	0.824516441	3.44845319	0	100	0	0	3
315	158	0.613769518	3.10201847	-0.614484398	9.38479435	-0.989591317	17.8503467	0.824516441	3.47319867	0	100	0	0	3
316	158	0.615225653	3.11186614	1.47392798	9.45310236	-0.989591317	17.8503467	0.824516441	3.49771288	0	100	0	0	3
317	159	0.617248015	3.12171382	3.8705076	9.48410842	-0.989591317	17.8503467	0.779938713	3.52199905	0	100	0	0	3
318	159	0.619360748	3.1315615	3.45283103	9.42898709	-0.989591317	17.8503467	0.779938713	3.54606034	0	100	0	0	3
319	160	0.621584684	3.14140918	7.00863119	9.42899506	-0.989591317	17.8503467	0.728013133	3.56989988	0	100	0	0	3
320	160	0.624092621	3.15125686	6.11052358	9.34194416	-0.989591317	17.8503467	0.737842124	3.5935207	0	100	0	0	3
321	161	0.625771231	3.16110453	8.37786316	9.30319399	-0.989591317	17.8503467	0.77659229	3.61692581	0	100	0	0	3
322	161	0.628852584	3.17095221	10.0797198	9.31595188	-0.989591317	17.8503467	0.77659229	3.64011815	0	100	0	0	3
323	161	0.631576725	3.18079989	9.87634206	9.32900982	-0.989591317	17.8503467	0.77659229	3.66310059	0	100	0	0	3
324	162	0.634675632	3.19064757	9.41884787	9.33136411	-0.989591317	17.8503467	0.77659229	3.68587599	0	100	0	0	3
325	162	0.637324636	3.20049524	9.01032163	9.30449913	-0.989591317	17.8503467	0.77659229	3.70844713	0	100	0	0	3
326	163	0.639399465	3.21034292	11.1994351	9.30054464	-0.989591317	17.8503467	0.779241641	3.73081674	0	100	0	0	3
327	163	0.641098331	3.2201906	9.55051834	9.24609379	-0.989591317	17.8503467	0.833692492	3.75298751	0	100	0	0	3
328	164	0.642876691	3.23003828	9.12599466	9.19155107	-0.989591317	17.8503467	0.888235216	3.77496207	0	100	0	0	3
329	164	0.645305824	3.23988595	10.3212541	9.17607548	-0.989591317	17.8503467	0.903710801	3.79674303	0	100	0	0	3
330	165	0.646335368	3.24973363	13.8299109	9.12749732	-0.989591317	17.8503467	0.95228896	3.81833293	0	100	0	0	3
331	165	0.647171211	3.25958131	13.0849395	9.07775285	-0.989591317	17.8503467	1.00203343	3.83973427	0	100	0	0	3
332	166	0.648845652	3.26942899	14.6489404	9.09403699	-0.989591317	17.8503467	1.00203343	3.86094951	0	100	0	0	3
333	166	0.650600874	3.27927667	12.6892344	9.08311222	-0.989591317	17.8503467	1.00203343	3.88198106	0	100	0	0	3
334	167	0.652717921	3.28912434	12.9065969	9.07494463	-0.989591317	17.8503467	1.00484166	3.90283132	0	100	0	0	3
335	168	0.655136147	3.29897202	13.0348776	9.11145243	-0.989591317	17.8503467	1.00484166	3.92350259	0	100	0	0	3
336	168	0.65714551	3.3088197	8.62345238	9.1063062	-0.989591317	17.8503467	1.00484166	3.9439972	0	100	0	0	3
337	169	0.659383308	3.31866738	9.53553782	9.14700704	-0.989591317	17.8503467	1.00484166	3.96431738	0	100	0	0	3
338	169	0.66191741	3.32851505	8.34560472	9.24214136	-0.989591317	17.8503467	1.00484166	3.98446535	0	100	0	0	3
339	169	0.664361035	3.33836273	5.51530911	9.31924493	-0.989591317	17.8503467	1.00484166	4.0044433	0	100	0	0	3
340	170	0.666526668	3.34821041	3.50845021	9.26851917	-0.989591317	17.8503467	1.00484166	4.02425337	0	100	0	0	3
341	170	0.66910863	3.35805809	2.57679722	9.12068221	-0.989591317	17.8503467	1.00484166	4.04389766	0	100	0	0	3
342	171	0.671521998	3.36790576	5.60147008	9.03114361	-0.989591317	17.8503467	1.04864267	4.06337825	0	100	0	0	3
343	171	0.674121016	3.37775344	8.51657987	8.95361178	-0.989591317	17.8503467	1.12617451	4.08269718	0	100	0	0	3
344	172	0.676481679	3.38760112	9.07993924	8.92222224	-0.989591317	17.8503467	1.15756404	4.10185644	0	100	0	0	3
345	172	0.678414907	3.3974488	10.8955635	8.91625896	-0.989591317	17.8503467	1.16352732	4.12085802	0	100	0	0	3
346	172	0.681122547	3.40729647	11.354031	8.95015294	-0.989591317	17.8503467	1.16352732	4.13970385	0	100	0	0	3
347	173	0.6839801	3.41714415	10.5448902	8.96116401	-0.989591317	17.8503467	1.16352732	4.15839583	0	100	0	0	3
348	173	0.686974888	3.42699183	9.77010681	8.94043115	-0.989591317	17.8503467	1.16352732	4.17693584	0	100	0	0	3
349	174	0.689644979	3.43683951	9.58400214	8.93391021	-0.989591317	17.8503467	1.16352732	4.19532574	0	100	0	0	3
350	174	0.692620385	3.44668719	10.0375968	8.92833992	-0.989591317	17.8503467	1.16352732	4.21356732	0	100	0	0	3
351	175	0.695303449	3.45653486	10.4087277	8.94738173	-0.989591317	17.8503467	1.16352732	4.23166239	0	100	0	0	3
352	175	0.697369835	3.46638254	11.415624	8.95413879	-0.989591317	17.8503467	1.16352732	4.2496127	0	100	0	0	3
353	176	0.698479101	3.47623022	14.4177375	8.96865126	-0.989591317	17.8503467	1.16352732	4.26741998	0	100	0	0	3
354	176	0.699349573	3.4860779	14.5493493	8.90611884	-0.989591317	17.8503467	1.17366744	4.28508593	0	100	0	0	3
355	177	0.700945076	3.49592557	16.0187181	8.92477438	-0.989591317	17.8503467	1.17366744	4.30261223	0	100	0	0	3
356	178	0.702531971	3.50577325	14.9272626	8.90627567	-0.989591317	17.8503467	1.17366744	4.32000052	0	100	0	0	3
357	178	0.703903195	3.51562093	12.3949121	8.88548385	-0.989591317	16.0187181	1.19430243	4.33725244	0	100	0	0	3
358	179	0.705957586	3.52546861	10.6272011	8.94446855	-0.989591317	16.0187181	1.19430243	4.35436958	0	100	0	0	3
359	179	0.707651909	3.53531628	12.1062514	9.04166682	-0.989591317	16.0187181	1.19430243	4.37135351	0	100	0	0	3
360	180	0.709413342	3.54516396	9.07442199	8.99292273	-0.989591317	16.0187181	1.03369879	4.38464367	0	100	0	0	3
361	180	0.711800934	3.55501164	7.09947407	8.92058451	-0.989591317	16.0187181	1.03369879	4.37757624	0	100	0	0	3
362	181	0.714103387	3.56485932	9.93909161	8.86781406	-0.989591317	16.0187181	0.838675481	4.37056318	0	100	0	0	3
363	181	0.716468666	3.574707	6.89256937	8.87589969	-0.989591317	16.0187181	0.707023887	4.36172011	0	100	0	0	3
364	182	0.71862737	3.58455467	3.71245758	8.87498455	-0.989591317	16.0187181	0.616294361	4.35294454	0	100	0	0	3
365	182	0.720961906	3.59440235	3.83948102	8.89695217	-0.614484398	16.0187181	0.616294361	4.34423571	0	100	0	0	3
366	183	0.723759233	3.60425003	4.18534465	8.96176319	1.47392798	16.0187181	0.616294361	4.33559285	0	100	0	0	3
367	183	0.725922178	3.61409771	8.49783843	9.05119558	2.57679722	16.0187181	0.616294361	4.32701522	0	100	0	0	3
368	184	0.728395743	3.62394538	10.1457326	9.16981822	2.57679722	16.0187181	0.561180993	4.31850208	0	100	0	0	3
369	184	0.730470018	3.63379306	10.743546	9.30790582	2.57679722	16.0187181	0.561180993	4.31005272	0	100	0	0	3
370	184	0.732968702	3.64364074	11.9720942	9.4135799	2.57679722	16.0187181	0.545765833	4.3016664	0	100	0	0	3
371	185	0.735600591	3.65348842	11.1999053	9.53003137	2.57679722	16.0187181	0.662217309	4.29334244	0	100	0	0	3
372	185	0.738339404	3.66333609	10.3139844	9.56628622	2.57679722	16.0187181	0.698472162	4.28508014	0	100	0	0	3
373	186	0.740916764	3.67318377	10.6985829	9.57821034	2.57679722	16.0187181	0.710396276	4.27687882	0	100	0	0	3
374	186	0.743718472	3.68303145	10.5750836	9.59587365	2.57679722	16.0187181	0.728059586	4.2687378	0	100	0	0	3
375	187	0.746209449	3.69287913	10.22361	9.61481197	2.57679722	16.0187181	0.74699791	4.26065642	0	100	0	0	3
376	187	0.748034372	3.70272681	10.4623615	9.64324678	2.57679722	16.0187181	0.775432715	4.25263402	0	100	0	0	3
377	188	0.75001138	3.71257448	11.116848	9.64039444	2.57679722	16.0187181	0.775432715	4.24466998	0	100	0	0	3
378	188	0.751000744	3.72242216	13.2360127	9.67415221	2.57679722	16.0187181	0.80633815	4.23676364	0	100	0	0	3
379	189	0.751808825	3.73226984	14.4061476	9.71820405	2.57679722	16.0187181	0.850389987	4.22891439	0	100	0	0	3
380	189	0.753368785	3.74211752	15.2488013	9.78448596	2.57679722	16.0187181	0.916671897	4.22112161	0	100	0	0	3
381	190	0.755106512	3.75196519	15.3570759	9.83522277	2.57679722	16.0187181	0.967408705	4.21338469	0	100	0	0	3
382	191	0.756265394	3.76181287	11.8357556	9.8315757	2.57679722	16.0187181	0.967408705	4.20570303	0	100	0	0	3
383	191	0.75824979	3.77166055	11.8839403	9.79507171	2.57679722	16.0187181	0.967408705	4.19807605	0	100	0	0	3
384	191	0.760230492	3.78150823	12.3315431	9.79456177	2.57679722	16.0187181	0.967408705	4.19050316	0	100	0	0	3
385	192	0.761697782	3.7913559	9.20945871	9.72622952	2.57679722	16.0187181	0.967408705	4.18298379	0	100	0	0	3
386	193	0.764548394	3.80120358	7.89105441	9.60528846	2.57679722	16.0187181	0.967408705	4.17551737	0	100	0	0	3
387	193	0.767286626	3.81105126	7.8079606	9.57851704	2.57679722	16.0187181	0.967408705	4.16810335	0	100	0	0	3
388	194	0.769896755	3.82089894	7.91672632	9.54013881	2.57679722	16.0187181	0.967408705	4.16074117	0	100	0	0	3
389	194	0.771516746	3.83074661	4.12199327	9.48767248	2.57679722	16.0187181	0.967408705	4.1534303	0	100	0	0	3
390	195	0.77381808	3.84059429	3.77313373	9.45620719	2.57679722	16.0187181	0.967408705	4.1461702	0	100	0	0	3
391	195	0.775930009	3.85044197	5.60617003	9.4996214	2.57679722	16.0187181	0.967408705	4.13896034	0	100	0	0	3
392	195	0.77892543	3.86028965	8.05836494	9.62307518	3.71245758	16.0187181	0.967408705	4.1318002	0	100	0	0	3
393	196	0.781048252	3.87013733	8.08404117	9.68186032	3.71245758	16.0187181	0.967408705	4.12468928	0	100	0	0	3
394	196	0.783689226	3.879985	10.0647551	9.71873051	3.71245758	16.0187181	0.967408705	4.11762706	0	100	0	0	3
395	197	0.786262845	3.88983268	10.7937456	9.75766842	3.71245758	16.0187181	0.967408705	4.11061305	0	100	0	0	3
396	197	0.788884627	3.89968036	10.8583514	9.76387772	3.71245758	16.0187181	0.967408705	4.10364675	0	100	0	0	3
397	197	0.791642688	3.90952804	9.76248995	9.72488582	3.71245758	16.0187181	0.967408705	4.09672768	0	100	0	0	3
398	198	0.794336755	3.91937571	9.57415394	9.69997308	3.71245758	16.0187181	0.967408705	4.08985536	0	100	0	0	3
399	198	0.797211118	3.92922339	10.3003106	9.7137213	3.71245758	16.0187181	0.967408705	4.08302932	0	100	0	0	3
400	199	0.799748539	3.93907107	10.8790472	9.74372291	3.71245758	16.0187181	0.967408705	4.07624909	0	100	0	0	3
401	200	0.801782097	3.94891875	11.2829502	9.76438688	3.71245758	16.0187181	0.967408705	4.06951421	0	100	0	0	3
402	201	0.803340917	3.95876642	12.2758491	9.7846216	3.71245758	16.0187181	0.967408705	4.06282423	0	100	0	0	3
403	201	0.804331216	3.9686141	13.0340333	9.78319687	3.71245758	16.0187181	0.967408705	4.05617871	0	100	0	0	3
404	202	0.805842035	3.97846178	14.8369586	9.80643005	3.71245758	16.0187181	0.967408705	4.04957719	0	100	0	0	3
405	202	0.807617503	3.98830946	14.262427	9.84137023	3.71245758	16.0187181	0.973556169	4.04301925	0	100	0	0	3
406	203	0.809587321	3.99815714	13.4262833	9.81564956	3.71245758	15.3570759	0.973556169	4.03650445	0	100	0	0	3
407	203	0.811186301	4.00800481	11.6855675	9.76851262	3.71245758	15.3570759	0.973556169	4.03003238	0	100	0	0	3
408	204	0.813454882	4.01785249	11.6058612	9.77368637	3.71245758	15.3570759	0.973556169	4.02294731	0	100	0	0	3
409	204	0.815741274	4.02770017	9.44705088	9.75091186	3.71245758	15.3570759	0.973556169	4.0159084	0	100	0	0	3
410	205	0.818540416	4.03754785	9.04439889	9.697089	3.71245758	15.3570759	0.973556169	4.0089152	0	100	0	0	3
411	205	0.820452421	4.04739552	7.20659131	9.6640821	3.71245758	15.3570759	0.973556169	4.00196726	0	100	0	0	3
412	206	0.822987056	4.0572432	5.91035981	9.63358298	3.71245758	15.3570759	0.973556169	3.99506414	0	100	0	0	3
413	206	0.825464233	4.06709088	4.7745538	9.51917924	3.71245758	15.3570759	0.966385679	3.98820542	0	100	0	0	3
414	207	0.827751278	4.07693856	5.41862123	9.49073369	3.71245758	15.3570759	0.966385679	3.98139066	0	100	0	0	3
415	207	0.830590603	4.08678623	8.38995655	9.57422653	3.77313373	15.3570759	0.944418062	3.97461945	0	100	0	0	3
416	208	0.832684664	4.09663391	8.95889784	9.68252523	3.77313373	15.3570759	0.879607045	3.96776059	0	100	0	0	3
417	208	0.834983075	4.10648159	9.49102732	9.81682443	3.77313373	15.3570759	0.790174657	3.96021946	0	100	0	0	3
418	208	0.837355606	4.11632927	11.6132764	9.8806745	3.77313373	15.3570759	0.710856282	3.95234398	0	100	0	0	3
419	209	0.839843353	4.12617695	11.1773383	9.90373586	3.77313373	15.3570759	0.595830033	3.94451819	0	100	0	0	3
420	209	0.84242512	4.13602462	10.3378276	9.89818655	3.77313373	15.3570759	0.49015596	3.93674162	0	100	0	0	3
421	210	0.84515616	4.1458723	10.2962664	9.86168632	3.77313373	15.3570759	0.447528662	3.9290138	0	100	0	0	3
422	210	0.848083403	4.15571998	11.6523179	9.87697373	3.77313373	15.3570759	0.447528662	3.92133428	0	100	0	0	3
423	211	0.849809685	4.16556766	9.37279778	9.85842852	3.77313373	15.3570759	0.447528662	3.91370261	0	100	0	0	3
424	211	0.852243532	4.17541533	9.3456782	9.82776801	3.77313373	15.3570759	0.447528662	3.90611834	0	100	0	0	3
425	212	0.854247397	4.18526301	11.0727901	9.83139688	3.77313373	15.3570759	0.447528662	3.89858103	0	100	0	0	3
426	212	0.855514926	4.19511069	12.846177	9.8574187	3.77313373	15.3570759	0.447528662	3.89109025	0	100	0	0	3
427	213	0.856385652	4.20495837	14.4820392	9.88439398	3.77313373	15.3570759	0.447528662	3.88364556	0	100	0	0	3
428	213	0.858054257	4.21480604	15.8331344	9.95371391	3.77313373	15.8331344	0.497506715	3.87624655	0	100	0	0	3
429	214	0.859898413	4.22465372	14.5479341	10.0016954	3.77313373	15.8331344	0.545488185	3.86889279	0	100	0	0	3
430	215	0.8616702	4.2345014	12.3808773	10.0076688	3.77313373	15.8331344	0.551461599	3.86158388	0	100	0	0	3
431	215	0.864001864	4.24434908	10.6785484	9.94790648	3.77313373	15.8331344	0.551461599	3.85431939	0	100	0	0	3
432	216	0.865500297	4.25419675	10.1001958	9.86482693	3.77313373	15.8331344	0.551461599	3.84709893	0	100	0	0	3
433	216	0.868048985	4.26404443	11.0928984	9.87239419	3.77313373	15.8331344	0.551461599	3.8399221	0	100	0	0	3
434	217	0.870279057	4.27389211	9.63980402	9.83213331	3.77313373	15.8331344	0.551461599	3.8327885	0	100	0	0	3
435	217	0.871995108	4.28373979	8.16046683	9.76217153	3.77313373	15.8331344	0.551461599	3.82569775	0	100	0	0	3
436	218	0.874268342	4.29358747	6.14671022	9.6963657	3.77313373	15.8331344	0.551461599	3.81864945	0	100	0	0	3
437	218	0.875640802	4.30343514	4.15774992	9.67426441	3.77313373	15.8331344	0.551461599	3.81164324	0	100	0	0	3
438	219	0.87797636	4.31328282	4.31308763	9.60731179	3.77313373	15.8331344	0.551461599	3.80467873	0	100	0	0	3
439	219	0.880243316	4.3231305	5.65778298	9.56616181	3.77313373	15.8331344	0.551461599	3.79775555	0	100	0	0	3
440	220	0.882821391	4.33297818	8.29234119	9.61589466	3.77313373	15.8331344	0.551461599	3.79087334	0	100	0	0	3
441	220	0.885633882	4.34282585	8.31382029	9.70339635	4.15774992	15.8331344	0.516935104	3.78403173	0	100	0	0	3
442	221	0.887924302	4.35267353	9.26653293	9.77172527	4.15774992	15.8331344	0.516935104	3.77723036	0	100	0	0	3
443	221	0.890185889	4.36252121	11.7319129	9.85769804	4.15774992	15.8331344	0.516935104	3.77010429	0	100	0	0	3
444	221	0.892786147	4.37236889	10.8176821	9.91373421	4.15774992	15.8331344	0.516935104	3.7630199	0	100	0	0	3
445	222	0.895467441	4.38221656	9.46708407	9.89945198	4.15774992	15.8331344	0.516935104	3.75597681	0	100	0	0	3
446	222	0.898135952	4.39206424	10.125131	9.88426206	4.15774992	15.8331344	0.516935104	3.74897466	0	100	0	0	3
447	223	0.901062015	4.40191192	10.1509171	9.86845138	4.15774992	15.8331344	0.516935104	3.74201312	0	100	0	0	3
448	223	0.903766086	4.4117596	10.3683439	9.88311374	4.15774992	15.8331344	0.516935104	3.73509181	0	100	0	0	3
449	224	0.905703212	4.42160728	10.635385	9.90367291	4.15774992	15.8331344	0.516935104	3.72821039	0	100	0	0	3
450	225	0.90735397	4.43145495	11.192911	9.91264435	4.15774992	15.8331344	0.516935104	3.72136852	0	100	0	0	3
451	225	0.908395957	4.44130263	12.8718369	9.9184546	4.15774992	15.8331344	0.516935104	3.71456586	0	100	0	0	3
452	226	0.909303773	4.45115031	12.8921464	9.91775506	4.15774992	15.8331344	0.516935104	3.70780207	0	100	0	0	3
453	226	0.910919027	4.46099799	13.4238339	9.93622875	4.15774992	15.8331344	0.516935104	3.70107683	0	100	0	0	3
454	227	0.912836537	4.47084566	13.8122628	9.97645335	4.15774992	15.8331344	0.516935104	3.69438979	0	100	0	0	3
455	228	0.914740799	4.48069334	13.5621095	9.97172123	4.15774992	15.8331344	0.516935104	3.68774064	0	100	0	0	3
456	228	0.915381926	4.49054102	8.22475509	9.89063662	4.15774992	15.8331344	0.516935104	3.68112906	0	100	0	0	3
457	228	0.917030522	4.5003887	8.80807545	9.80920487	4.15774992	15.8331344	0.516935104	3.67449749	0	100	0	0	3
458	229	0.918700955	4.51023637	10.003351	9.78431564	4.15774992	15.8331344	0.516935104	3.66790318	0	100	0	0	3
459	229	0.920508622	4.52008405	9.87887163	9.74731181	4.15774992	15.8331344	0.516935104	3.66134581	0	100	0	0	3
460	230	0.922361446	4.52993173	8.48121151	9.73174865	4.15774992	15.8331344	0.516935104	3.65482508	0	100	0	0	3
461	230	0.924372579	4.53977941	7.78060324	9.71285058	4.15774992	15.8331344	0.516935104	3.64834068	0	100	0	0	3
462	231	0.927064872	4.54962709	4.01093588	9.61380731	4.01093588	15.8331344	0.516935104	3.64189229	0	100	0	0	3
463	231	0.928524824	4.55947476	4.35690536	9.63002957	4.01093588	15.8331344	0.516935104	3.63547964	0	100	0	0	3
464	232	0.931179794	4.56932244	5.07554852	9.62942292	4.01093588	15.8331344	0.516935104	3.62910241	0	100	0	0	3
465	232	0.933769921	4.57917012	6.42957582	9.64208371	4.01093588	15.8331344	0.441506985	3.62276032	0	100	0	0	3
466	233	0.936028083	4.5890178	9.2784908	9.66801514	4.01093588	15.8331344	0.441506985	3.61643482	0	100	0	0	3
467	233	0.939065831	4.59886547	11.1593896	9.72456043	4.01093588	15.8331344	0.441506985	3.61014399	0	100	0	0	3
468	234	0.941401883	4.60871315	10.9601096	9.75672638	4.01093588	15.8331344	0.441506985	3.60388753	0	100	0	0	3
469	234	0.944028692	4.61856083	10.1415668	9.72491123	4.01093588	15.8331344	0.441506985	3.59766517	0	100	0	0	3
470	234	0.946661356	4.62840851	10.0763419	9.69974626	4.01093588	15.8331344	0.441506985	3.59147663	0	100	0	0	3
471	235	0.949403335	4.63825618	9.90326477	9.6895635	4.01093588	15.8331344	0.441506985	3.58532162	0	100	0	0	3
472	235	0.952244665	4.64810386	9.83783835	9.67802507	4.01093588	15.8331344	0.441506985	3.57919989	0	100	0	0	3
473	236	0.955016858	4.65795154	9.10671018	9.60916887	4.01093588	15.8331344	0.441506985	3.57311116	0	100	0	0	3
474	236	0.957527007	4.66779922	9.41173734	9.60835619	4.01093588	15.8331344	0.441506985	3.56705516	0	100	0	0	3
475	237	0.959927448	4.67764689	11.8996271	9.66536914	4.01093588	15.8331344	0.441506985	3.56103164	0	100	0	0	3
476	237	0.960460346	4.68749457	17.1877322	9.67655775	4.01093588	17.1877322	0.441506985	3.55543684	0	100	0	0	3
477	238	0.961341756	4.69734225	16.0487458	9.69166662	4.01093588	17.1877322	0.441506985	3.54987188	0	100	0	0	3
478	239	0.962798487	4.70718993	15.9370404	9.73796484	4.01093588	17.1877322	0.441506985	3.54433652	0	100	0	0	3
479	239	0.964609146	4.71703761	15.6167034	9.74241288	4.01093588	17.1877322	0.441506985	3.53883052	0	100	0	0	3
480	240	0.966063157	4.72688528	13.6226964	9.71208123	4.01093588	17.1877322	0.441506985	3.53335366	0	100	0	0	3
481	240	0.967950866	4.73673296	13.8209579	9.74057019	4.01093588	17.1877322	0.410291537	3.5279057	0	100	0	0	3
482	241	0.96915167	4.74658064	11.5941701	9.74093881	4.01093588	17.1877322	0.410291537	3.52248641	0	100	0	0	3
483	241	0.970517175	4.75642832	12.3856836	9.77020163	4.01093588	17.1877322	0.410291537	3.51709558	0	100	0	0	3
484	242	0.972700526	4.76627599	11.3666612	9.77129564	4.01093588	17.1877322	0.410291537	3.51173296	0	100	0	0	3
485	242	0.975029855	4.77612367	7.45052924	9.72248845	4.01093588	17.1877322	0.410291537	3.50639835	0	100	0	0	3
486	243	0.977567606	4.78597135	3.75255374	9.60437341	3.75255374	17.1877322	0.410291537	3.50109739	0	100	0	0	3
487	243	0.979584159	4.79581903	2.71033442	9.54700199	2.71033442	17.1877322	0.429451358	3.49612032	0	100	0	0	3
488	244	0.981002403	4.8056667	3.83425509	9.54030563	2.71033442	17.1877322	0.43614772	3.49116905	0	100	0	0	3
489	244	0.983820564	4.81551438	4.11610361	9.51122701	2.71033442	17.1877322	0.465226331	3.48624336	0	100	0	0	3
490	245	0.98645703	4.82536206	6.28550282	9.51340256	2.71033442	17.1877322	0.465226331	3.48134306	0	100	0	0	3
491	245	0.988621695	4.83520974	7.99313488	9.51205209	2.71033442	17.1877322	0.465226331	3.47646796	0	100	0	0	3
492	246	0.990708946	4.84505742	8.34005105	9.52084347	2.71033442	17.1877322	0.465226331	3.47161785	0	100	0	0	3
493	246	0.993535455	4.85490509	10.1185214	9.54235464	2.71033442	17.1877322	0.465226331	3.46679256	0	100	0	0	3
494	246	0.996680249	4.86475277	9.97772113	9.50871213	2.71033442	17.1877322	0.467741214	3.46199188	0	100	0	0	3
495	247	0.999411979	4.87460045	9.89802239	9.48676464	2.71033442	17.1877322	0.489688705	3.45721564	0	100	0	0	3
496	247	1	4.88444813	8.81316679	9.4834803	2.71033442	17.1877322	0.492973045	3.45246364	0	100	0	0	3
