Iteration	CPUTime	PhysTime	Travels	Value	AvValue	MinValue	MaxValue	Delta	Criteria	PrevAvRefValue	Progress	CriteriaType	CriteriaVarType	CriteriaPercentage
1	3	0.00019322221	0.00984767767	-0.00552613183	-0.00552613183	-0.00552613183	-0.00552613183	0	0	0	0	0	0	3
2	3	0.000380596769	0.0196953553	-0.00564447068	-0.00558439215	-0.00564447068	-0.00552613183	5.82603227e-05	0	0	0	0	0	3
3	3	0.000571449991	0.029543033	-0.00574048006	-0.00563652249	-0.00574048006	-0.00552613183	0.000110390658	0	0	0	0	0	3
4	4	0.00076616844	0.0393907107	-0.00576618201	-0.0056694749	-0.00576618201	-0.00552613183	0.000143343076	0	0	0	0	0	3
5	4	0.000968963276	0.0492383884	-0.00591735907	-0.00572135471	-0.00591735907	-0.00552613183	0.000195222883	0	0	0	0	0	3
6	5	0.00131808996	0.059086066	-0.00606074338	-0.00581124967	-0.00606074338	-0.00552613183	0.000285117841	0	0	0	0	0	3
7	5	0.00170667909	0.0689337437	-0.00626105833	-0.00591366538	-0.00626105833	-0.00552613183	0.000387533554	0	0	0	0	0	3
8	6	0.00208942805	0.0787814214	-0.00642392186	-0.006007136	-0.00642392186	-0.00552613183	0.000481004175	0	0	0	0	0	3
9	6	0.00246700665	0.0886290991	-0.00663914884	-0.00610386639	-0.00663914884	-0.00552613183	0.000577734566	0	0	0	0	0	3
10	6	0.00285561827	0.0984767767	-0.00677633255	-0.00619538008	-0.00677633255	-0.00552613183	0.000669248256	0	0	0	0	0	3
11	7	0.00348539229	0.108324454	-0.00699899552	-0.00634058501	-0.00699899552	-0.00552613183	0.000814453181	0	0	0	0	0	3
12	7	0.00416906263	0.118172132	-0.00713430545	-0.00647074451	-0.00713430545	-0.00552613183	0.000944612685	0	0	0	0	0	3
13	7	0.00485602559	0.12801981	-0.00720851217	-0.00657511362	-0.00720851217	-0.00552613183	0.00104898179	0	0	0	0	0	3
14	8	0.00551890491	0.137867487	-0.007271435	-0.00665874924	-0.007271435	-0.00552613183	0.00113261741	0	0	0	0	0	3
15	8	0.00615692175	0.147715165	-0.00746752118	-0.006742559	-0.00746752118	-0.00552613183	0.00121642717	0	0	0	0	0	3
16	9	0.00709733485	0.157562843	-0.00752417614	-0.00684612506	-0.00752417614	-0.00552613183	0.00131999323	0	0	0	0	0	3
17	9	0.00800229173	0.16741052	-0.00763440624	-0.00693526958	-0.00763440624	-0.00552613183	0.00140913775	0	0	0	0	0	3
18	10	0.00897053477	0.177258198	-0.00768252107	-0.00701592487	-0.00768252107	-0.00552613183	0.00148979304	0	0	0	0	0	3
19	10	0.00989490948	0.187105876	-0.00784914056	-0.00709376323	-0.00784914056	-0.00552613183	0.0015676314	0	0	0	0	0	3
20	11	0.0106114603	0.196953553	-0.00783838837	-0.00714404488	-0.00784914056	-0.00552613183	0.00161791305	0	0	0	0	0	3
21	11	0.0117909495	0.206801231	-0.00789798743	-0.00721946434	-0.00789798743	-0.00552613183	0.00169333251	0	0	0	0	0	3
22	12	0.0127177908	0.216648909	-0.00781370415	-0.00726277108	-0.00789798743	-0.00552613183	0.00173663925	0	0	0	0	0	3
23	12	0.0138600273	0.226496586	-0.00749106059	-0.00728158494	-0.00789798743	-0.00552613183	0.00175545311	0	0	0	0	0	3
24	13	0.0149186673	0.236344264	-0.00679997962	-0.00724740986	-0.00789798743	-0.00552613183	0.00175545311	0	0	0	0	0	3
25	13	0.015900547	0.246191942	-0.00605785	-0.00717395297	-0.00789798743	-0.00552613183	0.00175545311	0	0	0	0	0	3
26	14	0.0176774878	0.25603962	-0.00360527838	-0.00681522985	-0.00789798743	-0.00360527838	0.00175545311	0	0	0	0	0	3
27	15	0.0182764837	0.265887297	-0.00373684512	-0.00671433846	-0.00789798743	-0.00360527838	0.00175545311	0	0	0	0	0	3
28	15	0.0189750303	0.275734975	-0.0033752807	-0.00659141442	-0.00789798743	-0.0033752807	0.00175545311	0	0	0	0	0	3
29	16	0.0199567878	0.285582653	-0.00396237688	-0.00646208112	-0.00789798743	-0.0033752807	0.00175545311	0	0	0	0	0	3
30	16	0.0213879052	0.29543033	-0.0036147505	-0.00627155921	-0.00789798743	-0.0033752807	0.00175545311	0	0	0	0	0	3
31	17	0.0227496075	0.305278008	-0.00393514283	-0.00613171049	-0.00789798743	-0.0033752807	0.00175545311	0	0	0	0	0	3
32	17	0.0247030351	0.315125686	-0.00257214419	-0.00585023273	-0.00789798743	-0.00257214419	0.00175545311	0	0	0	0	0	3
33	18	0.0269240731	0.324973363	-0.00240105014	-0.00556570053	-0.00789798743	-0.00240105014	0.00175545311	0	0	0	0	0	3
34	18	0.0284308708	0.334821041	-0.00129218416	-0.00533920995	-0.00789798743	-0.00129218416	0.00194237499	0	0	0	0	0	3
35	19	0.0307428609	0.344668719	-2.55914849e-05	-0.0049396039	-0.00789798743	-2.55914849e-05	0.00234198104	0	0	0	0	0	3
36	19	0.0328027973	0.354516396	0.00101770385	-0.00456549937	-0.00789798743	0.00101770385	0.00271608557	0	0	0	0	0	3
37	20	0.0350024639	0.364364074	0.00053300905	-0.00424509281	-0.00789798743	0.00101770385	0.00303649213	0	0	0	0	0	3
38	20	0.0373997285	0.374211752	-0.000540348823	-0.00400762446	-0.00789798743	0.00101770385	0.00327396047	0	0	0	0	0	3
39	21	0.0397379433	0.384059429	-0.00168147942	-0.00387075209	-0.00789798743	0.00101770385	0.00341083285	0	0	0	0	0	3
40	21	0.0417591339	0.393907107	-0.00246100297	-0.00380251859	-0.00789798743	0.00101770385	0.00347906634	0	0	0	0	0	3
41	21	0.0445205612	0.403754785	-0.00344898378	-0.00378059028	-0.00789798743	0.00101770385	0.00350099465	0	0	0	0	0	3
42	22	0.0470539997	0.413602462	-0.0041395649	-0.00379991787	-0.00789798743	0.00101770385	0.00350099465	0	0	0	0	0	3
43	22	0.0494011457	0.42345014	-0.00494893333	-0.00385450986	-0.00789798743	0.00101770385	0.00350099465	0	0	0	0	0	3
44	23	0.0525113232	0.433297818	-0.00644202462	-0.004007765	-0.00789798743	0.00101770385	0.00350099465	0	0	0	0	0	3
45	23	0.0553338412	0.443145495	-0.00738477343	-0.00418002247	-0.00789798743	0.00101770385	0.00350099465	0	0	0	0	0	3
46	23	0.0581785113	0.452993173	-0.00771072102	-0.0043526579	-0.00789798743	0.00101770385	0.00350099465	0	0	0	0	0	3
47	24	0.0609373496	0.462840851	-0.00801196088	-0.00451832683	-0.00801196088	0.00101770385	0.00350099465	0	0	0	0	0	3
48	24	0.0638054619	0.472688528	-0.00806857969	-0.00467791385	-0.00806857969	0.00101770385	0.00350099465	0	0	0	0	0	3
49	25	0.066208871	0.482536206	-0.0074738192	-0.00477940636	-0.00806857969	0.00101770385	0.00350099465	0	0	0	0	0	3
50	25	0.0681340565	0.492383884	-0.00617075323	-0.00481872004	-0.00806857969	0.00101770385	0.00350099465	0	0	0	0	0	3
51	26	0.0698734821	0.502231561	-0.00463531027	-0.00481415425	-0.00806857969	0.00101770385	0.00350099465	0	0	0	0	0	3
52	26	0.0707348491	0.512079239	-0.0043024305	-0.00480595552	-0.00806857969	0.00101770385	0.00350099465	0	0	0	0	0	3
53	27	0.0716440907	0.521926917	-0.00432549928	-0.00479762072	-0.00806857969	0.00101770385	0.00350099465	0	0	0	0	0	3
54	28	0.0735262263	0.531774594	-0.00436449604	-0.00478398012	-0.00806857969	0.00101770385	0.00350099465	0	0	0	0	0	3
55	28	0.0754504566	0.541622272	-0.00354195814	-0.00474941877	-0.00806857969	0.00101770385	0.00350099465	0	0	0	0	0	3
56	29	0.0776748393	0.55146995	-0.00248245726	-0.00468059168	-0.00806857969	0.00101770385	0.00350099465	0	0	0	0	0	3
57	29	0.0793398044	0.561317627	-0.00274099965	-0.00463302543	-0.00806857969	0.00101770385	0.00350099465	0	0	0	0	0	3
58	30	0.0812333182	0.571165305	-0.00310420713	-0.00458866955	-0.00806857969	0.00101770385	0.00350099465	0	0	0	0	0	3
59	30	0.0841171147	0.581012983	-0.00453001363	-0.00457804395	-0.00806857969	0.00101770385	0.00350099465	0	0	0	0	0	3
60	31	0.085635645	0.59086066	-0.00302386352	-0.00454030979	-0.00806857969	0.00101770385	0.00350099465	0	0	0	0	0	3
61	31	0.0877790148	0.600708338	-0.00162332223	-0.00445645625	-0.00806857969	0.00101770385	0.00350099465	0	0	0	0	0	3
62	32	0.0905874038	0.610556016	-0.00157828723	-0.00434527347	-0.00806857969	0.00101770385	0.00350099465	0	0	0	0	0	3
63	32	0.0932021056	0.620403693	-0.00208887734	-0.00425759163	-0.00806857969	0.00101770385	0.00350099465	0	0	0	0	0	3
64	33	0.0954578203	0.630251371	-0.00258899898	-0.00419367411	-0.00806857969	0.00101770385	0.00350099465	0	0	0	0	0	3
65	33	0.0980023133	0.640099049	-0.00362322387	-0.00415591933	-0.00806857969	0.00101770385	0.00350099465	0	0	0	0	0	3
66	33	0.100693908	0.649946726	-0.00496434095	-0.00415658664	-0.00806857969	0.00101770385	0.00350099465	0	0	0	0	0	3
67	34	0.102884199	0.659794404	-0.00570280688	-0.00415888077	-0.00806857969	0.00101770385	0.00350099465	0	0	0	0	0	3
68	34	0.105255243	0.669642082	-0.00671868672	-0.00418894887	-0.00806857969	0.00101770385	0.00350099465	0	0	0	0	0	3
69	34	0.107890554	0.679489759	-0.00758898239	-0.00424533298	-0.00806857969	0.00101770385	0.00350099465	0	0	0	0	0	3
70	35	0.110777893	0.689337437	-0.0079860408	-0.00431937347	-0.00806857969	0.00101770385	0.00350099465	0	0	0	0	0	3
71	35	0.11338448	0.699185115	-0.0081914141	-0.00439304314	-0.0081914141	0.00101770385	0.00350099465	0	0	0	0	0	3
72	36	0.116195548	0.709032792	-0.00839233583	-0.00446112676	-0.00839233583	0.00101770385	0.00350099465	0	0	0	0	0	3
73	36	0.118856973	0.71888047	-0.00774266788	-0.00451413515	-0.00839233583	0.00101770385	0.00350099465	0	0	0	0	0	3
74	37	0.120794519	0.728728148	-0.00596340416	-0.00450859598	-0.00839233583	0.00101770385	0.00346681957	0	0	0	0	0	3
75	38	0.122171532	0.738575825	-0.00515246314	-0.00449424544	-0.00839233583	0.00101770385	0.00339336269	0	0	0	0	0	3
76	38	0.123025204	0.748423503	-0.00504070259	-0.0044842685	-0.00839233583	0.00101770385	0.00303463957	0	0	0	0	0	3
77	39	0.12417531	0.758271181	-0.00507681801	-0.0045053338	-0.00839233583	0.00101770385	0.00293374818	0	0	0	0	0	3
78	39	0.126055065	0.768118859	-0.00499810363	-0.00451819914	-0.00839233583	0.00101770385	0.00281082414	0	0	0	0	0	3
79	40	0.127315179	0.777966536	-0.00460893716	-0.00452662373	-0.00839233583	0.00101770385	0.00268149084	0	0	0	0	0	3
80	40	0.129069511	0.787814214	-0.00273356723	-0.00450287158	-0.00839233583	0.00101770385	0.00249096893	0	0	0	0	0	3
81	41	0.131497803	0.797661892	-0.002464224	-0.00446945565	-0.00839233583	0.00101770385	0.00235112021	0	0	0	0	0	3
82	42	0.132778406	0.807509569	-0.00165378515	-0.00444329721	-0.00839233583	0.00101770385	0.00206964245	0	0	0	0	0	3
83	42	0.134224636	0.817357247	-0.000521361283	-0.00442488202	-0.00839233583	0.00101770385	0.00178511025	0	0	0	0	0	3
84	42	0.136957767	0.827204925	0.0013699335	-0.00432179559	-0.00839233583	0.0013699335	0.00155861966	0	0	0	0	0	3
85	43	0.138829179	0.837052602	0.00256890107	-0.00424633862	-0.00839233583	0.00256890107	0.00115901362	0	0	0	0	0	3
86	43	0.141451474	0.84690028	0.0021443376	-0.00418311037	-0.00839233583	0.00256890107	0.00103812976	0	0	0	0	0	3
87	44	0.143418969	0.856747958	0.00122419054	-0.00418378395	-0.00839233583	0.00256890107	0.00103812976	0	0	0	0	0	3
88	44	0.146195981	0.866595635	-0.000284517243	-0.00417971053	-0.00839233583	0.00256890107	0.00103812976	0	0	0	0	0	3
89	45	0.148172678	0.876443313	-0.00124947246	-0.00420618198	-0.00839233583	0.00256890107	0.00103812976	0	0	0	0	0	3
90	45	0.150506191	0.886290991	-0.00248088731	-0.00422312997	-0.00839233583	0.00256890107	0.00103812976	0	0	0	0	0	3
91	45	0.153214303	0.896138668	-0.00415293619	-0.00425337982	-0.00839233583	0.00256890107	0.00103812976	0	0	0	0	0	3
92	46	0.155204028	0.905986346	-0.00523954457	-0.0042911766	-0.00839233583	0.00256890107	0.00101880218	0	0	0	0	0	3
93	46	0.157485753	0.915834024	-0.00622873026	-0.00433468819	-0.00839233583	0.00256890107	0.000964210182	0	0	0	0	0	3
94	47	0.160152923	0.925681701	-0.00702095822	-0.00438636247	-0.00839233583	0.00256890107	0.000810955042	0	0	0	0	0	3
95	47	0.163032201	0.935529379	-0.00725005865	-0.00440311861	-0.00839233583	0.00256890107	0.000662800715	0	0	0	0	0	3
96	48	0.165721048	0.945377057	-0.00739977946	-0.00439987354	-0.00839233583	0.00256890107	0.000662800715	0	0	0	0	0	3
97	48	0.16830073	0.955224734	-0.00772355128	-0.00439220717	-0.00839233583	0.00256890107	0.000662800715	0	0	0	0	0	3
98	49	0.169993933	0.965072412	-0.00753029035	-0.00434935875	-0.00839233583	0.00256890107	0.000662800715	0	0	0	0	0	3
99	49	0.172183414	0.97492009	-0.00633995617	-0.00429114795	-0.00839233583	0.00256890107	0.000662800715	0	0	0	0	0	3
100	50	0.174081704	0.984767767	-0.00501640031	-0.00423300058	-0.00839233583	0.00256890107	0.000662800715	0	0	0	0	0	3
101	51	0.175057252	0.994615445	-0.00435299211	-0.00419920552	-0.00839233583	0.00256890107	0.000658234924	0	0	0	0	0	3
102	51	0.175892311	1.00446312	-0.00457705353	-0.00419502658	-0.00839233583	0.00256890107	0.000650036193	0.00119999237	0	100	0	0	3
103	52	0.177402566	1.0143108	-0.00488598261	-0.00420394216	-0.00839233583	0.00256890107	0.00064170139	0.00119999237	0	100	0	0	3
104	52	0.179159994	1.02415848	-0.00392579739	-0.00419836769	-0.00839233583	0.00256890107	0.000628060787	0.00119999237	0	100	0	0	3
105	53	0.181099575	1.03400616	-0.0030876906	-0.00417543521	-0.00839233583	0.00256890107	0.000593499446	0.00119999237	0	100	0	0	3
106	54	0.183498608	1.04385383	-0.00236627031	-0.00414654726	-0.00839233583	0.00256890107	0.000534044429	0.00119999237	0	100	0	0	3
107	54	0.185949981	1.05370151	-0.00180609861	-0.0041277457	-0.00839233583	0.00256890107	0.000505279725	0.00119999237	0	100	0	0	3
108	55	0.188022137	1.06354919	-0.00116419374	-0.00409248644	-0.00839233583	0.00256890107	0.000496183101	0.00119999237	0	100	0	0	3
109	55	0.190417793	1.07339687	0.000452854376	-0.00400989458	-0.00839233583	0.00256890107	0.000568149377	0.00119999237	0	100	0	0	3
110	56	0.192591432	1.08324454	0.00140311228	-0.00388759981	-0.00839233583	0.00256890107	0.000652709978	0.00119999237	0	100	0	0	3
111	56	0.194894352	1.09309222	0.000996207432	-0.00379666512	-0.00839233583	0.00256890107	0.000729958612	0.00119999237	0	100	0	0	3
112	57	0.197778485	1.1029399	-8.44146136e-05	-0.00374167988	-0.00839233583	0.00256890107	0.000784943851	0.00119999237	0	100	0	0	3
113	57	0.200750216	1.11278758	-0.00098425045	-0.00372244752	-0.00839233583	0.00256890107	0.000804176211	0.00119999237	0	100	0	0	3
114	57	0.203041603	1.12263525	-0.00191970663	-0.00372372687	-0.00839233583	0.00256890107	0.000804176211	0.00119999237	0	100	0	0	3
115	58	0.205081565	1.13248293	-0.00296945817	-0.00373304002	-0.00839233583	0.00256890107	0.000804176211	0.00119999237	0	100	0	0	3
116	58	0.207110793	1.14233061	-0.00426280149	-0.00374545366	-0.00839233583	0.00256890107	0.000804176211	0.00119999237	0	100	0	0	3
117	59	0.209337991	1.15217829	-0.00567931719	-0.00375490053	-0.00839233583	0.00256890107	0.000804176211	0.00119999237	0	100	0	0	3
118	59	0.211935413	1.16202597	-0.00697572634	-0.00379249168	-0.00839233583	0.00256890107	0.000804176211	0.00119999237	0	100	0	0	3
119	60	0.21458211	1.17187364	-0.00762038991	-0.00382169906	-0.00839233583	0.00256890107	0.000804176211	0.00119999237	0	100	0	0	3
120	60	0.217281397	1.18172132	-0.00785080487	-0.00383036296	-0.00839233583	0.00256890107	0.000804176211	0.00119999237	0	100	0	0	3
121	60	0.220230227	1.191569	-0.00784265935	-0.00382883468	-0.00839233583	0.00256890107	0.000804176211	0.00119999237	0	100	0	0	3
122	61	0.222908991	1.20141668	-0.00740758058	-0.00381253858	-0.00839233583	0.00256890107	0.000804176211	0.00119999237	0	100	0	0	3
123	62	0.224822851	1.21126435	-0.00594398599	-0.0037315752	-0.00785080487	0.00256890107	0.000804176211	0.00119999237	0	100	0	0	3
124	62	0.226401367	1.22111203	-0.00500550344	-0.00365101029	-0.00785080487	0.00256890107	0.000875613445	0.00119999237	0	100	0	0	3
125	63	0.227466443	1.23095971	-0.00441457111	-0.00361663274	-0.00785080487	0.00256890107	0.000909990991	0.00119999237	0	100	0	0	3
126	63	0.228388625	1.24080739	-0.00433332815	-0.00360294441	-0.00785080487	0.00256890107	0.000923679329	0.00119999237	0	100	0	0	3
127	64	0.230007431	1.25065506	-0.00497516579	-0.00361223554	-0.00785080487	0.00256890107	0.000923679329	0.00119999237	0	100	0	0	3
128	64	0.231825279	1.26050274	-0.00390415342	-0.00360151781	-0.00785080487	0.00256890107	0.000925105921	0.00119999237	0	100	0	0	3
129	65	0.233223799	1.27035042	-0.00395635056	-0.00358165196	-0.00785080487	0.00256890107	0.000944971773	0.00119999237	0	100	0	0	3
130	66	0.235612492	1.2801981	-0.00338145503	-0.00356528308	-0.00785080487	0.00256890107	0.000937588497	0.00119999237	0	100	0	0	3
131	66	0.237386818	1.29004578	-0.00278205891	-0.00356592389	-0.00785080487	0.00256890107	0.000904172569	0.00119999237	0	100	0	0	3
132	67	0.239629339	1.29989345	-0.00495446143	-0.00361946122	-0.00785080487	0.00256890107	0.000878014126	0.00119999237	0	100	0	0	3
133	67	0.241513281	1.30974113	-0.00325379817	-0.00363627609	-0.00785080487	0.00256890107	0.000859598942	0.00119999237	0	100	0	0	3
134	68	0.243955194	1.31958881	-0.00126667418	-0.00362459769	-0.00785080487	0.00256890107	0.000837835531	0.00119999237	0	100	0	0	3
135	68	0.246049646	1.32943649	-0.000904601658	-0.00369750694	-0.00785080487	0.00256890107	0.000837835531	0.00119999237	0	100	0	0	3
136	69	0.247262028	1.33928416	-0.0010829612	-0.00377642402	-0.00785080487	0.0021443376	0.000837835531	0.00119999237	0	100	0	0	3
137	69	0.249055452	1.34913184	-0.00177209673	-0.00388730629	-0.00785080487	0.00140311228	0.000837835531	0.00119999237	0	100	0	0	3
138	70	0.25112115	1.35897952	-0.00276763921	-0.00395920782	-0.00785080487	0.00140311228	0.000837835531	0.00119999237	0	100	0	0	3
139	70	0.253553013	1.3688272	-0.00381779381	-0.00405105797	-0.00785080487	0.00140311228	0.000837835531	0.00119999237	0	100	0	0	3
140	71	0.256082073	1.37867487	-0.00493357313	-0.00412306115	-0.00785080487	0.00140311228	0.000837835531	0.00119999237	0	100	0	0	3
141	71	0.25888187	1.38852255	-0.00630374769	-0.00421475619	-0.00785080487	0.00140311228	0.000837835531	0.00119999237	0	100	0	0	3
142	71	0.261223609	1.39837023	-0.00725039855	-0.00428212166	-0.00785080487	0.00140311228	0.000837835531	0.00119999237	0	100	0	0	3
143	72	0.263606302	1.40821791	-0.0079725079	-0.0043456632	-0.0079725079	0.00140311228	0.000837835531	0.00119999237	0	100	0	0	3
144	72	0.266083123	1.41806558	-0.00841716729	-0.00439895868	-0.00841716729	0.00140311228	0.000837835531	0.0012000571	0	100	0	0	3
145	73	0.268691541	1.42791326	-0.00840230657	-0.00443073615	-0.00841716729	0.00140311228	0.000865453076	0.00120011881	0	100	0	0	3
146	73	0.271397333	1.43776094	-0.00885261989	-0.00446623731	-0.00885261989	0.00140311228	0.000900954231	0.00120126117	0	100	0	0	3
147	74	0.27382	1.44760862	-0.00882039151	-0.00449085196	-0.00885261989	0.00140311228	0.000925568883	0.00120235275	0	100	0	0	3
148	74	0.276338061	1.4574563	-0.00752214716	-0.00448431395	-0.00885261989	0.00140311228	0.000925568883	0.00120339687	0	100	0	0	3
149	75	0.278454248	1.46730397	-0.00512191952	-0.00444920282	-0.00885261989	0.00140311228	0.000925568883	0.00120439656	0	100	0	0	3
150	75	0.279544071	1.47715165	-0.00502550323	-0.00441649341	-0.00885261989	0.00140311228	0.000925568883	0.0012053546	0	100	0	0	3
151	76	0.28043185	1.48699933	-0.00516972398	-0.00441207315	-0.00885261989	0.00140311228	0.000925568883	0.00120627354	0	100	0	0	3
152	76	0.281990103	1.49684701	-0.00543029261	-0.00442744991	-0.00885261989	0.00140311228	0.000925568883	0.00120715572	0	100	0	0	3
153	77	0.28373527	1.50669468	-0.00573739603	-0.00444748967	-0.00885261989	0.00140311228	0.000925568883	0.0012080033	0	100	0	0	3
154	78	0.285571933	1.51654236	-0.0052507628	-0.00445500664	-0.00885261989	0.00140311228	0.000925568883	0.00120881828	0	100	0	0	3
155	78	0.287991836	1.52639004	-0.00440480444	-0.00446243611	-0.00885261989	0.00140311228	0.000925568883	0.00120960251	0	100	0	0	3
156	79	0.2901837	1.53623772	-0.00392726542	-0.00447612654	-0.00885261989	0.00140311228	0.000925568883	0.0012103577	0	100	0	0	3
157	79	0.292611272	1.54608539	-0.00648658162	-0.00456724464	-0.00885261989	0.00140311228	0.00100196156	0.00121108542	0	100	0	0	3
158	80	0.293931398	1.55593307	-0.00439593546	-0.00462783331	-0.00885261989	0.00140311228	0.00106255023	0.00121178715	0	100	0	0	3
159	80	0.295563343	1.56578075	-0.00326763396	-0.00467393128	-0.00885261989	0.00140311228	0.0011086482	0.00121246426	0	100	0	0	3
160	81	0.297992554	1.57562843	-0.0020850268	-0.00472964152	-0.00885261989	0.00140311228	0.00116435844	0.00121311802	0	100	0	0	3
161	81	0.299705616	1.58547611	-0.0015292787	-0.00480290888	-0.00885261989	0.000996207432	0.0012376258	0.00121374962	0	98	0	0	3
162	82	0.302396282	1.59532378	-0.00203675267	-0.00485790413	-0.00885261989	-8.44146136e-05	0.00129262105	0.00121436017	0	93.9	0	0	3
163	82	0.304118064	1.60517146	-0.00247680349	-0.00494881707	-0.00885261989	-0.000904601658	0.00138353399	0.0012149507	0	87.8	0	0	3
164	83	0.306889191	1.61501914	-0.00385065216	-0.00503114753	-0.00885261989	-0.000904601658	0.00146586445	0.00121552218	0	82.9	0	0	3
165	83	0.309035835	1.62486682	-0.00516165934	-0.00510105394	-0.00885261989	-0.000904601658	0.00153577086	0.00121607551	0	79.1	0	0	3
166	84	0.311446872	1.63471449	-0.00612164863	-0.0051650698	-0.00885261989	-0.000904601658	0.00159978672	0.00121661156	0	76	0	0	3
167	84	0.313831303	1.64456217	-0.00686535408	-0.00522021495	-0.00885261989	-0.000904601658	0.00165493187	0.00121713111	0	73.5	0	0	3
168	84	0.316384394	1.65440985	-0.00765970651	-0.00526884557	-0.00885261989	-0.000904601658	0.00170356249	0.00121763492	0	71.4	0	0	3
169	85	0.318926312	1.66425753	-0.00818628245	-0.00529672081	-0.00885261989	-0.000904601658	0.00173143773	0.00121812369	0	70.3	0	0	3
170	85	0.321580295	1.6741052	-0.00814892358	-0.00530998876	-0.00885261989	-0.000904601658	0.00174470568	0.00121859808	0	69.8	0	0	3
171	86	0.324420769	1.68395288	-0.00851485447	-0.00533094227	-0.00885261989	-0.000904601658	0.0017656592	0.00121905872	0	69	0	0	3
172	86	0.327130087	1.69380056	-0.00803498156	-0.00533018901	-0.00885261989	-0.000904601658	0.0017656592	0.00121950621	0	69	0	0	3
173	87	0.329419507	1.70364824	-0.00654022849	-0.00530395166	-0.00885261989	-0.000904601658	0.0017656592	0.00121994108	0	69	0	0	3
174	87	0.331166089	1.71349592	-0.00509681376	-0.00528903092	-0.00885261989	-0.000904601658	0.0017656592	0.00122036388	0	69.1	0	0	3
175	88	0.332177837	1.72334359	-0.00477465615	-0.00528834206	-0.00885261989	-0.000904601658	0.0017656592	0.00122077509	0	69.1	0	0	3
176	88	0.333031375	1.73319127	-0.00478684116	-0.00529310295	-0.00885261989	-0.000904601658	0.0017656592	0.00122117519	0	69.1	0	0	3
177	89	0.334522144	1.74303895	-0.00526148985	-0.00530099828	-0.00885261989	-0.000904601658	0.0017656592	0.00122156462	0	69.1	0	0	3
178	90	0.336377661	1.75288663	-0.00350981859	-0.00527471174	-0.00885261989	-0.000904601658	0.0017656592	0.0012219438	0	69.2	0	0	3
179	90	0.337585248	1.7627343	-0.00330424477	-0.00527577033	-0.00885261989	-0.000904601658	0.0017656592	0.00122231314	0	69.2	0	0	3
180	91	0.339140657	1.77258198	-0.00205201701	-0.00524585046	-0.00885261989	-0.000904601658	0.0017656592	0.001222673	0	69.2	0	0	3
181	91	0.341223704	1.78242966	-0.00148698936	-0.00521388022	-0.00885261989	-0.000904601658	0.00176501839	0.00122302375	0	69.2	0	0	3
182	92	0.342970047	1.79227734	-0.00182305305	-0.00519866281	-0.00885261989	-0.000904601658	0.00171148106	0.00122336573	0	71.4	0	0	3
183	92	0.34525277	1.80212501	-0.00225020962	-0.00514012582	-0.00885261989	-0.000904601658	0.00170634459	0.00122369927	0	71.7	0	0	3
184	93	0.347284132	1.81197269	-0.000995412552	-0.00509412374	-0.00885261989	-0.000904601658	0.00170634459	0.00122402468	0	71.7	0	0	3
185	93	0.34956046	1.82182037	6.66791245e-05	-0.00507138454	-0.00885261989	6.66791245e-05	0.00163343533	0.00122434224	0	74.9	0	0	3
186	94	0.351438356	1.83166805	0.000244598444	-0.00505946921	-0.00885261989	0.000244598444	0.00155451826	0.00122465224	0	78.7	0	0	3
187	94	0.353451405	1.84151572	-0.000778601174	-0.0050237166	-0.00885261989	0.000244598444	0.00144363598	0.00122440813	0	84.8	0	0	3
188	95	0.355564544	1.8513634	-0.00134912054	-0.00500556415	-0.00885261989	0.000244598444	0.00137173446	0.00122322614	0	89.1	0	0	3
189	95	0.357115787	1.86121108	-0.00172952513	-0.00500123322	-0.00885261989	0.000244598444	0.00127988431	0.00122207132	0	95.4	0	0	3
190	95	0.359187127	1.87105876	-0.00263330118	-0.00498204595	-0.00885261989	0.000244598444	0.00120788112	0.00122094274	0	100	0	0	3
191	96	0.361738049	1.88090644	-0.00384303432	-0.00495570632	-0.00885261989	0.000244598444	0.00111618609	0.00121983952	0	100	0	0	3
192	96	0.363943476	1.89075411	-0.00519499668	-0.00492480537	-0.00885261989	0.000244598444	0.00104882061	0.00121876082	0	100	0	0	3
193	97	0.366311819	1.90060179	-0.00633846177	-0.00490484205	-0.00885261989	0.000244598444	0.00098527907	0.00121770583	0	100	0	0	3
194	97	0.368901114	1.91044947	-0.00724192843	-0.0048928956	-0.00885261989	0.000244598444	0.000931983595	0.00121667377	0	100	0	0	3
195	98	0.371593204	1.92029715	-0.00770210396	-0.00488184122	-0.00885261989	0.000244598444	0.000918869121	0.00121566391	0	100	0	0	3
196	98	0.374265292	1.93014482	-0.00790230549	-0.00487130926	-0.00885261989	0.000244598444	0.000918869121	0.00121467553	0	100	0	0	3
197	98	0.377045617	1.9399925	-0.00815908228	-0.00485586628	-0.00882039151	0.000244598444	0.000918869121	0.00121370797	0	100	0	0	3
198	99	0.379400536	1.94984018	-0.00772992155	-0.00482900005	-0.00851485447	0.000244598444	0.000918869121	0.00121276055	0	100	0	0	3
199	99	0.381448586	1.95968786	-0.00677705321	-0.00480243944	-0.00851485447	0.000244598444	0.000918869121	0.00121183268	0	100	0	0	3
200	100	0.383609986	1.96953553	-0.00545244233	-0.00480937046	-0.00851485447	0.000244598444	0.000918869121	0.00121092374	0	100	0	0	3
201	101	0.384620667	1.97938321	-0.00471980508	-0.00480626731	-0.00851485447	0.000244598444	0.000918869121	0.00121003316	0	100	0	0	3
202	102	0.385426021	1.98923089	-0.00454084003	-0.00480115814	-0.00851485447	0.000244598444	0.000903492365	0.00120916039	0	100	0	0	3
203	102	0.38689717	1.99907857	-0.00424843898	-0.00478406222	-0.00851485447	0.000244598444	0.00088345261	0.00120830491	0	100	0	0	3
204	103	0.388781504	2.00892625	-0.0030820828	-0.00473769383	-0.00851485447	0.000244598444	0.000875935636	0.0012074662	0	100	0	0	3
205	103	0.390844916	2.01877392	-0.00208462473	-0.00467674079	-0.00851485447	0.000244598444	0.000868506167	0.00120664378	0	100	0	0	3
206	104	0.391943232	2.0286216	-0.000527303673	-0.00463922964	-0.00851485447	0.000244598444	0.000854815736	0.00120583717	0	100	0	0	3
207	104	0.392696549	2.03846928	-0.000340701408	-0.0046228646	-0.00851485447	0.000244598444	0.000763697638	0.00120504592	0	100	0	0	3
208	105	0.394158256	2.04831696	-0.00109006305	-0.00452745827	-0.00851485447	0.000244598444	0.000803484004	0.00120426961	0	100	0	0	3
209	105	0.395718397	2.05816463	-0.00112711849	-0.0044770453	-0.00851485447	0.000244598444	0.000853896972	0.0012035078	0	100	0	0	3
210	106	0.397917154	2.06801231	-0.000129399871	-0.00440293258	-0.00851485447	0.000244598444	0.000928009694	0.00120276011	0	100	0	0	3
211	106	0.39957096	2.07785999	-0.000118554864	-0.00438861016	-0.00851485447	0.000244598444	0.000942332114	0.00120202613	0	100	0	0	3
212	107	0.402101806	2.08770767	0.00012818331	-0.00432480804	-0.00851485447	0.000244598444	0.00100613424	0.00120090053	0	100	0	0	3
213	107	0.403723598	2.09755534	0.000213967355	-0.00431292024	-0.00851485447	0.000244598444	0.00101802203	0.00119999237	0	100	0	0	3
214	108	0.405679654	2.10740302	-0.000432147602	-0.00426930517	-0.00851485447	0.000244598444	0.00106163711	0.00119999237	0	100	0	0	3
215	108	0.407667029	2.1172507	-0.00136558627	-0.00422355465	-0.00851485447	0.000244598444	0.00110738762	0.00119999237	0	100	0	0	3
216	108	0.410216255	2.12709838	-0.00195559473	-0.0041465109	-0.00851485447	0.000244598444	0.00118443137	0.00119999237	0	100	0	0	3
217	109	0.412969726	2.13694606	-0.00304996477	-0.00406986376	-0.00851485447	0.000244598444	0.00126107852	0.00119999237	0	95.1	0	0	3
218	109	0.415441052	2.14679373	-0.00419309959	-0.00400726054	-0.00851485447	0.000244598444	0.00132368174	0.00119999237	0	90.6	0	0	3
219	110	0.418455224	2.15664141	-0.00574876177	-0.00396732902	-0.00851485447	0.000244598444	0.00136361325	0.00119999237	0	88	0	0	3
220	110	0.421022905	2.16648909	-0.00664674017	-0.00392967487	-0.00851485447	0.000244598444	0.00140126741	0.00119999237	0	85.6	0	0	3
221	110	0.423435162	2.17633677	-0.00719892456	-0.00389716251	-0.00851485447	0.000244598444	0.00143377977	0.00119999237	0	83.6	0	0	3
222	111	0.426085407	2.18618444	-0.0071120586	-0.00385195335	-0.00815908228	0.000244598444	0.00147823566	0.00119999237	0	81.1	0	0	3
223	111	0.428773954	2.19603212	-0.00755525752	-0.00383840955	-0.00815908228	0.000244598444	0.00146554211	0.00119999237	0	81.8	0	0	3
224	112	0.431103842	2.2058798	-0.00744423812	-0.00386019833	-0.00815908228	0.000244598444	0.00146258873	0.00119999237	0	82	0	0	3
225	112	0.433292201	2.21572748	-0.00645777252	-0.0038947103	-0.00815908228	0.000244598444	0.00146258873	0.00119999237	0	82	0	0	3
226	113	0.435566011	2.22557515	-0.00441311085	-0.00389750037	-0.00815908228	0.000244598444	0.00146258873	0.00119999237	0	82	0	0	3
227	113	0.436661735	2.23542283	-0.0041070335	-0.0038923909	-0.00815908228	0.000244598444	0.00146258873	0.00119999237	0	82	0	0	3
228	114	0.437611043	2.24527051	-0.00495303786	-0.00388235947	-0.00815908228	0.000244598444	0.00143736079	0.00119999237	0	83.4	0	0	3
229	115	0.439397505	2.25511819	-0.00527532624	-0.00391322478	-0.00815908228	0.000244598444	0.00143736079	0.00119999237	0	83.4	0	0	3
230	115	0.441169475	2.26496586	-0.0047393307	-0.00393445611	-0.00815908228	0.000244598444	0.00140744091	0.00119999237	0	85.2	0	0	3
231	116	0.443119956	2.27481354	-0.00413326492	-0.00396634452	-0.00815908228	0.000244598444	0.00137547068	0.00119999237	0	87.2	0	0	3
232	116	0.445470658	2.28466122	-0.0034660642	-0.00400460563	-0.00815908228	0.000244598444	0.00136025326	0.00119999237	0	88.2	0	0	3
233	117	0.447894255	2.2945089	-0.0037673474	-0.00403543474	-0.00815908228	0.000244598444	0.00130171628	0.00119999237	0	92.1	0	0	3
234	117	0.450501639	2.30435658	-0.00299231324	-0.00404831238	-0.00815908228	0.000244598444	0.00125571419	0.00119999237	0	95.5	0	0	3
235	118	0.453138227	2.31420425	-0.00161338317	-0.00404624954	-0.00815908228	0.000244598444	0.001232975	0.00119999237	0	97.3	0	0	3
236	118	0.454618802	2.32405193	-0.00135233863	-0.00409740051	-0.00815908228	0.000244598444	0.00122105966	0.00119999237	0	98.2	0	0	3
237	119	0.456789403	2.33389961	-0.00117611283	-0.00411460843	-0.00815908228	0.000213967355	0.00118530705	0.00119999237	0	100	0	0	3
238	119	0.459040418	2.34374729	-0.00216996434	-0.00413675204	-0.00815908228	0.000213967355	0.00116715461	0.00119999237	0	100	0	0	3
239	120	0.461893828	2.35359496	-0.00289963972	-0.0041589535	-0.00815908228	0.000213967355	0.00116282368	0.00119999237	0	100	0	0	3
240	120	0.463598454	2.36344264	-0.00355444766	-0.00418466827	-0.00815908228	0.000213967355	0.0011436364	0.00119999237	0	100	0	0	3
241	121	0.466107247	2.37329032	-0.0048112745	-0.00422942537	-0.00815908228	0.000213967355	0.00111729678	0.00119999237	0	100	0	0	3
242	121	0.468366083	2.383138	-0.00579712187	-0.00427187971	-0.00815908228	0.000213967355	0.00108639582	0.00119999237	0	100	0	0	3
243	122	0.471199739	2.39298567	-0.00692352417	-0.00432295346	-0.00815908228	0.000213967355	0.0010664325	0.00119999237	0	100	0	0	3
244	122	0.473974346	2.40283335	-0.00788043085	-0.00437029758	-0.00815908228	0.000213967355	0.00105448606	0.00119999237	0	100	0	0	3
245	122	0.476722136	2.41268103	-0.00826734212	-0.00440065123	-0.00826734212	0.000213967355	0.00104343168	0.00119999237	0	100	0	0	3
246	123	0.479335019	2.42252871	-0.00847568119	-0.00441698444	-0.00847568119	0.000213967355	0.00103289972	0.00119999237	0	100	0	0	3
247	123	0.482245556	2.43237639	-0.00853726641	-0.00444179588	-0.00853726641	0.000213967355	0.00101745674	0.00119999237	0	100	0	0	3
248	124	0.484935567	2.44222406	-0.0080058895	-0.00443486463	-0.00853726641	0.000213967355	0.0009905905	0.00119999237	0	100	0	0	3
249	125	0.486758579	2.45207174	-0.00649271027	-0.00439753052	-0.00853726641	0.000213967355	0.00097096091	0.00119999237	0	100	0	0	3
250	125	0.488564813	2.46191942	-0.00524983266	-0.00436640617	-0.00853726641	0.000213967355	0.00097096091	0.00119999237	0	100	0	0	3
251	126	0.489534407	2.4717671	-0.00479573858	-0.00434817543	-0.00853726641	0.000213967355	0.00096785776	0.00119999237	0	100	0	0	3
252	126	0.490399696	2.48161477	-0.00507010999	-0.00435053018	-0.00853726641	0.000213967355	0.000962748596	0.00119999237	0	100	0	0	3
253	127	0.491986015	2.49146245	-0.00536867464	-0.0043642486	-0.00853726641	0.000213967355	0.000945652677	0.00119999237	0	100	0	0	3
254	127	0.493959676	2.50131013	-0.00465434375	-0.00437118775	-0.00853726641	0.000213967355	0.000899284288	0.00119999237	0	100	0	0	3
255	128	0.495823564	2.51115781	-0.00336777202	-0.0043764086	-0.00853726641	0.000213967355	0.000838331242	0.00119999237	0	100	0	0	3
256	128	0.497857407	2.52100548	-0.00243621475	-0.00438372405	-0.00853726641	0.000213967355	0.000800820093	0.00119999237	0	100	0	0	3
257	129	0.500045534	2.53085316	-0.000825897616	-0.0043508903	-0.00853726641	0.000213967355	0.00078445506	0.00119999237	0	100	0	0	3
258	130	0.502642165	2.54070084	-0.0091178359	-0.00449094996	-0.0091178359	0.000213967355	0.000689048726	0.00119999237	0	100	0	0	3
259	130	0.503062412	2.55054852	-0.00187392885	-0.00452649775	-0.0091178359	0.000213967355	0.000688088208	0.00119999237	0	100	0	0	3
260	131	0.503835258	2.5603962	-0.00210173284	-0.00455821845	-0.0091178359	0.000213967355	0.000719808907	0.00119999237	0	100	0	0	3
261	131	0.505045828	2.57024387	0.000330658495	-0.00459387244	-0.0091178359	0.000330658495	0.000755462891	0.00119999237	0	100	0	0	3
262	131	0.506886844	2.58009155	6.86749145e-05	-0.00458285345	-0.0091178359	0.000330658495	0.000755462891	0.00119999237	0	100	0	0	3
263	132	0.508292774	2.58993923	0.000902008146	-0.00462251384	-0.0091178359	0.000902008146	0.000784104298	0.00119999237	0	100	0	0	3
264	132	0.510236077	2.59978691	0.000490993073	-0.00460286049	-0.0091178359	0.000902008146	0.000784104298	0.00119999237	0	100	0	0	3
265	133	0.512334241	2.60963458	-0.000505887775	-0.00459875403	-0.0091178359	0.000902008146	0.000784104298	0.00119999237	0	100	0	0	3
266	133	0.514315389	2.61948226	-0.000956555666	-0.0045913445	-0.0091178359	0.000902008146	0.000784104298	0.00119999237	0	100	0	0	3
267	134	0.516549813	2.62932994	-0.00187244234	-0.00459740036	-0.0091178359	0.000902008146	0.000784104298	0.00119999237	0	100	0	0	3
268	134	0.519050646	2.63917762	-0.00297313428	-0.0045992744	-0.0091178359	0.000902008146	0.000784104298	0.00119999237	0	100	0	0	3
269	134	0.521182082	2.64902529	-0.00421525973	-0.00460102668	-0.0091178359	0.000902008146	0.000784104298	0.00119999237	0	100	0	0	3
270	135	0.523971209	2.65887297	-0.00593838042	-0.00460359101	-0.0091178359	0.000902008146	0.000784104298	0.00119999237	0	100	0	0	3
271	135	0.526800959	2.66872065	-0.00733078801	-0.00462695246	-0.0091178359	0.000902008146	0.000788542916	0.00119999237	0	100	0	0	3
272	136	0.529741227	2.67856833	-0.0078948976	-0.00465897679	-0.0091178359	0.000902008146	0.000820567242	0.00119999237	0	100	0	0	3
273	136	0.53247374	2.688416	-0.00801567285	-0.00468408243	-0.0091178359	0.000902008146	0.000845672889	0.00119999237	0	100	0	0	3
274	137	0.535420882	2.69826368	-0.00816828494	-0.00470798511	-0.0091178359	0.000902008146	0.000847786785	0.00119999237	0	100	0	0	3
275	137	0.538124565	2.70811136	-0.00717719502	-0.00471079578	-0.0091178359	0.000902008146	0.000828436303	0.00119999237	0	100	0	0	3
276	138	0.540099039	2.71795904	-0.00519712193	-0.0046839925	-0.0091178359	0.000902008146	0.000828436303	0.00119999237	0	100	0	0	3
277	138	0.541386744	2.72780672	-0.00435120914	-0.00468576348	-0.0091178359	0.000902008146	0.000828436303	0.00119999237	0	100	0	0	3
278	139	0.542463582	2.73765439	-0.00434239643	-0.00468826228	-0.0091178359	0.000902008146	0.000828436303	0.00119999237	0	100	0	0	3
279	139	0.543973034	2.74750207	-0.00367310401	-0.00467149232	-0.0091178359	0.000902008146	0.000797570995	0.00119999237	0	100	0	0	3
280	140	0.545582805	2.75734975	-0.00260599105	-0.00463002037	-0.0091178359	0.000902008146	0.000776339663	0.00119999237	0	100	0	0	3
281	141	0.547481462	2.76719743	-0.00167438597	-0.00457541289	-0.0091178359	0.000902008146	0.000744451251	0.00119999237	0	100	0	0	3
282	141	0.549481565	2.7770451	-0.00068468041	-0.00451035685	-0.0091178359	0.000902008146	0.00070619015	0.00119999237	0	100	0	0	3
283	142	0.551722835	2.78689278	0.000595363815	-0.00442576111	-0.0091178359	0.000902008146	0.000675361036	0.00119999237	0	100	0	0	3
284	142	0.55420967	2.79674046	0.00125447555	-0.00430790349	-0.0091178359	0.00125447555	0.000664546235	0.00119999237	0	100	0	0	3
285	143	0.557002047	2.80658814	0.00207313993	-0.00417280516	-0.0091178359	0.00207313993	0.000664546235	0.00119999237	0	100	0	0	3
286	143	0.558585149	2.81643581	0.00207471259	-0.00414300517	-0.0091178359	0.00207471259	0.000613395271	0.00119999237	0	100	0	0	3
287	144	0.560880778	2.82628349	0.00175414719	-0.00405448922	-0.0091178359	0.00207471259	0.000656306561	0.00119999237	0	100	0	0	3
288	144	0.563819255	2.83613117	-0.000107349488	-0.00400449593	-0.0091178359	0.00207471259	0.000706299846	0.00119999237	0	100	0	0	3
289	145	0.566151454	2.84597885	-0.000878182523	-0.00397497866	-0.0091178359	0.00207471259	0.000735817117	0.00119999237	0	100	0	0	3
290	145	0.568309094	2.85582653	-0.00175144087	-0.00395872899	-0.0091178359	0.00207471259	0.000752066784	0.00119999237	0	100	0	0	3
291	145	0.571165915	2.8656742	-0.00335192907	-0.00394902001	-0.0091178359	0.00207471259	0.000761775761	0.00119999237	0	100	0	0	3
292	146	0.57361953	2.87552188	-0.00502924329	-0.00395355191	-0.0091178359	0.00207471259	0.000761775761	0.00119999237	0	100	0	0	3
293	146	0.576062701	2.88536956	-0.00622140042	-0.00396633244	-0.0091178359	0.00207471259	0.000761775761	0.00119999237	0	100	0	0	3
294	147	0.578774544	2.89521724	-0.00714555183	-0.00396858092	-0.0091178359	0.00207471259	0.000761775761	0.00119999237	0	100	0	0	3
295	147	0.581498804	2.90506491	-0.00764262668	-0.00396072421	-0.0091178359	0.00207471259	0.000761775761	0.00119999237	0	100	0	0	3
296	148	0.584186558	2.91491259	-0.00785087682	-0.00394790218	-0.0091178359	0.00207471259	0.000762893597	0.00119999237	0	100	0	0	3
297	148	0.587044819	2.92476027	-0.00783341054	-0.00394117334	-0.0091178359	0.00207471259	0.000769622436	0.00119999237	0	100	0	0	3
298	149	0.58881764	2.93460795	-0.00778654256	-0.0038796193	-0.0091178359	0.00207471259	0.000831176477	0.00119999237	0	100	0	0	3
299	149	0.591315176	2.94445562	-0.00630686484	-0.00383226454	-0.0091178359	0.00207471259	0.000878531232	0.00119999237	0	100	0	0	3
300	150	0.592803136	2.9543033	-0.00505574832	-0.00380369608	-0.0091178359	0.00207471259	0.000907099697	0.00119999237	0	100	0	0	3
301	151	0.593799147	2.96415098	-0.00504469642	-0.0037906204	-0.0091178359	0.00207471259	0.000920175381	0.00119999237	0	100	0	0	3
302	151	0.594781032	2.97399866	-0.00441952305	-0.00378722792	-0.0091178359	0.00207471259	0.000923567852	0.00119999237	0	100	0	0	3
303	152	0.596223257	2.98384633	-0.00434142195	-0.00378429104	-0.0091178359	0.00207471259	0.000926504735	0.00119999237	0	100	0	0	3
304	153	0.597939693	2.99369401	-0.00332481224	-0.00375312644	-0.0091178359	0.00207471259	0.000957669334	0.00119999237	0	100	0	0	3
305	153	0.599776355	3.00354169	-0.00366478299	-0.00373478383	-0.0091178359	0.00207471259	0.000976011949	0.00119999237	0	100	0	0	3
306	154	0.600551457	3.01338937	-0.00161987634	-0.00372566303	-0.0091178359	0.00207471259	0.000985132745	0.00119999237	0	100	0	0	3
307	154	0.60121197	3.02323705	-0.000239930376	-0.00372876078	-0.0091178359	0.00207471259	0.000985132745	0.00119999237	0	100	0	0	3
308	154	0.602796935	3.03308472	-0.00113980446	-0.00375064296	-0.0091178359	0.00207471259	0.000985132745	0.00119999237	0	100	0	0	3
309	155	0.604016209	3.0429324	-0.000732917906	-0.00357687011	-0.00816828494	0.00207471259	0.00113392566	0.00119999237	0	100	0	0	3
310	155	0.605382396	3.05278008	-0.00173950799	-0.00355933176	-0.00816828494	0.00207471259	0.00115146402	0.00119999237	0	100	0	0	3
311	156	0.607141757	3.06262776	-0.00121382562	-0.00353029106	-0.00816828494	0.00207471259	0.00118050471	0.00119999237	0	100	0	0	3
312	156	0.608491625	3.07247543	-0.00127355837	-0.00354602549	-0.00816828494	0.00207471259	0.00118050471	0.00119999237	0	100	0	0	3
313	157	0.610199198	3.08232311	-0.000704637731	-0.00356347588	-0.00816828494	0.00207471259	0.00118050471	0.00119999237	0	100	0	0	3
314	157	0.611634356	3.09217079	-0.000788308821	-0.00358568722	-0.00816828494	0.00207471259	0.00118050471	0.00119999237	0	100	0	0	3
315	158	0.613769518	3.10201847	-0.00119065168	-0.00361281314	-0.00816828494	0.00207471259	0.00118050471	0.00119999237	0	100	0	0	3
316	158	0.615225653	3.11186614	-0.00233092858	-0.00365802821	-0.00816828494	0.00207471259	0.00118050471	0.00119999237	0	100	0	0	3
317	159	0.617248015	3.12171382	-0.00285073836	-0.00369416235	-0.00816828494	0.00207471259	0.00118050471	0.00119999237	0	100	0	0	3
318	159	0.619360748	3.1315615	-0.00340959126	-0.00372790655	-0.00816828494	0.00207471259	0.00118050471	0.00119999237	0	100	0	0	3
319	160	0.621584684	3.14140918	-0.00410911792	-0.00375458402	-0.00816828494	0.00207471259	0.00118050471	0.00119999237	0	100	0	0	3
320	160	0.624092621	3.15125686	-0.00483975351	-0.00377148837	-0.00816828494	0.00207471259	0.00118050471	0.00119999237	0	100	0	0	3
321	161	0.625771231	3.16110453	-0.00541830442	-0.00373927449	-0.00816828494	0.00207471259	0.00118050471	0.00119999237	0	100	0	0	3
322	161	0.628852584	3.17095221	-0.00659873975	-0.00372602567	-0.00816828494	0.00207471259	0.00118050471	0.00119999237	0	100	0	0	3
323	161	0.631576725	3.18079989	-0.00739401242	-0.00370377911	-0.00816828494	0.00207471259	0.00118050471	0.00119999237	0	100	0	0	3
324	162	0.634675632	3.19064757	-0.0076116696	-0.00370698728	-0.00816828494	0.00207471259	0.00118050471	0.00119999237	0	100	0	0	3
325	162	0.637324636	3.20049524	-0.00769705694	-0.00368168533	-0.00785087682	0.00207471259	0.00118050471	0.00119999237	0	100	0	0	3
326	163	0.639399465	3.21034292	-0.00783451368	-0.00367344694	-0.00785087682	0.00207471259	0.00115797122	0.00119999237	0	100	0	0	3
327	163	0.641098331	3.2201906	-0.00762604876	-0.00371014505	-0.00785087682	0.00207471259	0.00115797122	0.00119999237	0	100	0	0	3
328	164	0.642876691	3.23003828	-0.00665563857	-0.00375362371	-0.00785087682	0.00207471259	0.00115797122	0.00119999237	0	100	0	0	3
329	164	0.645305824	3.23988595	-0.00516162105	-0.00378071569	-0.00785087682	0.00207471259	0.00114120126	0.00119999237	0	100	0	0	3
330	165	0.646335368	3.24973363	-0.00462407754	-0.00379078495	-0.00785087682	0.00207471259	0.00109972931	0.00119999237	0	100	0	0	3
331	165	0.647171211	3.25958131	-0.00493357931	-0.00381896183	-0.00785087682	0.00207471259	0.00104512183	0.00119999237	0	100	0	0	3
332	166	0.648845652	3.26942899	-0.00473822352	-0.0038743173	-0.00785087682	0.00207471259	0.000980065781	0.00119999237	0	100	0	0	3
333	166	0.650600874	3.27927667	-0.00421201697	-0.00394326893	-0.00785087682	0.00207471259	0.000895470047	0.00119999237	0	100	0	0	3
334	167	0.652717921	3.28912434	-0.00351174639	-0.00403494419	-0.00785087682	0.00207471259	0.00077761243	0.00119999237	0	100	0	0	3
335	168	0.655136147	3.29897202	-0.00218219345	-0.00412088342	-0.00785087682	0.00207471259	0.000642514094	0.00119999237	0	100	0	0	3
336	168	0.65714551	3.3088197	-0.00191551587	-0.00424934575	-0.00785087682	0.00207471259	0.000719054685	0.00119999237	0	100	0	0	3
337	169	0.659383308	3.31866738	-0.000596732419	-0.00426757841	-0.00785087682	0.00175414719	0.000737287348	0.00119999237	0	100	0	0	3
338	169	0.66191741	3.32851505	0.000370880679	-0.00428805926	-0.00785087682	0.000370880679	0.000757768198	0.00119999237	0	100	0	0	3
339	169	0.664361035	3.33836273	0.000768103104	-0.00428735865	-0.00785087682	0.000768103104	0.000757768198	0.00119999237	0	100	0	0	3
340	170	0.666526668	3.34821041	-6.96909133e-06	-0.00427421915	-0.00785087682	0.000768103104	0.000757768198	0.00119999237	0	100	0	0	3
341	170	0.66910863	3.35805809	-0.000722024152	-0.00423723105	-0.00785087682	0.000768103104	0.000757768198	0.00119999237	0	100	0	0	3
342	171	0.671521998	3.36790576	-0.00149286314	-0.00419643611	-0.00785087682	0.000768103104	0.000757768198	0.00119999237	0	100	0	0	3
343	171	0.674121016	3.37775344	-0.00285662931	-0.00414145613	-0.00785087682	0.000768103104	0.000757768198	0.00119999237	0	100	0	0	3
344	172	0.676481679	3.38760112	-0.00418836695	-0.00409195433	-0.00785087682	0.000768103104	0.000757768198	0.00119999237	0	100	0	0	3
345	172	0.678414907	3.3974488	-0.00495298787	-0.00402555252	-0.00785087682	0.000768103104	0.000757768198	0.00119999237	0	100	0	0	3
346	172	0.681122547	3.40729647	-0.00625941043	-0.0039873551	-0.00785087682	0.000768103104	0.000757768198	0.00119999237	0	100	0	0	3
347	173	0.6839801	3.41714415	-0.00740665981	-0.00398120891	-0.00783451368	0.000768103104	0.000757768198	0.00119999237	0	100	0	0	3
348	173	0.686974888	3.42699183	-0.00773286197	-0.00398345855	-0.00783451368	0.000768103104	0.000757768198	0.00119999237	0	100	0	0	3
349	174	0.689644979	3.43683951	-0.00800803767	-0.00402316806	-0.00800803767	0.000768103104	0.000757768198	0.00119999237	0	100	0	0	3
350	174	0.692620385	3.44668719	-0.00813918264	-0.00408775705	-0.00813918264	0.000768103104	0.000757768198	0.00119999237	0	100	0	0	3
351	175	0.695303449	3.45653486	-0.00694277021	-0.00414843834	-0.00813918264	0.000768103104	0.000757768198	0.00119999237	0	100	0	0	3
352	175	0.697369835	3.46638254	-0.00522293351	-0.004161257	-0.00813918264	0.000768103104	0.000757768198	0.00119999237	0	100	0	0	3
353	176	0.698479101	3.47623022	-0.00459259558	-0.00416342563	-0.00813918264	0.000768103104	0.000757768198	0.00119999237	0	100	0	0	3
354	176	0.699349573	3.4860779	-0.00456342489	-0.00416431267	-0.00813918264	0.000768103104	0.000757768198	0.00119999237	0	100	0	0	3
355	177	0.700945076	3.49592557	-0.00475206045	-0.00418740565	-0.00813918264	0.000768103104	0.000757768198	0.00119999237	0	100	0	0	3
356	178	0.702531971	3.50577325	-0.00428842956	-0.0041983072	-0.00813918264	0.000768103104	0.000757768198	0.00119999237	0	100	0	0	3
357	178	0.703903195	3.51562093	-0.00407047106	-0.00421594848	-0.00813918264	0.000768103104	0.000757768198	0.00119999237	0	100	0	0	3
358	179	0.705957586	3.52546861	-0.00322015856	-0.00422149017	-0.00813918264	0.000768103104	0.000757768198	0.00119999237	0	100	0	0	3
359	179	0.707651909	3.53531628	-0.00355906014	-0.00425736824	-0.00813918264	0.000768103104	0.000757768198	0.00119999237	0	100	0	0	3
360	180	0.709413342	3.54516396	-0.00460254628	-0.00430390916	-0.00813918264	0.000768103104	0.000773618097	0.00119999237	0	100	0	0	3
361	180	0.711800934	3.55501164	-0.00494074245	-0.00435111851	-0.00813918264	0.000768103104	0.000820827448	0.00119999237	0	100	0	0	3
362	181	0.714103387	3.56485932	-0.00270054605	-0.00436719218	-0.00813918264	0.000768103104	0.000821166691	0.00119999237	0	100	0	0	3
363	181	0.716468666	3.574707	-0.00234574191	-0.00436158639	-0.00813918264	0.000768103104	0.000803716295	0.00119999237	0	100	0	0	3
364	182	0.71862737	3.58455467	-0.00260041393	-0.00438411425	-0.00813918264	0.000768103104	0.000798427037	0.00119999237	0	100	0	0	3
365	182	0.720961906	3.59440235	-0.00370796364	-0.00441687866	-0.00813918264	0.000768103104	0.00080406552	0.00119999237	0	100	0	0	3
366	183	0.723759233	3.60425003	-0.00427945463	-0.00447601233	-0.00813918264	0.000768103104	0.000817984119	0.00119999237	0	100	0	0	3
367	183	0.725922178	3.61409771	-0.00508123768	-0.00451605515	-0.00813918264	0.000768103104	0.000842608211	0.00119999237	0	100	0	0	3
368	184	0.728395743	3.62394538	-0.00570546081	-0.00457282595	-0.00813918264	0.000768103104	0.000899379018	0.00119999237	0	100	0	0	3
369	184	0.730470018	3.63379306	-0.00623813696	-0.00462603409	-0.00813918264	0.000768103104	0.000952587154	0.00119999237	0	100	0	0	3
370	184	0.732968702	3.64364074	-0.00738331133	-0.00469820919	-0.00813918264	0.000768103104	0.00102476226	0.00119999237	0	100	0	0	3
371	185	0.735600591	3.65348842	-0.0082078451	-0.00477786259	-0.0082078451	0.000768103104	0.00110441566	0.00119999237	0	100	0	0	3
372	185	0.738339404	3.66333609	-0.00859558584	-0.00486119855	-0.00859558584	0.000768103104	0.00118775162	0.00119999237	0	100	0	0	3
373	186	0.740916764	3.67318377	-0.0087437782	-0.00490271787	-0.0087437782	0.000768103104	0.00122927093	0.00119999237	0	97.6	0	0	3
374	186	0.743718472	3.68303145	-0.00878109143	-0.00493909531	-0.00878109143	0.000768103104	0.00126564837	0.00119999237	0	94.8	0	0	3
375	187	0.746209449	3.69287913	-0.0083961198	-0.00494204789	-0.00878109143	0.000768103104	0.00126860096	0.00119999237	0	94.5	0	0	3
376	187	0.748034372	3.70272681	-0.00724027781	-0.00491401116	-0.00878109143	0.000768103104	0.00126860096	0.00119999237	0	94.5	0	0	3
377	188	0.75001138	3.71257448	-0.00519388776	-0.00486423148	-0.00878109143	0.000768103104	0.00123190284	0.00119999237	0	97.4	0	0	3
378	188	0.751000744	3.72242216	-0.00464187921	-0.00481953779	-0.00878109143	0.000768103104	0.00118842418	0.00119999237	0	100	0	0	3
379	189	0.751808825	3.73226984	-0.00499413327	-0.00479085791	-0.00878109143	0.000768103104	0.0011613322	0.00119999237	0	100	0	0	3
380	189	0.753368785	3.74211752	-0.00551290976	-0.00479294687	-0.00878109143	0.000768103104	0.00115126294	0.00119999237	0	100	0	0	3
381	190	0.755106512	3.75196519	-0.00362410568	-0.00477587185	-0.00878109143	0.000768103104	0.00112308606	0.00119999237	0	100	0	0	3
382	191	0.756265394	3.76181287	-0.00356526191	-0.00476180352	-0.00878109143	0.000768103104	0.00106773059	0.00119999237	0	100	0	0	3
383	191	0.75824979	3.77166055	-0.0025389169	-0.00472184521	-0.00878109143	0.000768103104	0.000998778957	0.00119999237	0	100	0	0	3
384	191	0.760230492	3.78150823	-0.00186141984	-0.00467832789	-0.00878109143	0.000768103104	0.000960838978	0.00119999237	0	100	0	0	3
385	192	0.761697782	3.7913559	-0.00211039616	-0.00466641565	-0.00878109143	0.000768103104	0.000960838978	0.00119999237	0	100	0	0	3
386	193	0.764548394	3.80120358	-0.00300331476	-0.00467799166	-0.00878109143	0.000768103104	0.000960838978	0.00119999237	0	100	0	0	3
387	193	0.767286626	3.81105126	-0.00208691345	-0.00466397186	-0.00878109143	0.000768103104	0.000960838978	0.00119999237	0	100	0	0	3
388	194	0.769896755	3.82089894	-0.00115611381	-0.00466348049	-0.00878109143	0.000768103104	0.000960838978	0.00119999237	0	100	0	0	3
389	194	0.771516746	3.83074661	-0.00180862608	-0.00473768483	-0.00878109143	0.000768103104	0.000960838978	0.00119999237	0	100	0	0	3
390	195	0.77381808	3.84059429	-0.00236939511	-0.00481080807	-0.00878109143	-6.96909133e-06	0.000960838978	0.00119999237	0	100	0	0	3
391	195	0.775930009	3.85044197	-0.00278772442	-0.00486684609	-0.00878109143	-0.000722024152	0.000960838978	0.00119999237	0	100	0	0	3
392	195	0.77892543	3.86028965	-0.00410861935	-0.00494361544	-0.00878109143	-0.00115611381	0.00096240653	0.00119999237	0	100	0	0	3
393	196	0.781048252	3.87013733	-0.00501530599	-0.0050210409	-0.00878109143	-0.00115611381	0.00103983199	0.00119999237	0	100	0	0	3
394	196	0.783689226	3.879985	-0.00599501296	-0.00509585804	-0.00878109143	-0.00115611381	0.00111464913	0.00119999237	0	100	0	0	3
395	197	0.786262845	3.88983268	-0.00707948793	-0.00516187471	-0.00878109143	-0.00115611381	0.0011806658	0.00119999237	0	100	0	0	3
396	197	0.788884627	3.89968036	-0.00799063202	-0.00523266526	-0.00878109143	-0.00115611381	0.00125145634	0.00119999237	0	95.8	0	0	3
397	197	0.791642688	3.90952804	-0.008121511	-0.00527960291	-0.00878109143	-0.00115611381	0.001298394	0.00119999237	0	92.4	0	0	3
398	198	0.794336755	3.91937571	-0.0081862554	-0.00529548359	-0.00878109143	-0.00115611381	0.00131202504	0.00119999237	0	91.4	0	0	3
399	198	0.797211118	3.92922339	-0.00832305144	-0.00530820989	-0.00878109143	-0.00115611381	0.00128504183	0.00119999237	0	93.3	0	0	3
400	199	0.799748539	3.93907107	-0.00732260934	-0.00528916048	-0.00878109143	-0.00115611381	0.00122045284	0.00119999237	0	98.3	0	0	3
401	200	0.801782097	3.94891875	-0.00555667921	-0.00521646138	-0.00878109143	-0.00115611381	0.00115977155	0.00119999237	0	100	0	0	3
402	201	0.803340917	3.95876642	-0.0045904273	-0.0051645565	-0.00878109143	-0.00115611381	0.00114695289	0.00119999237	0	100	0	0	3
403	201	0.804331216	3.9686141	-0.004228144	-0.00515475897	-0.00878109143	-0.00115611381	0.00114478426	0.00119999237	0	100	0	0	3
404	202	0.805842035	3.97846178	-0.00381750727	-0.00514174929	-0.00878109143	-0.00115611381	0.00114389722	0.00119999237	0	100	0	0	3
405	202	0.807617503	3.98830946	-0.00309874462	-0.00511289612	-0.00878109143	-0.00115611381	0.00112080424	0.00119999237	0	100	0	0	3
406	203	0.809587321	3.99815714	-0.00196490512	-0.00506111832	-0.00878109143	-0.00115611381	0.00110990269	0.00119999237	0	100	0	0	3
407	203	0.811186301	4.00800481	-0.00188642031	-0.00502568392	-0.00878109143	-0.00115611381	0.00109226141	0.00119999237	0	100	0	0	3
408	204	0.813454882	4.01785249	-0.00215460868	-0.00497818618	-0.00878109143	-0.00115611381	0.00108671972	0.00119999237	0	100	0	0	3
409	204	0.815741274	4.02770017	-0.00261286524	-0.00496182331	-0.00878109143	-0.00115611381	0.00105084165	0.00119999237	0	100	0	0	3
410	205	0.818540416	4.03754785	-0.00171046856	-0.00490118341	-0.00878109143	-0.00115611381	0.00100430073	0.00119999237	0	100	0	0	3
411	205	0.820452421	4.04739552	-0.00115436707	-0.00484140355	-0.00878109143	-0.00115436707	0.000957091377	0.00119999237	0	100	0	0	3
412	206	0.822987056	4.0572432	-0.000874830923	-0.00474884708	-0.00878109143	-0.000874830923	0.000946623502	0.00119999237	0	100	0	0	3
413	206	0.825464233	4.06709088	-0.00156757785	-0.00472043088	-0.00878109143	-0.000874830923	0.000946623502	0.00119999237	0	100	0	0	3
414	207	0.827751278	4.07693856	-0.00202909523	-0.00471559271	-0.00878109143	-0.000874830923	0.000924095636	0.00119999237	0	100	0	0	3
415	207	0.830590603	4.08678623	-0.00325419786	-0.00471931422	-0.00878109143	-0.000874830923	0.000891331232	0.00119999237	0	100	0	0	3
416	208	0.832684664	4.09663391	-0.00422929741	-0.00473126262	-0.00878109143	-0.000874830923	0.00083219756	0.00119999237	0	100	0	0	3
417	208	0.834983075	4.10648159	-0.00501820506	-0.00474855537	-0.00878109143	-0.000874830923	0.000792154742	0.00119999237	0	100	0	0	3
418	208	0.837355606	4.11632927	-0.00630054171	-0.00477514131	-0.00878109143	-0.000874830923	0.000735383935	0.00119999237	0	100	0	0	3
419	209	0.839843353	4.12617695	-0.00727708366	-0.00481034165	-0.00878109143	-0.000874830923	0.0006821758	0.00119999237	0	100	0	0	3
420	209	0.84242512	4.13602462	-0.00801303204	-0.00485774423	-0.00878109143	-0.000874830923	0.000644729402	0.00119999237	0	100	0	0	3
421	210	0.84515616	4.1458723	-0.00813072852	-0.00488116982	-0.00878109143	-0.000874830923	0.000644729402	0.00119999237	0	100	0	0	3
422	210	0.848083403	4.15571998	-0.00825729799	-0.00489119188	-0.00878109143	-0.000874830923	0.000644729402	0.00119999237	0	100	0	0	3
423	211	0.849809685	4.16556766	-0.00831085215	-0.0048531338	-0.00878109143	-0.000874830923	0.000644729402	0.00119999237	0	100	0	0	3
424	211	0.852243532	4.17541533	-0.00725568857	-0.00481558542	-0.00878109143	-0.000874830923	0.000644729402	0.00119999237	0	100	0	0	3
425	212	0.854247397	4.18526301	-0.00572804789	-0.00473160978	-0.0083961198	-0.000874830923	0.000644729402	0.00119999237	0	100	0	0	3
426	212	0.855514926	4.19511069	-0.00500905328	-0.00465131605	-0.00832305144	-0.000874830923	0.000656893841	0.00119999237	0	100	0	0	3
427	213	0.856385652	4.20495837	-0.00529276311	-0.00461286584	-0.00832305144	-0.000874830923	0.000695344053	0.00119999237	0	100	0	0	3
428	213	0.858054257	4.21480604	-0.00532901667	-0.00461329425	-0.00832305144	-0.000874830923	0.000695344053	0.00119999237	0	100	0	0	3
429	214	0.859898413	4.22465372	-0.00455236575	-0.00461200274	-0.00832305144	-0.000874830923	0.000696207146	0.00119999237	0	100	0	0	3
430	215	0.8616702	4.2345014	-0.00350644868	-0.00459136219	-0.00832305144	-0.000874830923	0.000716847699	0.00119999237	0	100	0	0	3
431	215	0.864001864	4.24434908	-0.00293835183	-0.00454352983	-0.00832305144	-0.000874830923	0.000764680059	0.00119999237	0	100	0	0	3
432	216	0.865500297	4.25419675	-0.00347626281	-0.00454351606	-0.00832305144	-0.000874830923	0.00076469383	0.00119999237	0	100	0	0	3
433	216	0.868048985	4.26404443	-0.00218531762	-0.00449989043	-0.00832305144	-0.000874830923	0.000808319455	0.00119999237	0	100	0	0	3
434	217	0.870279057	4.27389211	-0.00127720658	-0.00447047429	-0.00832305144	-0.000874830923	0.000837735595	0.00119999237	0	100	0	0	3
435	217	0.871995108	4.28373979	0.000109722331	-0.0044463871	-0.00832305144	0.000109722331	0.000861822787	0.00119999237	0	100	0	0	3
436	218	0.874268342	4.29358747	-2.97306288e-05	-0.00438764602	-0.00832305144	0.000109722331	0.000920563874	0.00119999237	0	100	0	0	3
437	218	0.875640802	4.30343514	-0.000259826937	-0.00437217174	-0.00832305144	0.000109722331	0.000936038145	0.00119999237	0	100	0	0	3
438	219	0.87797636	4.31328282	-0.00164902529	-0.00437124572	-0.00832305144	0.000109722331	0.000936964166	0.00119999237	0	100	0	0	3
439	219	0.880243316	4.3231305	-0.00277738073	-0.00441455192	-0.00832305144	0.000109722331	0.000936964166	0.00119999237	0	100	0	0	3
440	220	0.882821391	4.33297818	-0.00427746955	-0.0044493049	-0.00832305144	0.000109722331	0.000936964166	0.00119999237	0	100	0	0	3
441	220	0.885633882	4.34282585	-0.00530246424	-0.00451357193	-0.00832305144	0.000109722331	0.000936964166	0.00119999237	0	100	0	0	3
442	221	0.887924302	4.35267353	-0.00576907554	-0.00457179362	-0.00832305144	0.000109722331	0.000936964166	0.00119999237	0	100	0	0	3
443	221	0.890185889	4.36252121	-0.00694088656	-0.00463241993	-0.00832305144	0.000109722331	0.000936964166	0.00119999237	0	100	0	0	3
444	221	0.892786147	4.37236889	-0.00778987731	-0.00469862313	-0.00832305144	0.000109722331	0.000936964166	0.00119999237	0	100	0	0	3
445	222	0.895467441	4.38221656	-0.00800272554	-0.00474725099	-0.00832305144	0.000109722331	0.000936964166	0.00119999237	0	100	0	0	3
446	222	0.898135952	4.39206424	-0.00808223758	-0.00477314785	-0.00832305144	0.000109722331	0.000936964166	0.00119999237	0	100	0	0	3
447	223	0.901062015	4.40191192	-0.00809907244	-0.00478470384	-0.00832305144	0.000109722331	0.000936964166	0.00119999237	0	100	0	0	3
448	223	0.903766086	4.4117596	-0.00758077551	-0.00477005622	-0.00832305144	0.000109722331	0.000936964166	0.00119999237	0	100	0	0	3
449	224	0.905703212	4.42160728	-0.00626998938	-0.00471350499	-0.00832305144	0.000109722331	0.000936964166	0.00119999237	0	100	0	0	3
450	225	0.90735397	4.43145495	-0.00545425654	-0.00463040976	-0.00831085215	0.000109722331	0.00091791476	0.00119999237	0	100	0	0	3
451	225	0.908395957	4.44130263	-0.00456947757	-0.00456695005	-0.00831085215	0.000109722331	0.000845215652	0.00119999237	0	100	0	0	3
452	226	0.909303773	4.45115031	-0.00422261329	-0.00454532403	-0.00831085215	0.000109722331	0.00079331078	0.00119999237	0	100	0	0	3
453	226	0.910919027	4.46099799	-0.00374165949	-0.00453260369	-0.00831085215	0.000109722331	0.000783513247	0.00119999237	0	100	0	0	3
454	227	0.912836537	4.47084566	-0.00402431673	-0.00452639994	-0.00831085215	0.000109722331	0.000770503567	0.00119999237	0	100	0	0	3
455	228	0.914740799	4.48069334	-0.0020600264	-0.00449310653	-0.00831085215	0.000109722331	0.000741650397	0.00119999237	0	100	0	0	3
456	228	0.915381926	4.49054102	-0.00123868942	-0.00449671762	-0.00831085215	0.000109722331	0.000689872595	0.00119999237	0	100	0	0	3
457	228	0.917030522	4.5003887	-0.00109906132	-0.00449100158	-0.00831085215	0.000109722331	0.000654438197	0.00119999237	0	100	0	0	3
458	229	0.918700955	4.51023637	-0.00143032137	-0.00448218429	-0.00831085215	0.000109722331	0.000606940456	0.00119999237	0	100	0	0	3
459	229	0.920508622	4.52008405	-0.00219734716	-0.00449292721	-0.00831085215	0.000109722331	0.00059057759	0.00119999237	0	100	0	0	3
460	230	0.922361446	4.52993173	-0.00234222495	-0.0044958693	-0.00831085215	0.000109722331	0.000529937682	0.00119999237	0	100	0	0	3
461	230	0.924372579	4.53977941	-0.00179271622	-0.00451817189	-0.00831085215	0.000109722331	0.000519946153	0.00119999237	0	100	0	0	3
462	231	0.927064872	4.54962709	-0.00139557664	-0.00449964374	-0.00831085215	0.000109722331	0.000519946153	0.00119999237	0	100	0	0	3
463	231	0.928524824	4.55947476	-0.0018939249	-0.00455065251	-0.00831085215	0.000109722331	0.000519946153	0.00119999237	0	100	0	0	3
464	232	0.931179794	4.56932244	-0.00273050311	-0.00457484162	-0.00831085215	0.000109722331	0.000519946153	0.00119999237	0	100	0	0	3
465	232	0.933769921	4.57917012	-0.00320446514	-0.00459627922	-0.00831085215	0.000109722331	0.000519946153	0.00119999237	0	100	0	0	3
466	233	0.936028083	4.5890178	-0.00380220893	-0.00461541345	-0.00831085215	0.000109722331	0.000519946153	0.00119999237	0	100	0	0	3
467	233	0.939065831	4.59886547	-0.00534816113	-0.0046439378	-0.00831085215	0.000109722331	0.000519946153	0.00119999237	0	100	0	0	3
468	234	0.941401883	4.60871315	-0.0064996505	-0.00467659012	-0.00831085215	0.000109722331	0.000519946153	0.00119999237	0	100	0	0	3
469	234	0.944028692	4.61856083	-0.00747055374	-0.00470927253	-0.00831085215	0.000109722331	0.000519946153	0.00119999237	0	100	0	0	3
470	234	0.946661356	4.62840851	-0.00823220653	-0.00473629641	-0.00831085215	0.000109722331	0.000519946153	0.00119999237	0	100	0	0	3
471	235	0.949403335	4.63825618	-0.00839453033	-0.00475098196	-0.00839453033	0.000109722331	0.000519946153	0.00119999237	0	100	0	0	3
472	235	0.952244665	4.64810386	-0.00901656302	-0.00477796617	-0.00901656302	0.000109722331	0.000519946153	0.00119999237	0	100	0	0	3
473	236	0.955016858	4.65795154	-0.00865054601	-0.00478311597	-0.00901656302	0.000109722331	0.000481888075	0.00119999237	0	100	0	0	3
474	236	0.957527007	4.66779922	-0.00711262215	-0.0047808651	-0.00901656302	0.000109722331	0.000444339693	0.00119999237	0	100	0	0	3
475	237	0.959927448	4.67764689	-0.004423989	-0.00471697439	-0.00901656302	0.000109722331	0.000413458114	0.00119999237	0	100	0	0	3
476	237	0.960460346	4.68749457	-0.00479584333	-0.0046982947	-0.00901656302	0.000109722331	0.000413458114	0.00119999237	0	100	0	0	3
477	238	0.961341756	4.69734225	-0.00464425472	-0.00469412254	-0.00901656302	0.000109722331	0.000413458114	0.00119999237	0	100	0	0	3
478	239	0.962798487	4.70718993	-0.00530960795	-0.00469764978	-0.00901656302	0.000109722331	0.000413458114	0.00119999237	0	100	0	0	3
479	239	0.964609146	4.71703761	-0.00370186047	-0.00467084166	-0.00901656302	0.000109722331	0.000413458114	0.00119999237	0	100	0	0	3
480	240	0.966063157	4.72688528	-0.00366689376	-0.0046591498	-0.00901656302	0.000109722331	0.000413458114	0.00119999237	0	100	0	0	3
481	240	0.967950866	4.73673296	-0.00127180452	-0.00461820178	-0.00901656302	0.000109722331	0.000413458114	0.00119999237	0	100	0	0	3
482	241	0.96915167	4.74658064	-0.000210564388	-0.004605117	-0.00901656302	0.000109722331	0.000413458114	0.00119999237	0	100	0	0	3
483	241	0.970517175	4.75642832	0.000260173349	-0.00455796204	-0.00901656302	0.000260173349	0.000413458114	0.00119999237	0	100	0	0	3
484	242	0.972700526	4.76627599	0.000132989967	-0.00451787794	-0.00901656302	0.000260173349	0.000413458114	0.00119999237	0	100	0	0	3
485	242	0.975029855	4.77612367	-0.000600715866	-0.0044997642	-0.00901656302	0.000260173349	0.000413458114	0.00119999237	0	100	0	0	3
486	243	0.977567606	4.78597135	-0.00138718986	-0.00449987008	-0.00901656302	0.000260173349	0.000413458114	0.00119999237	0	100	0	0	3
487	243	0.979584159	4.79581903	-0.00256015691	-0.00455921671	-0.00901656302	0.000260173349	0.000413458114	0.00119999237	0	100	0	0	3
488	244	0.981002403	4.8056667	-0.00269816705	-0.00459017027	-0.00901656302	0.000260173349	0.000413458114	0.00119999237	0	100	0	0	3
489	244	0.983820564	4.81551438	-0.00340961501	-0.00462363663	-0.00901656302	0.000260173349	0.000370151917	0.00119999237	0	100	0	0	3
490	245	0.98645703	4.82536206	-0.00430634541	-0.004655166	-0.00901656302	0.000260173349	0.000335398942	0.00119999237	0	100	0	0	3
491	245	0.988621695	4.83520974	-0.0050532924	-0.0046725151	-0.00901656302	0.000260173349	0.000302519548	0.00119999237	0	100	0	0	3
492	246	0.990708946	4.84505742	-0.00568298611	-0.00467572596	-0.00901656302	0.000260173349	0.000302519548	0.00119999237	0	100	0	0	3
493	246	0.993535455	4.85490509	-0.00660562427	-0.00470366472	-0.00901656302	0.000260173349	0.000302519548	0.00119999237	0	100	0	0	3
494	246	0.996680249	4.86475277	-0.00751618382	-0.00473920765	-0.00901656302	0.000260173349	0.000302519548	0.00119999237	0	100	0	0	3
495	247	0.999411979	4.87460045	-0.00822738873	-0.00475417813	-0.00901656302	0.000260173349	0.000302519548	0.00119999237	0	100	0	0	3
496	247	1	4.88444813	-0.0082524928	-0.00469053073	-0.00901656302	0.000260173349	0.000302519548	0.00119999237	0	100	0	0	3
