Iteration	CPUTime	PhysTime	Travels
1	3	0.000187504834	0.00984767767
2	4	0.00037087218	0.0196953553
3	5	0.000551517441	0.029543033
4	5	0.00073197824	0.0393907107
5	6	0.000923820617	0.0492383884
6	7	0.00126214981	0.059086066
7	7	0.0016506141	0.0689337437
8	8	0.00205722973	0.0787814214
9	9	0.00246504433	0.0886290991
10	9	0.00287595495	0.0984767767
11	10	0.00351205838	0.108324454
12	11	0.00420971329	0.118172132
13	11	0.00492048413	0.12801981
14	12	0.00567247201	0.137867487
15	12	0.00650913531	0.147715165
16	13	0.00780993695	0.157562843
17	14	0.00904087654	0.16741052
18	14	0.0101581185	0.177258198
19	15	0.0111482278	0.187105876
20	15	0.0124559939	0.196953553
21	16	0.0145199302	0.206801231
22	17	0.0169984923	0.216648909
23	17	0.0191914434	0.226496586
24	18	0.0217763529	0.236344264
25	18	0.0231420368	0.246191942
26	19	0.0258547242	0.25603962
27	19	0.0278804573	0.265887297
28	20	0.0299997805	0.275734975
29	20	0.0324741288	0.285582653
30	20	0.0352134865	0.29543033
31	21	0.0388169067	0.305278008
32	21	0.0430319779	0.315125686
33	22	0.0465632746	0.324973363
34	22	0.0496613494	0.334821041
35	23	0.0531469905	0.344668719
36	23	0.0568472464	0.354516396
37	24	0.060749512	0.364364074
38	24	0.0646868567	0.374211752
39	24	0.0689378284	0.384059429
40	25	0.072688488	0.393907107
41	26	0.0758202094	0.403754785
42	26	0.0776129354	0.413602462
43	27	0.079259393	0.42345014
44	27	0.0813483603	0.433297818
45	28	0.0839788925	0.443145495
46	28	0.0854988066	0.452993173
47	29	0.0880847982	0.462840851
48	29	0.0903777953	0.472688528
49	30	0.0926122799	0.482536206
50	30	0.0956388844	0.492383884
51	31	0.0997805486	0.502231561
52	31	0.102923199	0.512079239
53	32	0.106555066	0.521926917
54	32	0.108572559	0.531774594
55	33	0.112080061	0.541622272
56	33	0.116203229	0.55146995
57	34	0.11888086	0.561317627
58	34	0.123541165	0.571165305
59	35	0.126250441	0.581012983
60	35	0.130695681	0.59086066
61	35	0.135040193	0.600708338
62	36	0.139505396	0.610556016
63	36	0.14374839	0.620403693
64	37	0.146451239	0.630251371
65	37	0.149800872	0.640099049
66	38	0.152825961	0.649946726
67	39	0.15583218	0.659794404
68	39	0.156462715	0.669642082
69	40	0.157806368	0.679489759
70	40	0.160511438	0.689337437
71	41	0.163185997	0.699185115
72	41	0.166402916	0.709032792
73	42	0.169787325	0.71888047
74	42	0.172238067	0.728728148
75	43	0.175762631	0.738575825
76	43	0.178442085	0.748423503
77	44	0.181365526	0.758271181
78	45	0.185477603	0.768118859
79	45	0.188594487	0.777966536
80	45	0.192184499	0.787814214
81	46	0.196453996	0.797661892
82	46	0.199746224	0.807509569
83	47	0.202315436	0.817357247
84	47	0.205692724	0.827204925
85	47	0.209148876	0.837052602
86	48	0.213007807	0.84690028
87	48	0.217136775	0.856747958
88	49	0.2210823	0.866595635
89	49	0.225334184	0.876443313
90	50	0.229093718	0.886290991
91	50	0.232073448	0.896138668
92	51	0.234666723	0.905986346
93	52	0.235925444	0.915834024
94	52	0.238428176	0.925681701
95	53	0.241238934	0.935529379
96	53	0.24332038	0.945377057
97	54	0.246672184	0.955224734
98	55	0.249096114	0.965072412
99	55	0.253070008	0.97492009
100	56	0.256525748	0.984767767
101	57	0.259950591	0.994615445
102	57	0.262694939	1.00446312
103	58	0.265063504	1.0143108
104	58	0.269417591	1.02415848
105	59	0.272532103	1.03400616
106	59	0.275882636	1.04385383
107	59	0.279054026	1.05370151
108	60	0.282674876	1.06354919
109	60	0.286349812	1.07339687
110	61	0.290255194	1.08324454
111	61	0.294246278	1.09309222
112	61	0.298135017	1.1029399
113	62	0.302512578	1.11278758
114	63	0.306504241	1.12263525
115	63	0.309276242	1.13248293
116	64	0.311816997	1.14233061
117	64	0.313454803	1.15217829
118	65	0.314754914	1.16202597
119	65	0.316866063	1.17187364
120	66	0.319556494	1.18172132
121	66	0.322435271	1.191569
122	67	0.32433422	1.20141668
123	68	0.325336196	1.21126435
124	68	0.327206669	1.22111203
125	69	0.329951097	1.23095971
126	69	0.333087845	1.24080739
127	70	0.33570316	1.25065506
128	70	0.339167223	1.26050274
129	71	0.342337744	1.27035042
130	71	0.345071573	1.2801981
131	72	0.348372159	1.29004578
132	72	0.352134052	1.29989345
133	72	0.354694761	1.30974113
134	73	0.358931299	1.31958881
135	73	0.362656409	1.32943649
136	74	0.366166624	1.33928416
137	74	0.370024135	1.34913184
138	75	0.374276027	1.35897952
139	75	0.378412251	1.3688272
140	76	0.382228905	1.37867487
141	76	0.384891657	1.38852255
142	77	0.387754825	1.39837023
143	77	0.390381588	1.40821791
144	78	0.391900298	1.41806558
145	78	0.393401801	1.42791326
146	79	0.39561597	1.43776094
147	79	0.398530699	1.44760862
148	80	0.400242726	1.4574563
149	81	0.402721429	1.46730397
150	81	0.405952684	1.47715165
151	82	0.408963677	1.48699933
152	82	0.412359803	1.49684701
153	83	0.41567801	1.50669468
154	83	0.418502244	1.51654236
155	84	0.421317027	1.52639004
156	84	0.424526546	1.53623772
157	85	0.4278592	1.54608539
158	85	0.432044895	1.55593307
159	85	0.436254164	1.56578075
160	86	0.439083785	1.57562843
161	86	0.443773242	1.58547611
162	87	0.448073574	1.59532378
163	87	0.452383298	1.60517146
164	88	0.456618663	1.61501914
165	88	0.460841944	1.62486682
166	89	0.46481983	1.63471449
167	89	0.467801344	1.64456217
168	90	0.470191425	1.65440985
169	90	0.471485219	1.66425753
170	91	0.473827615	1.6741052
171	92	0.476430819	1.68395288
172	92	0.4788446	1.69380056
173	93	0.482289276	1.70364824
174	93	0.485810681	1.71349592
175	94	0.488830798	1.72334359
176	94	0.492948135	1.73319127
177	95	0.496169621	1.74303895
178	96	0.499935883	1.75288663
179	96	0.504274759	1.7627343
180	96	0.507012323	1.77258198
181	97	0.511030369	1.78242966
182	97	0.514352984	1.79227734
183	98	0.517718331	1.80212501
184	98	0.521214233	1.81197269
185	99	0.524881246	1.82182037
186	99	0.528716474	1.83166805
187	99	0.532777856	1.84151572
188	100	0.536768275	1.8513634
189	100	0.540930534	1.86121108
190	101	0.544748789	1.87105876
191	101	0.547940539	1.88090644
192	102	0.549488116	1.89075411
193	103	0.55092267	1.90060179
194	103	0.553190997	1.91044947
195	104	0.55607817	1.92029715
196	104	0.558924388	1.93014482
197	105	0.559320827	1.9399925
198	105	0.560147341	1.94984018
199	106	0.561201696	1.95968786
200	106	0.563006486	1.96953553
201	107	0.564185566	1.97938321
202	108	0.565401458	1.98923089
203	108	0.566866429	1.99907857
204	109	0.568173346	2.00892625
205	109	0.569508276	2.01877392
206	110	0.57091644	2.0286216
207	110	0.572716838	2.03846928
208	111	0.574599968	2.04831696
209	111	0.575979041	2.05816463
210	112	0.577847839	2.06801231
211	112	0.580847739	2.07785999
212	113	0.583715421	2.08770767
213	113	0.587134532	2.09755534
214	114	0.58968568	2.10740302
215	114	0.592168385	2.1172507
216	115	0.595630257	2.12709838
217	115	0.59924668	2.13694606
218	116	0.603110211	2.14679373
219	116	0.606561402	2.15664141
220	117	0.61059971	2.16648909
221	117	0.614826009	2.17633677
222	118	0.618509382	2.18618444
223	118	0.622860746	2.19603212
224	119	0.62627832	2.2058798
225	119	0.627878093	2.21572748
226	120	0.629418108	2.22557515
227	120	0.632112992	2.23542283
228	121	0.6346125	2.24527051
229	122	0.637589896	2.25511819
230	122	0.640650937	2.26496586
231	123	0.64439102	2.27481354
232	123	0.647640844	2.28466122
233	124	0.649941208	2.2945089
234	124	0.652685415	2.30435658
235	125	0.655859112	2.31420425
236	125	0.65891244	2.32405193
237	126	0.66231352	2.33389961
238	126	0.665490391	2.34374729
239	127	0.669522413	2.35359496
240	127	0.673352617	2.36344264
241	128	0.677193336	2.37329032
242	128	0.680788593	2.383138
243	128	0.684566427	2.39298567
244	129	0.688621789	2.40283335
245	129	0.692559845	2.41268103
246	130	0.696835316	2.42252871
247	130	0.700818735	2.43237639
248	131	0.703949893	2.44222406
249	131	0.705705338	2.45207174
250	132	0.707440239	2.46191942
251	132	0.7096674	2.4717671
252	133	0.712251342	2.48161477
253	134	0.715040675	2.49146245
254	134	0.718742589	2.50131013
255	135	0.722441454	2.51115781
256	135	0.72592274	2.52100548
257	136	0.729042369	2.53085316
258	136	0.732068558	2.54070084
259	137	0.734696828	2.55054852
260	137	0.738736751	2.5603962
261	138	0.740864795	2.57024387
262	138	0.74484196	2.58009155
263	139	0.747485552	2.58993923
264	139	0.752387259	2.59978691
265	140	0.755177782	2.60963458
266	140	0.758621317	2.61948226
267	140	0.762462432	2.62932994
268	141	0.766623308	2.63917762
269	141	0.77055832	2.64902529
270	142	0.774700368	2.65887297
271	142	0.778601849	2.66872065
272	143	0.781430802	2.67856833
273	144	0.784282416	2.688416
274	144	0.785667054	2.69826368
275	145	0.787969593	2.70811136
276	145	0.790609261	2.71795904
277	146	0.791918204	2.72780672
278	147	0.794587438	2.73765439
279	147	0.796951182	2.74750207
280	147	0.799723958	2.75734975
281	148	0.802815881	2.76719743
282	148	0.807446966	2.7770451
283	149	0.810740347	2.78689278
284	149	0.814018518	2.79674046
285	150	0.816336169	2.80658814
286	150	0.82123508	2.81643581
287	151	0.825605374	2.82628349
288	151	0.828369814	2.83613117
289	152	0.833339298	2.84597885
290	152	0.8376599	2.85582653
291	152	0.842088254	2.8656742
292	153	0.846374013	2.87552188
293	153	0.850651917	2.88536956
294	154	0.854937322	2.89521724
295	154	0.858576954	2.90506491
296	155	0.861847078	2.91491259
297	156	0.863177654	2.92476027
298	156	0.864859798	2.93460795
299	157	0.86709897	2.94445562
300	157	0.869772225	2.9543033
301	159	0.87239714	2.96415098
302	159	0.872688898	2.97399866
303	159	0.873486721	2.98384633
304	160	0.874471995	2.99369401
305	160	0.875819234	3.00354169
306	161	0.877817567	3.01338937
307	161	0.879576833	3.02323705
308	162	0.882140339	3.03308472
309	162	0.883497654	3.0429324
310	163	0.886213549	3.05278008
311	163	0.888676187	3.06262776
312	164	0.890948518	3.07247543
313	164	0.893372144	3.08232311
314	165	0.896508533	3.09217079
315	165	0.899361853	3.10201847
316	166	0.903288902	3.11186614
317	166	0.906546004	3.12171382
318	167	0.909665621	3.1315615
319	167	0.912772402	3.14140918
320	168	0.916012194	3.15125686
321	168	0.919842705	3.16110453
322	168	0.924044243	3.17095221
323	169	0.928139647	3.18079989
324	169	0.930365767	3.19064757
325	170	0.934702852	3.20049524
326	170	0.938093968	3.21034292
327	171	0.941057959	3.2201906
328	172	0.942255817	3.23003828
329	172	0.943778968	3.23988595
330	173	0.94674648	3.24973363
331	173	0.949188483	3.25958131
332	174	0.952322333	3.26942899
333	174	0.954826095	3.27927667
334	175	0.958404493	3.28912434
335	175	0.962259747	3.29897202
336	176	0.966727089	3.3088197
337	177	0.96964955	3.31866738
338	177	0.972881164	3.32851505
339	177	0.976063313	3.33836273
340	178	0.979896019	3.34821041
341	178	0.983157674	3.35805809
342	179	0.986786159	3.36790576
343	179	0.989887086	3.37775344
344	180	0.993563617	3.38760112
345	180	0.997645097	3.3974488
346	180	1	3.40729647
