Iteration	CPUTime	PhysTime	Travels	Value	AvValue	MinValue	MaxValue	Delta	Criteria	PrevAvRefValue	Progress	CriteriaType	CriteriaVarType	CriteriaPercentage
1	3	0.000187504834	0.00984767767	103027.141	103027.141	103027.141	103027.141	0	0	0	0	0	0	3
2	4	0.00037087218	0.0196953553	100337.08	101697.116	100337.08	103027.141	1330.02557	0	0	0	0	0	3
3	5	0.000551517441	0.029543033	98730.5061	100725.426	98730.5061	103027.141	2301.71556	0	0	0	0	0	3
4	5	0.00073197824	0.0393907107	99896.4647	100521.055	98730.5061	103027.141	2506.08637	0	0	0	0	0	3
5	6	0.000923820617	0.0492383884	106477.151	101757.909	98730.5061	106477.151	2506.08637	0	0	0	0	0	3
6	7	0.00126214981	0.059086066	104062.65	102375.713	98730.5061	106477.151	2506.08637	0	0	0	0	0	3
7	7	0.0016506141	0.0689337437	106049.244	103240.261	98730.5061	106477.151	2719.20649	0	0	0	0	0	3
8	8	0.00205722973	0.0787814214	100017.59	102603.294	98730.5061	106477.151	2719.20649	0	0	0	0	0	3
9	9	0.00246504433	0.0886290991	107119.399	103350.434	98730.5061	107119.399	2829.37893	0	0	0	0	0	3
10	9	0.00287595495	0.0984767767	103076.696	103311.323	98730.5061	107119.399	2829.37893	0	0	0	0	0	3
11	10	0.00351205838	0.108324454	93118.7749	101465.25	93118.7749	107119.399	2829.37893	0	0	0	0	0	3
12	11	0.00420971329	0.118172132	100272.376	101267.561	93118.7749	107119.399	2829.37893	0	0	0	0	0	3
13	11	0.00492048413	0.12801981	100823.63	101203.435	93118.7749	107119.399	2829.37893	0	0	0	0	0	3
14	12	0.00567247201	0.137867487	99804.5688	101017.99	93118.7749	107119.399	2829.37893	0	0	0	0	0	3
15	12	0.00650913531	0.147715165	104397.196	101452.342	93118.7749	107119.399	2829.37893	0	0	0	0	0	3
16	13	0.00780993695	0.157562843	102918.294	101696.507	93118.7749	107119.399	2829.37893	0	0	0	0	0	3
17	14	0.00904087654	0.16741052	100309.555	101507.67	93118.7749	107119.399	2829.37893	0	0	0	0	0	3
18	14	0.0101581185	0.177258198	101115.579	101464.546	93118.7749	107119.399	2829.37893	0	0	0	0	0	3
19	15	0.0111482278	0.187105876	101585.702	101475.306	93118.7749	107119.399	2829.37893	0	0	0	0	0	3
20	15	0.0124559939	0.196953553	101442.523	101471.864	93118.7749	107119.399	2829.37893	0	0	0	0	0	3
21	16	0.0145199302	0.206801231	102001.55	101547.156	93118.7749	107119.399	2829.37893	0	0	0	0	0	3
22	17	0.0169984923	0.216648909	99689.084	101276.23	93118.7749	107119.399	2829.37893	0	0	0	0	0	3
23	17	0.0191914434	0.226496586	101040.646	101249.31	93118.7749	107119.399	2829.37893	0	0	0	0	0	3
24	18	0.0217763529	0.236344264	99685.6496	101063.7	93118.7749	107119.399	2829.37893	0	0	0	0	0	3
25	18	0.0231420368	0.246191942	99709.9888	100983.813	93118.7749	107119.399	2829.37893	0	0	0	0	0	3
26	19	0.0258547242	0.25603962	100902.146	100975.244	93118.7749	107119.399	2829.37893	0	0	0	0	0	3
27	19	0.0278804573	0.265887297	100813.485	100963.491	93118.7749	107119.399	2829.37893	0	0	0	0	0	3
28	20	0.0299997805	0.275734975	102023.566	101038.38	93118.7749	107119.399	2829.37893	0	0	0	0	0	3
29	20	0.0324741288	0.285582653	101988.867	101110.802	93118.7749	107119.399	2829.37893	0	0	0	0	0	3
30	20	0.0352134865	0.29543033	101807.514	101165.001	93118.7749	107119.399	2829.37893	0	0	0	0	0	3
31	21	0.0388169067	0.305278008	101596.93	101205.097	93118.7749	107119.399	2829.37893	0	0	0	0	0	3
32	21	0.0430319779	0.315125686	102201.369	101302.684	93118.7749	107119.399	2829.37893	0	0	0	0	0	3
33	22	0.0465632746	0.324973363	102222.878	101372.47	93118.7749	107119.399	2829.37893	0	0	0	0	0	3
34	22	0.0496613494	0.334821041	102490.291	101442.205	93118.7749	107119.399	2829.37893	0	0	0	0	0	3
35	23	0.0531469905	0.344668719	102306.126	101498.865	93118.7749	107119.399	2829.37893	0	0	0	0	0	3
36	23	0.0568472464	0.354516396	102085.737	101537.065	93118.7749	107119.399	2829.37893	0	0	0	0	0	3
37	24	0.060749512	0.364364074	101473.577	101532.987	93118.7749	107119.399	2829.37893	0	0	0	0	0	3
38	24	0.0646868567	0.374211752	101519.08	101532.14	93118.7749	107119.399	2829.37893	0	0	0	0	0	3
39	24	0.0689378284	0.384059429	101248.418	101514.645	93118.7749	107119.399	2829.37893	0	0	0	0	0	3
40	25	0.072688488	0.393907107	99858.7514	101429.202	93118.7749	107119.399	2829.37893	0	0	0	0	0	3
41	26	0.0758202094	0.403754785	98955.3437	101327.021	93118.7749	107119.399	2829.37893	0	0	0	0	0	3
42	26	0.0776129354	0.413602462	98501.1815	101261.749	93118.7749	107119.399	2829.37893	0	0	0	0	0	3
43	27	0.079259393	0.42345014	98301.9347	101200.264	93118.7749	107119.399	2829.37893	0	0	0	0	0	3
44	27	0.0813483603	0.433297818	101500.291	101207.969	93118.7749	107119.399	2829.37893	0	0	0	0	0	3
45	28	0.0839788925	0.443145495	94295.2769	100991.437	93118.7749	107119.399	2829.37893	0	0	0	0	0	3
46	28	0.0854988066	0.452993173	101487.582	101000.257	93118.7749	107119.399	2829.37893	0	0	0	0	0	3
47	29	0.0880847982	0.462840851	99909.3811	100968.232	93118.7749	107119.399	2829.37893	0	0	0	0	0	3
48	29	0.0903777953	0.472688528	100216.964	100949.171	93118.7749	107119.399	2829.37893	0	0	0	0	0	3
49	30	0.0926122799	0.482536206	98642.9566	100893.528	93118.7749	107119.399	2829.37893	0	0	0	0	0	3
50	30	0.0956388844	0.492383884	99973.9518	100864.427	93118.7749	107119.399	2829.37893	0	0	0	0	0	3
51	31	0.0997805486	0.502231561	100926.28	100866.995	93118.7749	107119.399	2829.37893	0	0	0	0	0	3
52	31	0.102923199	0.512079239	101289.221	100875.968	93118.7749	107119.399	2829.37893	0	0	0	0	0	3
53	32	0.106555066	0.521926917	102737.25	100940.561	93118.7749	107119.399	2829.37893	0	0	0	0	0	3
54	32	0.108572559	0.531774594	102229.63	100968.332	93118.7749	107119.399	2829.37893	0	0	0	0	0	3
55	33	0.112080061	0.541622272	101913.128	100999.831	93118.7749	107119.399	2486.00676	0	0	0	0	0	3
56	33	0.116203229	0.55146995	102083.683	101029.482	93118.7749	107119.399	2486.00676	0	0	0	0	0	3
57	34	0.11888086	0.561317627	102790.32	101060.843	93118.7749	107119.399	2486.00676	0	0	0	0	0	3
58	34	0.123541165	0.571165305	102464.765	101098.622	93118.7749	107119.399	2486.00676	0	0	0	0	0	3
59	35	0.126250441	0.581012983	102131.328	101124.69	93118.7749	107119.399	2486.00676	0	0	0	0	0	3
60	35	0.130695681	0.59086066	102736.669	101161.505	93118.7749	104397.196	2446.89567	0	0	0	0	0	3
61	35	0.135040193	0.600708338	102602.536	101202.921	93118.7749	104397.196	832.079853	0	0	0	0	0	3
62	36	0.139505396	0.610556016	101759.823	101259.019	94295.2769	104397.196	832.079853	0	0	0	0	0	3
63	36	0.14374839	0.620403693	101776.531	101279.688	94295.2769	104397.196	832.079853	0	0	0	0	0	3
64	37	0.146451239	0.630251371	100974.131	101276.143	94295.2769	104397.196	832.079853	0	0	0	0	0	3
65	37	0.149800872	0.640099049	100884.191	101274.712	94295.2769	104397.196	832.079853	0	0	0	0	0	3
66	38	0.152825961	0.649946726	99234.9961	101214.686	94295.2769	102918.294	832.079853	0	0	0	0	0	3
67	39	0.15583218	0.659794404	95543.7954	101084.544	94295.2769	102790.32	682.729246	0	0	0	0	0	3
68	39	0.156462715	0.669642082	105397.827	101109.463	94295.2769	105397.827	682.729246	0	0	0	0	0	3
69	40	0.157806368	0.679489759	103603.806	101132.116	94295.2769	105397.827	682.729246	0	0	0	0	0	3
70	40	0.160511438	0.689337437	100204.035	101112.301	94295.2769	105397.827	682.729246	0	0	0	0	0	3
71	41	0.163185997	0.699185115	98384.0977	101061.027	94295.2769	105397.827	682.729246	0	0	0	0	0	3
72	41	0.166402916	0.709032792	99442.3641	101013.962	94295.2769	105397.827	672.63795	0	0	0	0	0	3
73	42	0.169787325	0.71888047	100810.632	101030.951	94295.2769	105397.827	672.63795	0	0	0	0	0	3
74	42	0.172238067	0.728728148	99954.9622	101013.582	94295.2769	105397.827	672.63795	0	0	0	0	0	3
75	43	0.175762631	0.738575825	102241.658	101063.983	94295.2769	105397.827	672.63795	0	0	0	0	0	3
76	43	0.178442085	0.748423503	98601.6055	101033.405	94295.2769	105397.827	672.63795	0	0	0	0	0	3
77	44	0.181365526	0.758271181	100754.515	101030.452	94295.2769	105397.827	672.63795	0	0	0	0	0	3
78	45	0.185477603	0.768118859	101447.184	101044.114	94295.2769	105397.827	672.63795	0	0	0	0	0	3
79	45	0.188594487	0.777966536	101392.412	101037.871	94295.2769	105397.827	672.63795	0	0	0	0	0	3
80	45	0.192184499	0.787814214	101421.822	101031.768	94295.2769	105397.827	672.63795	0	0	0	0	0	3
81	46	0.196453996	0.797661892	102006.983	101044.411	94295.2769	105397.827	672.63795	0	0	0	0	0	3
82	46	0.199746224	0.807509569	103258.523	101077.335	94295.2769	105397.827	672.63795	0	0	0	0	0	3
83	47	0.202315436	0.817357247	103764.736	101090.937	94295.2769	105397.827	672.63795	0	0	0	0	0	3
84	47	0.205692724	0.827204925	102888.004	101103.958	94295.2769	105397.827	672.63795	0	0	0	0	0	3
85	47	0.209148876	0.837052602	102518.645	101107.685	94295.2769	105397.827	672.63795	0	0	0	0	0	3
86	48	0.213007807	0.84690028	102399.457	101112.737	94295.2769	105397.827	672.63795	0	0	0	0	0	3
87	48	0.217136775	0.856747958	101657.179	101104.3	94295.2769	105397.827	668.559742	0	0	0	0	0	3
88	49	0.2210823	0.866595635	101585.933	101107.164	94295.2769	105397.827	667.713234	0	0	0	0	0	3
89	49	0.225334184	0.876443313	101340.537	101103.245	94295.2769	105397.827	650.217805	0	0	0	0	0	3
90	50	0.229093718	0.886290991	100373.982	101082.273	94295.2769	105397.827	564.775207	0	0	0	0	0	3
91	50	0.232073448	0.896138668	99120.5824	101074.391	94295.2769	105397.827	462.593533	0	0	0	0	0	3
92	51	0.234666723	0.905986346	97912.683	101064.552	94295.2769	105397.827	415.261079	0	0	0	0	0	3
93	52	0.235925444	0.915834024	101701.155	101098.641	94295.2769	105397.827	415.261079	0	0	0	0	0	3
94	52	0.238428176	0.925681701	101567.971	101134.95	94295.2769	105397.827	415.261079	0	0	0	0	0	3
95	53	0.241238934	0.935529379	98571.2814	101085.109	94295.2769	105397.827	415.261079	0	0	0	0	0	3
96	53	0.24332038	0.945377057	102468.535	101215.272	95543.7954	105397.827	415.261079	0	0	0	0	0	3
97	54	0.246672184	0.955224734	101477.893	101218.166	95543.7954	105397.827	415.261079	0	0	0	0	0	3
98	55	0.249096114	0.965072412	101073.449	101237.008	95543.7954	105397.827	415.261079	0	0	0	0	0	3
99	55	0.253070008	0.97492009	101232.19	101251.266	95543.7954	105397.827	415.261079	0	0	0	0	0	3
100	56	0.256525748	0.984767767	100209.673	101264.864	95543.7954	105397.827	415.261079	0	0	0	0	0	3
101	57	0.259950591	0.994615445	99429.3677	101250.384	95543.7954	105397.827	412.69369	0	0	0	0	0	3
102	57	0.262694939	1.00446312	100508.988	101246.134	95543.7954	105397.827	403.720447	1532.73227	0	0	0	0	3
103	58	0.265063504	1.0143108	100596.547	101235.81	95543.7954	105397.827	339.12756	1532.73227	0	0	0	0	3
104	58	0.269417591	1.02415848	101352.362	101205.443	95543.7954	105397.827	311.355894	1532.73227	0	0	0	0	3
105	59	0.272532103	1.03400616	101606.784	101200.465	95543.7954	105397.827	279.857353	1532.73227	0	0	0	0	3
106	59	0.275882636	1.04385383	102101.632	101203.638	95543.7954	105397.827	266.106392	1532.73227	0	0	0	0	3
107	59	0.279054026	1.05370151	102683.169	101210.169	95543.7954	105397.827	266.106392	1532.73227	0	0	0	0	3
108	60	0.282674876	1.06354919	102677.756	101216.78	95543.7954	105397.827	266.106392	1532.73227	0	0	0	0	3
109	60	0.286349812	1.07339687	102675.561	101213.985	95543.7954	105397.827	266.106392	1532.73227	0	0	0	0	3
110	61	0.290255194	1.08324454	102476.685	101228.899	95543.7954	105397.827	266.106392	1532.73227	0	0	0	0	3
111	61	0.294246278	1.09309222	101694.914	101199.29	95543.7954	105397.827	266.106392	1532.73227	0	0	0	0	3
112	61	0.298135017	1.1029399	101518.335	101169.518	95543.7954	105397.827	266.106392	1532.73227	0	0	0	0	3
113	62	0.302512578	1.11278758	101377.667	101158.938	95543.7954	105397.827	266.106392	1532.73227	0	0	0	0	3
114	63	0.306504241	1.12263525	100858.024	101135.457	95543.7954	105397.827	262.561429	1532.73227	0	0	0	0	3
115	63	0.309276242	1.13248293	99395.1857	101108.508	95543.7954	105397.827	261.130142	1532.73227	0	0	0	0	3
116	64	0.311816997	1.14233061	98848.7615	101077.708	95543.7954	105397.827	251.281777	1532.73227	0	0	0	0	3
117	64	0.313454803	1.15217829	97438.7304	101075.308	95543.7954	105397.827	251.281777	1532.73227	0	0	0	0	3
118	65	0.314754914	1.16202597	99298.804	101165.41	97438.7304	105397.827	251.281777	1532.73227	0	0	0	0	3
119	65	0.316866063	1.17187364	99775.3436	101130.477	97438.7304	103764.736	251.281777	1532.73227	0	0	0	0	3
120	66	0.319556494	1.18172132	99218.4087	101078.127	97438.7304	103764.736	251.281777	1532.73227	0	0	0	0	3
121	66	0.322435271	1.191569	101134.153	101093.726	97438.7304	103764.736	251.281777	1532.73227	0	0	0	0	3
122	67	0.32433422	1.20141668	97146.0255	101092.178	97146.0255	103764.736	251.281777	1532.73227	0	0	0	0	3
123	68	0.325336196	1.21126435	100919.139	101124.48	97146.0255	103764.736	251.281777	1532.73227	0	0	0	0	3
124	68	0.327206669	1.22111203	99522.1153	101112.188	97146.0255	103764.736	251.281777	1532.73227	0	0	0	0	3
125	69	0.329951097	1.23095971	99818.6575	101107.662	97146.0255	103764.736	234.411826	1532.73227	0	0	0	0	3
126	69	0.333087845	1.24080739	99627.4047	101052.743	97146.0255	103764.736	234.411826	1532.73227	0	0	0	0	3
127	70	0.33570316	1.25065506	98916.6013	101058.981	97146.0255	103764.736	234.411826	1532.73227	0	0	0	0	3
128	70	0.339167223	1.26050274	100193.512	101045.623	97146.0255	103764.736	233.095818	1532.73227	0	0	0	0	3
129	71	0.342337744	1.27035042	101790.308	101050.148	97146.0255	103764.736	233.095818	1532.73227	0	0	0	0	3
130	71	0.345071573	1.2801981	102494.301	101068.562	97146.0255	103764.736	233.095818	1532.73227	0	0	0	0	3
131	72	0.348372159	1.29004578	102698.329	101094.882	97146.0255	103764.736	220.452415	1532.73227	0	0	0	0	3
132	72	0.352134052	1.29989345	102026.573	101092.382	97146.0255	103764.736	219.240376	1532.73227	0	0	0	0	3
133	72	0.354694761	1.30974113	102389.949	101067.801	97146.0255	103764.736	219.240376	1532.73227	0	0	0	0	3
134	73	0.358931299	1.31958881	102526.072	101063.006	97146.0255	102888.004	219.240376	1532.73227	0	0	0	0	3
135	73	0.362656409	1.32943649	102713.932	101062.919	97146.0255	102713.932	219.240376	1532.73227	0	0	0	0	3
136	74	0.366166624	1.33928416	102943.695	101072.922	97146.0255	102943.695	219.240376	1532.73227	0	0	0	0	3
137	74	0.370024135	1.34913184	102573.154	101077.178	97146.0255	102943.695	219.240376	1532.73227	0	0	0	0	3
138	75	0.374276027	1.35897952	101728.168	101079.552	97146.0255	102943.695	219.240376	1532.73227	0	0	0	0	3
139	75	0.378412251	1.3688272	101622.296	101081.122	97146.0255	102943.695	219.240376	1532.73227	0	0	0	0	3
140	76	0.382228905	1.37867487	101354.536	101080.743	97146.0255	102943.695	219.240376	1532.73227	0	0	0	0	3
141	76	0.384891657	1.38852255	100963.692	101095.797	97146.0255	102943.695	219.240376	1532.73227	0	0	0	0	3
142	77	0.387754825	1.39837023	99420.4789	101102.792	97146.0255	102943.695	219.240376	1532.73227	0	0	0	0	3
143	77	0.390381588	1.40821791	99040.6251	101121.133	97146.0255	102943.695	219.240376	1532.73227	0	0	0	0	3
144	78	0.391900298	1.41806558	99321.6635	101098.931	97146.0255	102943.695	219.240376	1532.73227	0	0	0	0	3
145	78	0.393401801	1.42791326	99466.2443	101075.537	97146.0255	102943.695	219.240376	1532.73227	0	0	0	0	3
146	79	0.39561597	1.43776094	102150.307	101136.548	97146.0255	102943.695	219.240376	1532.73227	0	0	0	0	3
147	79	0.398530699	1.44760862	95210.093	101007.391	95210.093	102943.695	257.472797	1532.73227	0	0	0	0	3
148	80	0.400242726	1.4574563	100181.324	100987.913	95210.093	102943.695	276.951009	1532.73227	0	0	0	0	3
149	81	0.402721429	1.46730397	99813.5731	100967.615	95210.093	102943.695	297.248267	1532.73227	0	0	0	0	3
150	81	0.405952684	1.47715165	99143.0984	100922.176	95210.093	102943.695	342.687499	1532.73227	0	0	0	0	3
151	82	0.408963677	1.48699933	101078.692	100941.42	95210.093	102943.695	328.207672	1532.73227	0	0	0	0	3
152	82	0.412359803	1.49684701	100691.297	100969.824	95210.093	102943.695	323.958075	1532.73227	0	0	0	0	3
153	83	0.41567801	1.50669468	99716.4478	100950.905	95210.093	102943.695	313.633708	1532.73227	0	0	0	0	3
154	83	0.418502244	1.51654236	102291.435	100981.05	95210.093	102943.695	306.722623	1532.73227	0	0	0	0	3
155	84	0.421317027	1.52639004	102442.705	100997.492	95210.093	102943.695	306.722623	1532.73227	0	0	0	0	3
156	84	0.424526546	1.53623772	102401.551	101014.655	95210.093	102943.695	306.722623	1532.73227	0	0	0	0	3
157	85	0.4278592	1.54608539	102137.761	101015.319	95210.093	102943.695	306.722623	1532.73227	0	0	0	0	3
158	85	0.432044895	1.55593307	102107.846	101010.636	95210.093	102943.695	306.722623	1532.73227	0	0	0	0	3
159	85	0.436254164	1.56578075	102935.988	101024.101	95210.093	102943.695	306.722623	1532.73227	0	0	0	0	3
160	86	0.439083785	1.57562843	102389.834	101009.668	95210.093	102943.695	306.722623	1532.73227	0	0	0	0	3
161	86	0.443773242	1.58547611	102449.993	101016.345	95210.093	102943.695	277.114076	1532.73227	0	0	0	0	3
162	87	0.448073574	1.59532378	102530.557	101041.07	95210.093	102943.695	247.341596	1532.73227	0	0	0	0	3
163	87	0.452383298	1.60517146	101825.971	101050.968	95210.093	102943.695	243.233597	1532.73227	0	0	0	0	3
164	88	0.456618663	1.61501914	101811.908	101062.601	95210.093	102943.695	243.233597	1532.73227	0	0	0	0	3
165	88	0.460841944	1.62486682	101353.12	101075.842	95210.093	102943.695	243.233597	1532.73227	0	0	0	0	3
166	89	0.46481983	1.63471449	100461.77	101090.089	95210.093	102943.695	243.233597	1532.73227	0	0	0	0	3
167	89	0.467801344	1.64456217	99390.0503	101094.102	95210.093	102943.695	243.233597	1532.73227	0	0	0	0	3
168	90	0.470191425	1.65440985	97942.7374	101084.243	95210.093	102943.695	243.233597	1532.73227	0	0	0	0	3
169	90	0.471485219	1.66425753	100625.221	101095.265	95210.093	102943.695	214.371513	1532.73227	0	0	0	0	3
170	91	0.473827615	1.6741052	101826.887	101123.936	95210.093	102943.695	214.371513	1532.73227	0	0	0	0	3
171	92	0.476430819	1.68395288	99085.7144	101122.794	95210.093	102943.695	214.371513	1532.73227	0	0	0	0	3
172	92	0.4788446	1.69380056	101439.048	101127.465	95210.093	102943.695	214.371513	1532.73227	0	0	0	0	3
173	93	0.482289276	1.70364824	100724.216	101166.536	95210.093	102943.695	244.360245	1532.73227	0	0	0	0	3
174	93	0.485810681	1.71349592	100771.193	101159.406	95210.093	102943.695	244.360245	1532.73227	0	0	0	0	3
175	94	0.488830798	1.72334359	100362.006	101163.454	95210.093	102943.695	244.360245	1532.73227	0	0	0	0	3
176	94	0.492948135	1.73319127	99951.2754	101155.477	95210.093	102943.695	244.360245	1532.73227	0	0	0	0	3
177	95	0.496169621	1.74303895	100312.085	101168.208	95210.093	102943.695	246.031629	1532.73227	0	0	0	0	3
178	96	0.499935883	1.75288663	100738.164	101194.201	95210.093	102943.695	272.02525	1532.73227	0	0	0	0	3
179	96	0.504274759	1.7627343	102054.212	101237.797	95210.093	102943.695	315.620648	1532.73227	0	0	0	0	3
180	96	0.507012323	1.77258198	101160.296	101225.871	95210.093	102943.695	315.620648	1532.73227	0	0	0	0	3
181	97	0.511030369	1.78242966	102043.362	101224.768	95210.093	102943.695	315.620648	1532.73227	0	0	0	0	3
182	97	0.514352984	1.79227734	102300.764	101217.005	95210.093	102943.695	315.620648	1532.73227	0	0	0	0	3
183	98	0.517718331	1.80212501	102382.172	101222.294	95210.093	102943.695	315.620648	1532.73227	0	0	0	0	3
184	98	0.521214233	1.81197269	102839.193	101238.283	95210.093	102943.695	316.106841	1532.73227	0	0	0	0	3
185	99	0.524881246	1.82182037	102523.707	101233.811	95210.093	102943.695	316.106841	1532.73227	0	0	0	0	3
186	99	0.528716474	1.83166805	102281.661	101224.809	95210.093	102943.695	316.106841	1532.73227	0	0	0	0	3
187	99	0.532777856	1.84151572	101608.741	101197.954	95210.093	102935.988	316.106841	1532.73227	0	0	0	0	3
188	100	0.536768275	1.8513634	101774.871	101179.946	95210.093	102935.988	316.106841	1532.73227	0	0	0	0	3
189	100	0.540930534	1.86121108	101123.802	101164.557	95210.093	102935.988	316.106841	1532.73227	0	0	0	0	3
190	101	0.544748789	1.87105876	99717.1884	101119.95	95210.093	102935.988	316.106841	1532.73227	0	0	0	0	3
191	101	0.547940539	1.88090644	99592.1889	101085.121	95210.093	102935.988	316.106841	1532.73227	0	0	0	0	3
192	102	0.549488116	1.89075411	97487.9955	101053.265	95210.093	102935.988	316.106841	1532.73227	0	0	0	0	3
193	103	0.55092267	1.90060179	99025.4461	101064.087	95210.093	102935.988	316.106841	1532.73227	0	0	0	0	3
194	103	0.553190997	1.91044947	99056.9729	101068.77	95210.093	102935.988	316.106841	1532.73227	0	0	0	0	3
195	104	0.55607817	1.92029715	99337.9154	101054.493	95210.093	102935.988	316.106841	1532.73227	0	0	0	0	3
196	104	0.558924388	1.93014482	105423.69	101144.03	95210.093	105423.69	316.106841	1532.73227	0	0	0	0	3
197	105	0.559320827	1.9399925	74550.3477	101066.019	74550.3477	105423.69	316.106841	1532.73227	0	0	0	0	3
198	105	0.560147341	1.94984018	80600.7056	101066.969	74550.3477	105423.69	316.106841	1532.73227	0	0	0	0	3
199	106	0.561201696	1.95968786	97798.5402	101054.98	74550.3477	105423.69	316.106841	1532.73227	0	0	0	0	3
200	106	0.563006486	1.96953553	96204.5782	101019.562	74550.3477	105423.69	316.106841	1532.73227	0	0	0	0	3
201	107	0.564185566	1.97938321	89530.7001	100972.271	74550.3477	105423.69	296.862979	1532.73227	0	0	0	0	3
202	108	0.565401458	1.98923089	95362.3669	100926.621	74550.3477	105423.69	311.662054	1532.73227	0	0	0	0	3
203	108	0.566866429	1.99907857	100102.682	100923.981	74550.3477	105423.69	314.301782	1532.73227	0	0	0	0	3
204	109	0.568173346	2.00892625	100383.254	100945.622	74550.3477	105423.69	314.301782	1532.73227	0	0	0	0	3
205	109	0.569508276	2.01877392	101977.629	100929.575	74550.3477	105423.69	314.301782	1532.73227	0	0	0	0	3
206	110	0.57091644	2.0286216	103361.161	100923.993	74550.3477	105423.69	314.301782	1532.73227	0	0	0	0	3
207	110	0.572716838	2.03846928	104162.84	100931.341	74550.3477	105423.69	314.301782	1532.73227	0	0	0	0	3
208	111	0.574599968	2.04831696	103431.593	100936.028	74550.3477	105423.69	314.301782	1532.73227	0	0	0	0	3
209	111	0.575979041	2.05816463	104201.779	100933.241	74550.3477	105423.69	314.301782	1532.73227	0	0	0	0	3
210	112	0.577847839	2.06801231	102410.871	100893.206	74550.3477	105423.69	345.077096	1532.73227	0	0	0	0	3
211	112	0.580847739	2.07785999	102552.547	100898.447	74550.3477	105423.69	345.077096	1532.73227	0	0	0	0	3
212	113	0.583715421	2.08770767	102040.675	100869.861	74550.3477	105423.69	368.422054	1532.73227	0	0	0	0	3
213	113	0.587134532	2.09755534	102245.765	100852.335	74550.3477	105423.69	385.947999	1532.73227	0	0	0	0	3
214	114	0.58968568	2.10740302	102329.53	100849.221	74550.3477	105423.69	389.062007	1532.73227	0	0	0	0	3
215	114	0.592168385	2.1172507	102993.718	100858.419	74550.3477	105423.69	389.062007	1532.73227	0	0	0	0	3
216	115	0.595630257	2.12709838	103200.872	100903.082	74550.3477	105423.69	389.062007	1532.73227	0	0	0	0	3
217	115	0.59924668	2.13694606	102815.621	100967.593	74550.3477	105423.69	389.062007	1542.47942	0	0	0	0	3
218	116	0.603110211	2.14679373	102980.932	101059.842	74550.3477	105423.69	389.062007	1558.31916	0	0	0	0	3
219	116	0.606561402	2.15664141	102472.249	101150.218	74550.3477	105423.69	389.062007	1573.88815	0	0	0	0	3
220	117	0.61059971	2.16648909	101757.047	101172.716	74550.3477	105423.69	389.062007	1589.19325	0	0	0	0	3
221	117	0.614826009	2.17633677	101867.406	101182.671	74550.3477	105423.69	389.062007	1604.24112	0	0	0	0	3
222	118	0.618509382	2.18618444	101362.964	101225.766	74550.3477	105423.69	389.062007	1619.03819	0	0	0	0	3
223	118	0.622860746	2.19603212	100013.574	101185.566	74550.3477	105423.69	389.062007	1633.59068	0	0	0	0	3
224	119	0.62627832	2.2058798	99654.092	101160.253	74550.3477	105423.69	389.062007	1647.90461	0	0	0	0	3
225	119	0.627878093	2.21572748	98828.4431	101143.639	74550.3477	105423.69	389.062007	1661.9858	0	0	0	0	3
226	120	0.629418108	2.22557515	100145.027	101149.491	74550.3477	105423.69	389.062007	1675.83986	0	0	0	0	3
227	120	0.632112992	2.23542283	98780.2223	101139.062	74550.3477	105423.69	389.062007	1689.47226	0	0	0	0	3
228	121	0.6346125	2.24527051	100511.275	101146.971	74550.3477	105423.69	389.062007	1702.88828	0	0	0	0	3
229	122	0.637589896	2.25511819	99959.6638	101132.475	74550.3477	105423.69	389.062007	1716.09301	0	0	0	0	3
230	122	0.640650937	2.26496586	100595.164	101091.089	74550.3477	105423.69	389.062007	1729.09143	0	0	0	0	3
231	123	0.64439102	2.27481354	99538.3152	101047.436	74550.3477	105423.69	389.062007	1741.88831	0	0	0	0	3
232	123	0.647640844	2.28466122	101810.081	101036.286	74550.3477	105423.69	389.062007	1754.48833	0	0	0	0	3
233	124	0.649941208	2.2945089	98518.946	100962.591	74550.3477	105423.69	389.062007	1766.89597	0	0	0	0	3
234	124	0.652685415	2.30435658	100421.889	100916.201	74550.3477	105423.69	389.062007	1779.11563	0	0	0	0	3
235	125	0.655859112	2.31420425	101139.196	100871.529	74550.3477	105423.69	384.590154	1791.15152	0	0	0	0	3
236	125	0.65891244	2.32405193	101061.614	100830.656	74550.3477	105423.69	395.109832	1803.00778	0	0	0	0	3
237	126	0.66231352	2.33389961	101923.637	100816.827	74550.3477	105423.69	408.939599	1814.68839	0	0	0	0	3
238	126	0.665490391	2.34374729	101841.372	100817.117	74550.3477	105423.69	408.939599	1826.19722	0	0	0	0	3
239	127	0.669522413	2.35359496	102755.751	100847.209	74550.3477	105423.69	408.939599	1837.53805	0	0	0	0	3
240	127	0.673352617	2.36344264	102794.454	100894.838	74550.3477	105423.69	408.939599	1848.71451	0	0	0	0	3
241	128	0.677193336	2.37329032	102727.702	100981.939	74550.3477	105423.69	408.939599	1859.73016	0	0	0	0	3
242	128	0.680788593	2.383138	102770.466	101063.731	74550.3477	105423.69	408.939599	1870.58845	0	0	0	0	3
243	128	0.684566427	2.39298567	102505.942	101145.033	74550.3477	105423.69	408.939599	1881.29271	0	0	0	0	3
244	129	0.688621789	2.40283335	101711.423	101183.796	74550.3477	105423.69	408.939599	1891.84621	0	0	0	0	3
245	129	0.692559845	2.41268103	101610.444	101230.467	74550.3477	105423.69	413.640333	1902.25211	0	0	0	0	3
246	130	0.696835316	2.42252871	101378.519	101273.784	74550.3477	105423.69	456.956894	1912.51349	0	0	0	0	3
247	130	0.700818735	2.43237639	100424.854	101166.71	74550.3477	104201.779	456.956894	1922.63333	0	0	0	0	3
248	131	0.703949893	2.44222406	98784.8518	101188.101	80600.7056	104201.779	456.956894	1932.61454	0	0	0	0	3
249	131	0.705705338	2.45207174	99028.5051	101278.956	89530.7001	104201.779	462.129647	1942.45995	0	0	0	0	3
250	132	0.707440239	2.46191942	100198.044	101291.226	89530.7001	104201.779	474.399435	1952.17231	0	0	0	0	3
251	132	0.7096674	2.4717671	99691.5375	101329.529	89530.7001	104201.779	512.702544	1961.75431	0	0	0	0	3
252	133	0.712251342	2.48161477	98952.2242	101381.999	95362.3669	104201.779	565.172111	1971.20855	0	0	0	0	3
253	134	0.715040675	2.49146245	100272.862	101410.236	98518.946	104201.779	593.409792	1980.53756	0	0	0	0	3
254	134	0.718742589	2.50131013	100168.689	101392.587	98518.946	104201.779	593.409792	1989.74383	0	0	0	0	3
255	135	0.722441454	2.51115781	101036.119	101392.591	98518.946	104201.779	593.409792	1998.82975	0	0	0	0	3
256	135	0.72592274	2.52100548	102810.886	101419.164	98518.946	104201.779	602.337557	2007.79767	0	0	0	0	3
257	136	0.729042369	2.53085316	99052.769	101355.184	98518.946	104201.779	602.337557	2016.64988	0	0	0	0	3
258	136	0.732068558	2.54070084	99202.1285	101282.575	98518.946	104201.779	602.337557	2025.3886	0	0	0	0	3
259	137	0.734696828	2.55054852	100730.034	101248.226	98518.946	104201.779	602.337557	2034.016	0	0	0	0	3
260	137	0.738736751	2.5603962	101232.26	101222.804	98518.946	103200.872	602.337557	2042.53419	0	0	0	0	3
261	138	0.740864795	2.57024387	101785.2	101216.525	98518.946	103200.872	602.337557	2050.94523	0	0	0	0	3
262	138	0.74484196	2.58009155	102156.123	101214.873	98518.946	103200.872	602.337557	2059.25114	0	0	0	0	3
263	139	0.747485552	2.58993923	102649.545	101223.571	98518.946	103200.872	602.337557	2067.45386	0	0	0	0	3
264	139	0.752387259	2.59978691	103033.118	101256.097	98518.946	103200.872	602.337557	2075.55532	0	0	0	0	3
265	140	0.755177782	2.60963458	102220.464	101255.81	98518.946	103200.872	602.337557	2083.55737	0	0	0	0	3
266	140	0.758621317	2.61948226	102833.969	101262.537	98518.946	103200.872	602.337557	2091.46184	0	0	0	0	3
267	140	0.762462432	2.62932994	102397.238	101248.441	98518.946	103033.118	602.337557	2099.27049	0	0	0	0	3
268	141	0.766623308	2.63917762	101652.646	101224.628	98518.946	103033.118	602.337557	2106.98507	0	0	0	0	3
269	141	0.77055832	2.64902529	101527.263	101191.216	98518.946	103033.118	602.337557	2114.60725	0	0	0	0	3
270	142	0.774700368	2.65887297	101350.486	101168.846	98518.946	103033.118	602.337557	2122.1387	0	0	0	0	3
271	142	0.778601849	2.66872065	100597.826	101141.446	98518.946	103033.118	602.337557	2129.58101	0	0	0	0	3
272	143	0.781430802	2.67856833	99069.2477	101087.845	98518.946	103033.118	602.337557	2136.93577	0	0	0	0	3
273	144	0.784282416	2.688416	98277.9359	101033.396	98277.9359	103033.118	602.337557	2144.20451	0	0	0	0	3
274	144	0.785667054	2.69826368	99570.691	101048.213	98277.9359	103033.118	602.337557	2151.38873	0	0	0	0	3
275	145	0.787969593	2.70811136	101661.515	101086.413	98277.9359	103033.118	602.337557	2158.48989	0	0	0	0	3
276	145	0.790609261	2.71795904	96205.1615	101029.432	96205.1615	103033.118	602.337557	2165.50943	0	0	0	0	3
277	146	0.791918204	2.72780672	103344.135	101056.458	96205.1615	103344.135	602.337557	2172.44875	0	0	0	0	3
278	147	0.794587438	2.73765439	101109.35	101095.082	96205.1615	103344.135	602.337557	2179.30921	0	0	0	0	3
279	147	0.796951182	2.74750207	100622.449	101097.189	96205.1615	103344.135	602.337557	2186.09215	0	0	0	0	3
280	147	0.799723958	2.75734975	100448.17	101106.979	96205.1615	103344.135	602.337557	2192.79888	0	0	0	0	3
281	148	0.802815881	2.76719743	100770.886	101110.232	96205.1615	103344.135	602.337557	2199.43068	0	0	0	0	3
282	148	0.807446966	2.7770451	101305.584	101151.836	96205.1615	103344.135	602.337557	2205.98878	0	0	0	0	3
283	149	0.810740347	2.78689278	100267.503	101120.863	96205.1615	103344.135	602.337557	2212.47443	0	0	0	0	3
284	149	0.814018518	2.79674046	100813.729	101151.206	96205.1615	103344.135	602.337557	2218.8888	0	0	0	0	3
285	150	0.816336169	2.80658814	103205.864	101192.534	96205.1615	103344.135	602.337557	2225.23307	0	0	0	0	3
286	150	0.82123508	2.81643581	102393.786	101229.142	96205.1615	103344.135	602.337557	2231.50838	0	0	0	0	3
287	151	0.825605374	2.82628349	101778.823	101246.622	96205.1615	103344.135	602.337557	2237.71584	0	0	0	0	3
288	151	0.828369814	2.83613117	102149.932	101247.794	96205.1615	103344.135	602.046848	2243.85656	0	0	0	0	3
289	152	0.833339298	2.84597885	102156.732	101263.47	96205.1615	103344.135	571.955307	2249.93161	0	0	0	0	3
290	152	0.8376599	2.85582653	102238.49	101252.739	96205.1615	103344.135	524.326598	2255.94203	0	0	0	0	3
291	152	0.842088254	2.8656742	102148.438	101241.25	96205.1615	103344.135	437.225371	2261.88884	0	0	0	0	3
292	153	0.846374013	2.87552188	101635.932	101217.503	96205.1615	103344.135	389.732293	2267.77306	0	0	0	0	3
293	153	0.850651917	2.88536956	101687.424	101196.469	96205.1615	103344.135	389.732293	2273.59566	0	0	0	0	3
294	154	0.854937322	2.89521724	101190.196	101167.274	96205.1615	103344.135	389.732293	2279.35761	0	0	0	0	3
295	154	0.858576954	2.90506491	99631.1949	101121.395	96205.1615	103344.135	389.732293	2285.05985	0	0	0	0	3
296	155	0.861847078	2.91491259	98427.2567	101057.975	96205.1615	103344.135	389.732293	2290.7033	0	0	0	0	3
297	156	0.863177654	2.92476027	99669.1067	101038.627	96205.1615	103344.135	389.732293	2296.28888	0	0	0	0	3
298	156	0.864859798	2.93460795	98820.357	101030.784	96205.1615	103344.135	389.732293	2301.13495	0	0	0	0	3
299	157	0.86709897	2.94445562	101513.662	101080.515	96205.1615	103344.135	389.732293	2302.56955	0	0	0	0	3
300	157	0.869772225	2.9543033	98193.7027	101055.434	96205.1615	103344.135	389.732293	2299.05219	0	0	0	0	3
301	159	0.87239714	2.96415098	106386.741	101149.287	96205.1615	106386.741	389.732293	2296.77219	0	0	0	0	3
302	159	0.872688898	2.97399866	62990.3848	101100.91	62990.3848	106386.741	389.732293	2309.04262	0	0	0	0	3
303	159	0.873486721	2.98384633	86617.9559	101063.68	62990.3848	106386.741	389.732293	2321.19097	0	0	0	0	3
304	160	0.874471995	2.99369401	100780.571	101075.767	62990.3848	106386.741	389.732293	2333.21903	0	0	0	0	3
305	160	0.875819234	3.00354169	95959.4195	101053.261	62990.3848	106386.741	389.732293	2345.12859	0	0	0	0	3
306	161	0.877817567	3.01338937	100998.868	101052.97	62990.3848	106386.741	389.732293	2356.92138	0	0	0	0	3
307	161	0.879576833	3.02323705	93095.8164	100922.036	62990.3848	106386.741	433.148137	2368.59913	0	0	0	0	3
308	162	0.882140339	3.03308472	96448.8471	100885.225	62990.3848	106386.741	397.349222	2380.1635	0	0	0	0	3
309	162	0.883497654	3.0429324	97864.4855	100891.785	62990.3848	106386.741	378.244725	2391.61614	0	0	0	0	3
310	163	0.886213549	3.05278008	99511.553	100869.85	62990.3848	106386.741	393.619862	2402.95866	0	0	0	0	3
311	163	0.888676187	3.06262776	100983.406	100861.951	62990.3848	106386.741	401.519454	2414.19263	0	0	0	0	3
312	164	0.890948518	3.07247543	103081.53	100882.465	62990.3848	106386.741	401.519454	2425.31962	0	0	0	0	3
313	164	0.893372144	3.08232311	103488.538	100890.885	62990.3848	106386.741	401.519454	2436.34113	0	0	0	0	3
314	165	0.896508533	3.09217079	102947.779	100902.977	62990.3848	106386.741	401.519454	2447.25867	0	0	0	0	3
315	165	0.899361853	3.10201847	101484.33	100843.222	62990.3848	106386.741	420.248203	2458.0737	0	0	0	0	3
316	166	0.903288902	3.11186614	102290.352	100855.643	62990.3848	106386.741	420.248203	2468.78765	0	0	0	0	3
317	166	0.906546004	3.12171382	102960.614	100855.938	62990.3848	106386.741	420.248203	2479.40194	0	0	0	0	3
318	167	0.909665621	3.1315615	103821.385	100878.565	62990.3848	106386.741	420.248203	2489.91795	0	0	0	0	3
319	167	0.912772402	3.14140918	103216.899	100906.234	62990.3848	106386.741	420.248203	2500.33703	0	0	0	0	3
320	168	0.916012194	3.15125686	102681.478	100928.975	62990.3848	106386.741	420.248203	2510.66053	0	0	0	0	3
321	168	0.919842705	3.16110453	102758.879	100965.239	62990.3848	106386.741	420.248203	2520.88975	0	0	0	0	3
322	168	0.924044243	3.17095221	101923.864	101002.788	62990.3848	106386.741	420.248203	2531.02597	0	0	0	0	3
323	169	0.928139647	3.18079989	101797.76	101062.264	62990.3848	106386.741	420.248203	2541.07047	0	0	0	0	3
324	169	0.930365767	3.19064757	101732.139	101126.823	62990.3848	106386.741	420.248203	2551.02447	0	0	0	0	3
325	170	0.934702852	3.20049524	101339.509	101147.47	62990.3848	106386.741	420.248203	2560.88921	0	0	0	0	3
326	170	0.938093968	3.21034292	99689.2551	101106.647	62990.3848	106386.741	420.248203	2570.66586	0	0	0	0	3
327	171	0.941057959	3.2201906	98346.5173	101138.267	62990.3848	106386.741	420.248203	2580.35561	0	0	0	0	3
328	172	0.942255817	3.23003828	100020.155	101110.153	62990.3848	106386.741	420.248203	2589.95961	0	0	0	0	3
329	172	0.943778968	3.23988595	101722.001	101116.414	62990.3848	106386.741	420.248203	2599.47899	0	0	0	0	3
330	173	0.94674648	3.24973363	99520.747	101092.597	62990.3848	106386.741	420.248203	2608.91487	0	0	0	0	3
331	173	0.949188483	3.25958131	100945.983	101102.157	62990.3848	106386.741	420.248203	2618.26834	0	0	0	0	3
332	174	0.952322333	3.26942899	100806.868	101102.818	62990.3848	106386.741	420.248203	2627.54047	0	0	0	0	3
333	174	0.954826095	3.27927667	101065.586	101095.814	62990.3848	106386.741	420.248203	2636.73233	0	0	0	0	3
334	175	0.958404493	3.28912434	100825.943	101107.748	62990.3848	106386.741	420.248203	2645.84495	0	0	0	0	3
335	175	0.962259747	3.29897202	101224.301	101117.281	62990.3848	106386.741	420.248203	2654.87935	0	0	0	0	3
336	176	0.966727089	3.3088197	100043.756	101053.206	62990.3848	106386.741	420.248203	2663.83653	0	0	0	0	3
337	177	0.96964955	3.31866738	99740.215	100983.101	62990.3848	106386.741	420.248203	2672.71747	0	0	0	0	3
338	177	0.972881164	3.32851505	100879.669	100957.219	62990.3848	106386.741	420.248203	2681.52316	0	0	0	0	3
339	177	0.976063313	3.33836273	102133.539	100960.239	62990.3848	106386.741	420.248203	2690.25454	0	0	0	0	3
340	178	0.979896019	3.34821041	101958	100945.761	62990.3848	106386.741	409.517473	2698.91254	0	0	0	0	3
341	178	0.983157674	3.35805809	102384.671	100939.63	62990.3848	106386.741	398.02842	2707.49809	0	0	0	0	3
342	179	0.986786159	3.36790576	103011.443	100954.588	62990.3848	106386.741	374.281423	2716.0121	0	0	0	0	3
343	179	0.989887086	3.37775344	102863.504	100975.488	62990.3848	106386.741	353.246741	2724.45545	0	0	0	0	3
344	180	0.993563617	3.38760112	102620.854	100996.505	62990.3848	106386.741	324.052472	2732.82902	0	0	0	0	3
345	180	0.997645097	3.3974488	102273.961	101027.225	62990.3848	106386.741	306.065535	2741.13367	0	0	0	0	3
346	180	1	3.40729647	102044.177	101080.086	62990.3848	106386.741	306.065535	2749.37025	0	0	0	0	3
