Iteration	CPUTime	PhysTime	Travels	Value	AvValue	MinValue	MaxValue	Delta	Criteria	PrevAvRefValue	Progress	CriteriaType	CriteriaVarType	CriteriaPercentage
1	3	0.000187504834	0.00984767767	293.200885	293.200885	293.200885	293.200885	0	0	0	0	0	0	3
2	4	0.00037087218	0.0196953553	293.201482	293.20118	293.200885	293.201482	0.000295462099	0	0	0	0	0	3
3	5	0.000551517441	0.029543033	293.20184	293.201396	293.200885	293.20184	0.00051157477	0	0	0	0	0	3
4	5	0.00073197824	0.0393907107	293.201583	293.201442	293.200885	293.20184	0.000557615935	0	0	0	0	0	3
5	6	0.000923820617	0.0492383884	293.200123	293.201169	293.200123	293.20184	0.000557615935	0	0	0	0	0	3
6	7	0.00126214981	0.059086066	293.200662	293.201033	293.200123	293.20184	0.000557615935	0	0	0	0	0	3
7	7	0.0016506141	0.0689337437	293.200223	293.200842	293.200123	293.20184	0.000600325757	0	0	0	0	0	3
8	8	0.00205722973	0.0787814214	293.201563	293.200985	293.200123	293.20184	0.000600325757	0	0	0	0	0	3
9	9	0.00246504433	0.0886290991	293.199989	293.20082	293.199989	293.20184	0.000622559408	0	0	0	0	0	3
10	9	0.00287595495	0.0984767767	293.200888	293.20083	293.199989	293.20184	0.000622559408	0	0	0	0	0	3
11	10	0.00351205838	0.108324454	293.203099	293.201241	293.199989	293.203099	0.000622559408	0	0	0	0	0	3
12	11	0.00420971329	0.118172132	293.201511	293.201286	293.199989	293.203099	0.000622559408	0	0	0	0	0	3
13	11	0.00492048413	0.12801981	293.201391	293.201301	293.199989	293.203099	0.000622559408	0	0	0	0	0	3
14	12	0.00567247201	0.137867487	293.201619	293.201343	293.199989	293.203099	0.000622559408	0	0	0	0	0	3
15	12	0.00650913531	0.147715165	293.200602	293.201248	293.199989	293.203099	0.000622559408	0	0	0	0	0	3
16	13	0.00780993695	0.157562843	293.200931	293.201195	293.199989	293.203099	0.000622559408	0	0	0	0	0	3
17	14	0.00904087654	0.16741052	293.201513	293.201238	293.199989	293.203099	0.000622559408	0	0	0	0	0	3
18	14	0.0101581185	0.177258198	293.201338	293.201249	293.199989	293.203099	0.000622559408	0	0	0	0	0	3
19	15	0.0111482278	0.187105876	293.201237	293.201248	293.199989	293.203099	0.000622559408	0	0	0	0	0	3
20	15	0.0124559939	0.196953553	293.201273	293.201251	293.199989	293.203099	0.000622559408	0	0	0	0	0	3
21	16	0.0145199302	0.206801231	293.201153	293.201237	293.199989	293.203099	0.000622559408	0	0	0	0	0	3
22	17	0.0169984923	0.216648909	293.201672	293.2013	293.199989	293.203099	0.000622559408	0	0	0	0	0	3
23	17	0.0191914434	0.226496586	293.201373	293.201309	293.199989	293.203099	0.000622559408	0	0	0	0	0	3
24	18	0.0217763529	0.236344264	293.201675	293.201352	293.199989	293.203099	0.000622559408	0	0	0	0	0	3
25	18	0.0231420368	0.246191942	293.201669	293.201371	293.199989	293.203099	0.000622559408	0	0	0	0	0	3
26	19	0.0258547242	0.25603962	293.201402	293.201374	293.199989	293.203099	0.000622559408	0	0	0	0	0	3
27	19	0.0278804573	0.265887297	293.201423	293.201377	293.199989	293.203099	0.000622559408	0	0	0	0	0	3
28	20	0.0299997805	0.275734975	293.201154	293.201362	293.199989	293.203099	0.000622559408	0	0	0	0	0	3
29	20	0.0324741288	0.285582653	293.201161	293.201346	293.199989	293.203099	0.000622559408	0	0	0	0	0	3
30	20	0.0352134865	0.29543033	293.201202	293.201335	293.199989	293.203099	0.000622559408	0	0	0	0	0	3
31	21	0.0388169067	0.305278008	293.201254	293.201328	293.199989	293.203099	0.000622559408	0	0	0	0	0	3
32	21	0.0430319779	0.315125686	293.20113	293.201308	293.199989	293.203099	0.000622559408	0	0	0	0	0	3
33	22	0.0465632746	0.324973363	293.201135	293.201295	293.199989	293.203099	0.000622559408	0	0	0	0	0	3
34	22	0.0496613494	0.334821041	293.201084	293.201282	293.199989	293.203099	0.000622559408	0	0	0	0	0	3
35	23	0.0531469905	0.344668719	293.201133	293.201272	293.199989	293.203099	0.000622559408	0	0	0	0	0	3
36	23	0.0568472464	0.354516396	293.201191	293.201267	293.199989	293.203099	0.000622559408	0	0	0	0	0	3
37	24	0.060749512	0.364364074	293.201336	293.201271	293.199989	293.203099	0.000622559408	0	0	0	0	0	3
38	24	0.0646868567	0.374211752	293.201337	293.201275	293.199989	293.203099	0.000622559408	0	0	0	0	0	3
39	24	0.0689378284	0.384059429	293.20141	293.201284	293.199989	293.203099	0.000622559408	0	0	0	0	0	3
40	25	0.072688488	0.393907107	293.201729	293.201307	293.199989	293.203099	0.000622559408	0	0	0	0	0	3
41	26	0.0758202094	0.403754785	293.201932	293.201332	293.199989	293.203099	0.000622559408	0	0	0	0	0	3
42	26	0.0776129354	0.413602462	293.202035	293.201349	293.199989	293.203099	0.000622559408	0	0	0	0	0	3
43	27	0.079259393	0.42345014	293.202083	293.201364	293.199989	293.203099	0.000622559408	0	0	0	0	0	3
44	27	0.0813483603	0.433297818	293.201383	293.201364	293.199989	293.203099	0.000622559408	0	0	0	0	0	3
45	28	0.0839788925	0.443145495	293.202955	293.201414	293.199989	293.203099	0.000622559408	0	0	0	0	0	3
46	28	0.0854988066	0.452993173	293.201379	293.201414	293.199989	293.203099	0.000622559408	0	0	0	0	0	3
47	29	0.0880847982	0.462840851	293.201742	293.201423	293.199989	293.203099	0.000622559408	0	0	0	0	0	3
48	29	0.0903777953	0.472688528	293.201679	293.20143	293.199989	293.203099	0.000622559408	0	0	0	0	0	3
49	30	0.0926122799	0.482536206	293.202032	293.201444	293.199989	293.203099	0.000624307833	0	0	0	0	0	3
50	30	0.0956388844	0.492383884	293.201737	293.201453	293.199989	293.203099	0.000633561897	0	0	0	0	0	3
51	31	0.0997805486	0.502231561	293.201522	293.201456	293.199989	293.203099	0.000636419795	0	0	0	0	0	3
52	31	0.102923199	0.512079239	293.201439	293.201457	293.199989	293.203099	0.00063694222	0	0	0	0	0	3
53	32	0.106555066	0.521926917	293.201119	293.201445	293.199989	293.203099	0.00063694222	0	0	0	0	0	3
54	32	0.108572559	0.531774594	293.201232	293.201441	293.199989	293.203099	0.00063694222	0	0	0	0	0	3
55	33	0.112080061	0.541622272	293.2013	293.201436	293.199989	293.203099	0.00063694222	0	0	0	0	0	3
56	33	0.116203229	0.55146995	293.201262	293.201432	293.199989	293.203099	0.00063694222	0	0	0	0	0	3
57	34	0.11888086	0.561317627	293.20111	293.201427	293.199989	293.203099	0.00063694222	0	0	0	0	0	3
58	34	0.123541165	0.571165305	293.20119	293.201422	293.199989	293.203099	0.00063694222	0	0	0	0	0	3
59	35	0.126250441	0.581012983	293.201268	293.201418	293.199989	293.203099	0.00063694222	0	0	0	0	0	3
60	35	0.130695681	0.59086066	293.201145	293.201413	293.200602	293.203099	0.000627205208	0	0	0	0	0	3
61	35	0.135040193	0.600708338	293.201185	293.201407	293.200602	293.203099	0.000261873806	0	0	0	0	0	3
62	36	0.139505396	0.610556016	293.201383	293.201398	293.200602	293.202955	0.000261873806	0	0	0	0	0	3
63	36	0.14374839	0.620403693	293.201391	293.201397	293.200602	293.202955	0.000261873806	0	0	0	0	0	3
64	37	0.146451239	0.630251371	293.201578	293.201401	293.200602	293.202955	0.000261873806	0	0	0	0	0	3
65	37	0.149800872	0.640099049	293.201608	293.201405	293.200602	293.202955	0.000261873806	0	0	0	0	0	3
66	38	0.152825961	0.649946726	293.201981	293.201421	293.200931	293.202955	0.000261873806	0	0	0	0	0	3
67	39	0.15583218	0.659794404	293.202762	293.201453	293.201084	293.202955	0.000220035017	0	0	0	0	0	3
68	39	0.156462715	0.669642082	293.2006	293.201449	293.2006	293.202955	0.000220035017	0	0	0	0	0	3
69	40	0.157806368	0.679489759	293.201019	293.201445	293.2006	293.202955	0.000220035017	0	0	0	0	0	3
70	40	0.160511438	0.689337437	293.201782	293.201453	293.2006	293.202955	0.000220035017	0	0	0	0	0	3
71	41	0.163185997	0.699185115	293.202183	293.201467	293.2006	293.202955	0.000230606349	0	0	0	0	0	3
72	41	0.166402916	0.709032792	293.201954	293.201482	293.2006	293.202955	0.000215117014	0	0	0	0	0	3
73	42	0.169787325	0.71888047	293.201656	293.201483	293.2006	293.202955	0.0002158974	0	0	0	0	0	3
74	42	0.172238067	0.728728148	293.20185	293.20149	293.2006	293.202955	0.000223355844	0	0	0	0	0	3
75	43	0.175762631	0.738575825	293.201351	293.201484	293.2006	293.202955	0.000223355844	0	0	0	0	0	3
76	43	0.178442085	0.748423503	293.202163	293.201494	293.2006	293.202955	0.000227157053	0	0	0	0	0	3
77	44	0.181365526	0.758271181	293.201683	293.201499	293.2006	293.202955	0.000232322594	0	0	0	0	0	3
78	45	0.185477603	0.768118859	293.201523	293.201501	293.2006	293.202955	0.00023392049	0	0	0	0	0	3
79	45	0.188594487	0.777966536	293.201533	293.201506	293.2006	293.202955	0.000239184187	0	0	0	0	0	3
80	45	0.192184499	0.787814214	293.201525	293.201512	293.2006	293.202955	0.000244954992	0	0	0	0	0	3
81	46	0.196453996	0.797661892	293.201396	293.201514	293.2006	293.202955	0.000247153737	0	0	0	0	0	3
82	46	0.199746224	0.807509569	293.201124	293.201512	293.2006	293.202955	0.000247153737	0	0	0	0	0	3
83	47	0.202315436	0.817357247	293.201017	293.201514	293.2006	293.202955	0.000247153737	0	0	0	0	0	3
84	47	0.205692724	0.827204925	293.201218	293.201516	293.2006	293.202955	0.000249237743	0	0	0	0	0	3
85	47	0.209148876	0.837052602	293.201307	293.20152	293.2006	293.202955	0.000253106806	0	0	0	0	0	3
86	48	0.213007807	0.84690028	293.201343	293.201524	293.2006	293.202955	0.000257284244	0	0	0	0	0	3
87	48	0.217136775	0.856747958	293.201518	293.201532	293.2006	293.202955	0.000260359328	0	0	0	0	0	3
88	49	0.2210823	0.866595635	293.201544	293.201537	293.2006	293.202955	0.000261437201	0	0	0	0	0	3
89	49	0.225334184	0.876443313	293.201612	293.201544	293.2006	293.202955	0.000260056363	0	0	0	0	0	3
90	50	0.229093718	0.886290991	293.201838	293.201554	293.2006	293.202955	0.000247549212	0	0	0	0	0	3
91	50	0.232073448	0.896138668	293.20212	293.201561	293.2006	293.202955	0.000228204952	0	0	0	0	0	3
92	51	0.234666723	0.905986346	293.202381	293.201567	293.2006	293.202955	0.000218056963	0	0	0	0	0	3
93	52	0.235925444	0.915834024	293.201551	293.201561	293.2006	293.202955	0.000202811328	0	0	0	0	0	3
94	52	0.238428176	0.925681701	293.201593	293.201556	293.2006	293.202955	0.000202307517	0	0	0	0	0	3
95	53	0.241238934	0.935529379	293.202259	293.201571	293.2006	293.202955	0.000173472439	0	0	0	0	0	3
96	53	0.24332038	0.945377057	293.201402	293.201546	293.2006	293.202762	0.000173472439	0	0	0	0	0	3
97	54	0.246672184	0.955224734	293.201629	293.201549	293.2006	293.202762	0.000173472439	0	0	0	0	0	3
98	55	0.249096114	0.965072412	293.201723	293.201549	293.2006	293.202762	0.000173472439	0	0	0	0	0	3
99	55	0.253070008	0.97492009	293.201695	293.20155	293.2006	293.202762	0.000173472439	0	0	0	0	0	3
100	56	0.256525748	0.984767767	293.201924	293.201552	293.2006	293.202762	0.000173472439	0	0	0	0	0	3
101	57	0.259950591	0.994615445	293.202097	293.20156	293.2006	293.202762	0.000173472439	0	0	0	0	0	3
102	57	0.262694939	1.00446312	293.201854	293.201566	293.2006	293.202762	0.000173472439	0.000340563026	0	0	0	0	3
103	58	0.265063504	1.0143108	293.201834	293.201572	293.2006	293.202762	0.000174526008	0.000340563026	0	0	0	0	3
104	58	0.269417591	1.02415848	293.201664	293.201585	293.2006	293.202762	0.000187085838	0.000340563026	0	0	0	0	3
105	59	0.272532103	1.03400616	293.201609	293.201589	293.2006	293.202762	0.000191897443	0.000340563026	0	0	0	0	3
106	59	0.275882636	1.04385383	293.201501	293.201594	293.2006	293.202762	0.000196290791	0.000340563026	0	0	0	0	3
107	59	0.279054026	1.05370151	293.201377	293.201598	293.2006	293.202762	0.000200462395	0.000340563026	0	0	0	0	3
108	60	0.282674876	1.06354919	293.201384	293.201601	293.2006	293.202762	0.000203694432	0.000340563026	0	0	0	0	3
109	60	0.286349812	1.07339687	293.201392	293.201608	293.2006	293.202762	0.000210752102	0.000340563026	0	0	0	0	3
110	61	0.290255194	1.08324454	293.201444	293.20161	293.2006	293.202762	0.000212465476	0.000340563026	0	0	0	0	3
111	61	0.294246278	1.09309222	293.201626	293.201623	293.2006	293.202762	0.000225504301	0.000340563026	0	0	0	0	3
112	61	0.298135017	1.1029399	293.201673	293.201636	293.2006	293.202762	0.000238361362	0.000340563026	0	0	0	0	3
113	62	0.302512578	1.11278758	293.201715	293.201645	293.2006	293.202762	0.000247425168	0.000340563026	0	0	0	0	3
114	63	0.306504241	1.12263525	293.201841	293.201656	293.2006	293.202762	0.000255361403	0.000340563026	0	0	0	0	3
115	63	0.309276242	1.13248293	293.202173	293.201666	293.2006	293.202762	0.000261772583	0.000340563026	0	0	0	0	3
116	64	0.311816997	1.14233061	293.202293	293.201677	293.2006	293.202762	0.000256310956	0.000340563026	0	0	0	0	3
117	64	0.313454803	1.15217829	293.202604	293.201681	293.2006	293.202762	0.000235744225	0.000340563026	0	0	0	0	3
118	65	0.314754914	1.16202597	293.202198	293.201665	293.2006	293.202604	0.000235744225	0.000340563026	0	0	0	0	3
119	65	0.316866063	1.17187364	293.202099	293.201675	293.201017	293.202604	0.000235744225	0.000340563026	0	0	0	0	3
120	66	0.319556494	1.18172132	293.202228	293.20169	293.201017	293.202604	0.00023660625	0.000340563026	0	0	0	0	3
121	66	0.322435271	1.191569	293.201805	293.20169	293.201017	293.202604	0.000222605371	0.000340563026	0	0	0	0	3
122	67	0.32433422	1.20141668	293.202674	293.201693	293.201017	293.202674	0.000211449484	0.000340563026	0	0	0	0	3
123	68	0.325336196	1.21126435	293.201859	293.201689	293.201017	293.202674	0.000210669097	0.000340563026	0	0	0	0	3
124	68	0.327206669	1.22111203	293.202173	293.201696	293.201017	293.202674	0.000211733552	0.000340563026	0	0	0	0	3
125	69	0.329951097	1.23095971	293.202116	293.201701	293.201017	293.202674	0.000216645944	0.000340563026	0	0	0	0	3
126	69	0.333087845	1.24080739	293.202163	293.201718	293.201017	293.202674	0.000223608833	0.000340563026	0	0	0	0	3
127	70	0.33570316	1.25065506	293.202315	293.20172	293.201017	293.202674	0.000220798398	0.000340563026	0	0	0	0	3
128	70	0.339167223	1.26050274	293.202021	293.201727	293.201017	293.202674	0.000226483636	0.000340563026	0	0	0	0	3
129	71	0.342337744	1.27035042	293.201663	293.201731	293.201017	293.202674	0.000225284074	0.000340563026	0	0	0	0	3
130	71	0.345071573	1.2801981	293.201507	293.201731	293.201017	293.202674	0.000219547575	0.000340563026	0	0	0	0	3
131	72	0.348372159	1.29004578	293.201463	293.20173	293.201017	293.202674	0.000219513528	0.000340563026	0	0	0	0	3
132	72	0.352134052	1.29989345	293.201612	293.201737	293.201017	293.202674	0.000224898331	0.000340563026	0	0	0	0	3
133	72	0.354694761	1.30974113	293.201535	293.201746	293.201017	293.202674	0.000232467513	0.000340563026	0	0	0	0	3
134	73	0.358931299	1.31958881	293.201509	293.201752	293.201218	293.202674	0.000235879721	0.000340563026	0	0	0	0	3
135	73	0.362656409	1.32943649	293.201474	293.201757	293.201307	293.202674	0.000236907403	0.000340563026	0	0	0	0	3
136	74	0.366166624	1.33928416	293.201431	293.20176	293.201343	293.202674	0.000235341721	0.000340563026	0	0	0	0	3
137	74	0.370024135	1.34913184	293.201522	293.201764	293.201377	293.202674	0.000232215413	0.000340563026	0	0	0	0	3
138	75	0.374276027	1.35897952	293.201718	293.201769	293.201377	293.202674	0.000232394747	0.000340563026	0	0	0	0	3
139	75	0.378412251	1.3688272	293.201752	293.201774	293.201377	293.202674	0.000230703066	0.000340563026	0	0	0	0	3
140	76	0.382228905	1.37867487	293.201824	293.20178	293.201377	293.202674	0.000234053247	0.000340563026	0	0	0	0	3
141	76	0.384891657	1.38852255	293.201918	293.201781	293.201377	293.202674	0.00023501737	0.000340563026	0	0	0	0	3
142	77	0.387754825	1.39837023	293.202266	293.201783	293.201377	293.202674	0.00023743721	0.000340563026	0	0	0	0	3
143	77	0.390381588	1.40821791	293.202348	293.201783	293.201377	293.202674	0.00023743721	0.000340563026	0	0	0	0	3
144	78	0.391900298	1.41806558	293.202285	293.20179	293.201377	293.202674	0.000243766798	0.000340563026	0	0	0	0	3
145	78	0.393401801	1.42791326	293.202259	293.201797	293.201377	293.202674	0.000251490657	0.000340563026	0	0	0	0	3
146	79	0.39561597	1.43776094	293.201675	293.201787	293.201377	293.202674	0.000251490657	0.000340563026	0	0	0	0	3
147	79	0.398530699	1.44760862	293.203195	293.201819	293.201377	293.203195	0.000270119486	0.000340563026	0	0	0	0	3
148	80	0.400242726	1.4574563	293.202103	293.201826	293.201377	293.203195	0.000277433719	0.000340563026	0	0	0	0	3
149	81	0.402721429	1.46730397	293.202193	293.201834	293.201377	293.203195	0.000283239481	0.000340563026	0	0	0	0	3
150	81	0.405952684	1.47715165	293.202337	293.201848	293.201377	293.203195	0.000296154122	0.000340563026	0	0	0	0	3
151	82	0.408963677	1.48699933	293.201915	293.201848	293.201377	293.203195	0.00028819751	0.000340563026	0	0	0	0	3
152	82	0.412359803	1.49684701	293.202001	293.201845	293.201377	293.203195	0.000282293345	0.000340563026	0	0	0	0	3
153	83	0.41567801	1.50669468	293.202212	293.201853	293.201377	293.203195	0.000281129215	0.000340563026	0	0	0	0	3
154	83	0.418502244	1.51654236	293.201634	293.201849	293.201377	293.203195	0.000268569385	0.000340563026	0	0	0	0	3
155	84	0.421317027	1.52639004	293.201602	293.20185	293.201377	293.203195	0.00026375778	0.000340563026	0	0	0	0	3
156	84	0.424526546	1.53623772	293.20161	293.20185	293.201377	293.203195	0.000259364432	0.000340563026	0	0	0	0	3
157	85	0.4278592	1.54608539	293.201667	293.201854	293.201377	293.203195	0.000255749715	0.000340563026	0	0	0	0	3
158	85	0.432044895	1.55593307	293.201677	293.201859	293.201384	293.203195	0.000257565609	0.000340563026	0	0	0	0	3
159	85	0.436254164	1.56578075	293.201501	293.20186	293.201392	293.203195	0.000251894637	0.000340563026	0	0	0	0	3
160	86	0.439083785	1.57562843	293.201627	293.201867	293.201431	293.203195	0.000257134666	0.000340563026	0	0	0	0	3
161	86	0.443773242	1.58547611	293.201624	293.20187	293.201431	293.203195	0.000247415221	0.000340563026	0	0	0	0	3
162	87	0.448073574	1.59532378	293.201616	293.20187	293.201431	293.203195	0.00023455816	0.000340563026	0	0	0	0	3
163	87	0.452383298	1.60517146	293.201782	293.201872	293.201431	293.203195	0.000227214554	0.000340563026	0	0	0	0	3
164	88	0.456618663	1.61501914	293.201794	293.201874	293.201431	293.203195	0.000218120065	0.000340563026	0	0	0	0	3
165	88	0.460841944	1.62486682	293.201907	293.201876	293.201431	293.203195	0.000211233266	0.000340563026	0	0	0	0	3
166	89	0.46481983	1.63471449	293.202114	293.201877	293.201431	293.203195	0.000212041514	0.000340563026	0	0	0	0	3
167	89	0.467801344	1.64456217	293.202356	293.201879	293.201431	293.203195	0.000214410258	0.000340563026	0	0	0	0	3
168	90	0.470191425	1.65440985	293.202669	293.201884	293.201431	293.203195	0.00021888516	0.000340563026	0	0	0	0	3
169	90	0.471485219	1.66425753	293.202082	293.201883	293.201431	293.203195	0.000208988482	0.000340563026	0	0	0	0	3
170	91	0.473827615	1.6741052	293.201827	293.201879	293.201431	293.203195	0.000194637717	0.000340563026	0	0	0	0	3
171	92	0.476430819	1.68395288	293.202437	293.201882	293.201431	293.203195	0.000194637717	0.000340563026	0	0	0	0	3
172	92	0.4788446	1.69380056	293.201921	293.201884	293.201431	293.203195	0.000195246987	0.000340563026	0	0	0	0	3
173	93	0.482289276	1.70364824	293.202087	293.201879	293.201431	293.203195	0.000195246987	0.000340563026	0	0	0	0	3
174	93	0.485810681	1.71349592	293.202083	293.201884	293.201431	293.203195	0.000188786303	0.000340563026	0	0	0	0	3
175	94	0.488830798	1.72334359	293.202177	293.201886	293.201431	293.203195	0.000185514376	0.000340563026	0	0	0	0	3
176	94	0.492948135	1.73319127	293.202267	293.201892	293.201431	293.203195	0.000174220532	0.000340563026	0	0	0	0	3
177	95	0.496169621	1.74303895	293.202182	293.201892	293.201431	293.203195	0.000172387828	0.000340563026	0	0	0	0	3
178	96	0.499935883	1.75288663	293.202082	293.20189	293.201431	293.203195	0.000165104695	0.000340563026	0	0	0	0	3
179	96	0.504274759	1.7627343	293.201787	293.201885	293.201431	293.203195	0.000161930973	0.000340563026	0	0	0	0	3
180	96	0.507012323	1.77258198	293.201985	293.20189	293.201431	293.203195	0.000161930973	0.000340563026	0	0	0	0	3
181	97	0.511030369	1.78242966	293.20179	293.201894	293.201431	293.203195	0.000163897949	0.000340563026	0	0	0	0	3
182	97	0.514352984	1.79227734	293.201737	293.2019	293.201431	293.203195	0.000163012736	0.000340563026	0	0	0	0	3
183	98	0.517718331	1.80212501	293.201723	293.201903	293.201431	293.203195	0.00015626093	0.000340563026	0	0	0	0	3
184	98	0.521214233	1.81197269	293.201627	293.201903	293.201431	293.203195	0.000150715995	0.000340563026	0	0	0	0	3
185	99	0.524881246	1.82182037	293.201703	293.201908	293.201431	293.203195	0.000151322367	0.000340563026	0	0	0	0	3
186	99	0.528716474	1.83166805	293.201763	293.201915	293.201431	293.203195	0.000155099849	0.000340563026	0	0	0	0	3
187	99	0.532777856	1.84151572	293.201919	293.201925	293.201501	293.203195	0.0001609948	0.000340563026	0	0	0	0	3
188	100	0.536768275	1.8513634	293.201891	293.201933	293.201501	293.203195	0.000164253409	0.000340563026	0	0	0	0	3
189	100	0.540930534	1.86121108	293.202045	293.201942	293.201501	293.203195	0.000167313389	0.000340563026	0	0	0	0	3
190	101	0.544748789	1.87105876	293.202364	293.201956	293.201501	293.203195	0.000176106509	0.000340563026	0	0	0	0	3
191	101	0.547940539	1.88090644	293.202392	293.201968	293.201501	293.203195	0.000186586527	0.000340563026	0	0	0	0	3
192	102	0.549488116	1.89075411	293.202859	293.201977	293.201501	293.203195	0.000193783563	0.000340563026	0	0	0	0	3
193	103	0.55092267	1.90060179	293.202522	293.201976	293.201501	293.203195	0.000193783563	0.000340563026	0	0	0	0	3
194	103	0.553190997	1.91044947	293.202519	293.201978	293.201501	293.203195	0.000190761098	0.000340563026	0	0	0	0	3
195	104	0.55607817	1.92029715	293.202457	293.201984	293.201501	293.203195	0.000196349136	0.000340563026	0	0	0	0	3
196	104	0.558924388	1.93014482	293.201321	293.20197	293.201321	293.203195	0.000196349136	0.000340563026	0	0	0	0	3
197	105	0.559320827	1.9399925	293.20836	293.201989	293.201321	293.20836	0.000170315049	0.000340563026	0	0	0	0	3
198	105	0.560147341	1.94984018	293.207021	293.201993	293.201321	293.20836	0.000166981719	0.000340563026	0	0	0	0	3
199	106	0.561201696	1.95968786	293.203178	293.202	293.201321	293.20836	0.000166035947	0.000340563026	0	0	0	0	3
200	106	0.563006486	1.96953553	293.203452	293.202013	293.201321	293.20836	0.000167751682	0.000340563026	0	0	0	0	3
201	107	0.564185566	1.97938321	293.204866	293.202028	293.201321	293.20836	0.000182393493	0.000340563026	0	0	0	0	3
202	108	0.565401458	1.98923089	293.203549	293.202042	293.201321	293.20836	0.000196388672	0.000340563026	0	0	0	0	3
203	108	0.566866429	1.99907857	293.202482	293.202047	293.201321	293.20836	0.000197388409	0.000340563026	0	0	0	0	3
204	109	0.568173346	2.00892625	293.202412	293.202046	293.201321	293.20836	0.000197388409	0.000340563026	0	0	0	0	3
205	109	0.569508276	2.01877392	293.20205	293.202054	293.201321	293.20836	0.000204071964	0.000340563026	0	0	0	0	3
206	110	0.57091644	2.0286216	293.201746	293.20206	293.201321	293.20836	0.00020967125	0.000340563026	0	0	0	0	3
207	110	0.572716838	2.03846928	293.20157	293.202063	293.201321	293.20836	0.000209776105	0.000340563026	0	0	0	0	3
208	111	0.574599968	2.04831696	293.201734	293.202068	293.201321	293.20836	0.000209496312	0.000340563026	0	0	0	0	3
209	111	0.575979041	2.05816463	293.201569	293.202075	293.201321	293.20836	0.000214712842	0.000340563026	0	0	0	0	3
210	112	0.577847839	2.06801231	293.201965	293.20209	293.201321	293.20836	0.000223374374	0.000340563026	0	0	0	0	3
211	112	0.580847739	2.07785999	293.201926	293.202096	293.201321	293.20836	0.000226598981	0.000340563026	0	0	0	0	3
212	113	0.583715421	2.08770767	293.202035	293.202111	293.201321	293.20836	0.000241187703	0.000340563026	0	0	0	0	3
213	113	0.587134532	2.09755534	293.201985	293.202123	293.201321	293.20836	0.000250904141	0.000340563026	0	0	0	0	3
214	114	0.58968568	2.10740302	293.201966	293.202131	293.201321	293.20836	0.000256370883	0.000343254364	0	0	0	0	3
215	114	0.592168385	2.1172507	293.201819	293.202136	293.201321	293.20836	0.000259415733	0.000347035892	0	0	0	0	3
216	115	0.595630257	2.12709838	293.201776	293.202134	293.201321	293.20836	0.000258607486	0.000350751077	0	0	0	0	3
217	115	0.59924668	2.13694606	293.201867	293.202127	293.201321	293.20836	0.000256462988	0.000354401649	0	0	0	0	3
218	116	0.603110211	2.14679373	293.201837	293.202114	293.201321	293.20836	0.000256462988	0.000357989282	0	0	0	0	3
219	116	0.606561402	2.15664141	293.201957	293.2021	293.201321	293.20836	0.000256462988	0.000361515587	0	0	0	0	3
220	117	0.61059971	2.16648909	293.202123	293.202101	293.201321	293.20836	0.000256462988	0.000364982124	0	0	0	0	3
221	117	0.614826009	2.17633677	293.202109	293.202106	293.201321	293.20836	0.000256233787	0.0003683904	0	0	0	0	3
222	118	0.618509382	2.18618444	293.202231	293.202103	293.201321	293.20836	0.000256233787	0.000371741871	0	0	0	0	3
223	118	0.622860746	2.19603212	293.202538	293.202119	293.201321	293.20836	0.000256233787	0.000375037946	0	0	0	0	3
224	119	0.62627832	2.2058798	293.202612	293.202131	293.201321	293.20836	0.000251641853	0.000378279987	0	0	0	0	3
225	119	0.627878093	2.21572748	293.202796	293.20214	293.201321	293.20836	0.000255522975	0.000381469312	0	0	0	0	3
226	120	0.629418108	2.22557515	293.202509	293.202143	293.201321	293.20836	0.000258773784	0.000384607197	0	0	0	0	3
227	120	0.632112992	2.23542283	293.202809	293.202153	293.201321	293.20836	0.000267982163	0.000387694875	0	0	0	0	3
228	121	0.6346125	2.24527051	293.202428	293.202157	293.201321	293.20836	0.000272275286	0.000390733542	0	0	0	0	3
229	122	0.637589896	2.25511819	293.202554	293.202167	293.201321	293.20836	0.000282918715	0.000393724357	0	0	0	0	3
230	122	0.640650937	2.26496586	293.202413	293.202185	293.201321	293.20836	0.000294613055	0.000396668439	0	0	0	0	3
231	123	0.64439102	2.27481354	293.202645	293.202202	293.201321	293.20836	0.00030723547	0.000399566878	0	0	0	0	3
232	123	0.647640844	2.28466122	293.202131	293.202212	293.201321	293.20836	0.000312230034	0.000402420725	0	0	0	0	3
233	124	0.649941208	2.2945089	293.202869	293.202235	293.201321	293.20836	0.0003322086	0.000405231001	0	0	0	0	3
234	124	0.652685415	2.30435658	293.202443	293.202252	293.201321	293.20836	0.000349213699	0.000407998698	0	0	0	0	3
235	125	0.655859112	2.31420425	293.202278	293.202269	293.201321	293.20836	0.000360421768	0.000410724775	0	0	0	0	3
236	125	0.65891244	2.32405193	293.20229	293.202285	293.201321	293.20836	0.00036999223	0.000413410165	0	0	0	0	3
237	126	0.66231352	2.33389961	293.202096	293.202295	293.201321	293.20836	0.000369853949	0.000416055771	0	0	0	0	3
238	126	0.665490391	2.34374729	293.202113	293.202302	293.201321	293.20836	0.000368509663	0.00041866247	0	0	0	0	3
239	127	0.669522413	2.35359496	293.201912	293.202302	293.201321	293.20836	0.000360764628	0.000421231116	0	0	0	0	3
240	127	0.673352617	2.36344264	293.201909	293.202299	293.201321	293.20836	0.000346368234	0.000423762536	0	0	0	0	3
241	128	0.677193336	2.37329032	293.20193	293.202287	293.201321	293.20836	0.000334924093	0.000426257532	0	0	0	0	3
242	128	0.680788593	2.383138	293.201927	293.202274	293.201321	293.20836	0.000332737118	0.000428716885	0	0	0	0	3
243	128	0.684566427	2.39298567	293.201995	293.20226	293.201321	293.20836	0.000332737118	0.000431141353	0	0	0	0	3
244	129	0.688621789	2.40283335	293.202179	293.202255	293.201321	293.20836	0.000332737118	0.000433531675	0	0	0	0	3
245	129	0.692559845	2.41268103	293.202209	293.202249	293.201321	293.20836	0.000332737118	0.000435888565	0	0	0	0	3
246	130	0.696835316	2.42252871	293.202271	293.202246	293.201321	293.20836	0.000332737118	0.00043821272	0	0	0	0	3
247	130	0.700818735	2.43237639	293.202492	293.202271	293.201569	293.20836	0.000313275443	0.000440504819	0	0	0	0	3
248	131	0.703949893	2.44222406	293.202855	293.202267	293.201569	293.207021	0.00030929454	0.000442765518	0	0	0	0	3
249	131	0.705705338	2.45207174	293.2028	293.202246	293.201569	293.204866	0.00030270006	0.00044499546	0	0	0	0	3
250	132	0.707440239	2.46191942	293.202545	293.202243	293.201569	293.204866	0.000289333651	0.000447195267	0	0	0	0	3
251	132	0.7096674	2.4717671	293.202662	293.202235	293.201569	293.204866	0.00027469184	0.000449365547	0	0	0	0	3
252	133	0.712251342	2.48161477	293.202829	293.202224	293.201569	293.203549	0.000260696661	0.00045150689	0	0	0	0	3
253	134	0.715040675	2.49146245	293.20254	293.202219	293.201569	293.202869	0.000256096427	0.000453619871	0	0	0	0	3
254	134	0.718742589	2.50131013	293.202562	293.202225	293.201569	293.202869	0.000256096427	0.000455705049	0	0	0	0	3
255	135	0.722441454	2.51115781	293.202374	293.202227	293.201569	293.202869	0.000248353221	0.00045776297	0	0	0	0	3
256	135	0.72592274	2.52100548	293.201987	293.202223	293.201569	293.202869	0.000242753935	0.000459794165	0	0	0	0	3
257	136	0.729042369	2.53085316	293.202823	293.202239	293.201569	293.202869	0.000238958992	0.000461799151	0	0	0	0	3
258	136	0.732068558	2.54070084	293.202785	293.202257	293.201569	293.202869	0.000234190855	0.000463778432	0	0	0	0	3
259	137	0.734696828	2.55054852	293.202442	293.202266	293.201569	293.202869	0.000227587627	0.000465732499	0	0	0	0	3
260	137	0.738736751	2.5603962	293.202326	293.202274	293.201776	293.202869	0.000211972693	0.000467661831	0	0	0	0	3
261	138	0.740864795	2.57024387	293.202203	293.202276	293.201776	293.202869	0.000206200662	0.000469566894	0	0	0	0	3
262	138	0.74484196	2.58009155	293.202118	293.202279	293.201776	293.202869	0.000202500391	0.000471448145	0	0	0	0	3
263	139	0.747485552	2.58993923	293.20201	293.202279	293.201776	293.202869	0.000202500391	0.000473306026	0	0	0	0	3
264	139	0.752387259	2.59978691	293.201932	293.202275	293.201776	293.202869	0.000202500391	0.00047514097	0	0	0	0	3
265	140	0.755177782	2.60963458	293.202117	293.202277	293.201776	293.202869	0.000202500391	0.000476953399	0	0	0	0	3
266	140	0.758621317	2.61948226	293.201986	293.202278	293.201776	293.202869	0.000202500391	0.000478743726	0	0	0	0	3
267	140	0.762462432	2.62932994	293.20209	293.202284	293.201837	293.202869	0.000202500391	0.000480512352	0	0	0	0	3
268	141	0.766623308	2.63917762	293.202262	293.202292	293.201837	293.202869	0.000202500391	0.000482259669	0	0	0	0	3
269	141	0.77055832	2.64902529	293.202297	293.202303	293.201909	293.202869	0.000202808979	0.00048398606	0	0	0	0	3
270	142	0.774700368	2.65887297	293.202346	293.202311	293.201909	293.202869	0.000210121467	0.000485691898	0	0	0	0	3
271	142	0.778601849	2.66872065	293.20252	293.20232	293.201909	293.202869	0.000217544497	0.00048737755	0	0	0	0	3
272	143	0.781430802	2.67856833	293.202861	293.202335	293.201909	293.202869	0.000232091539	0.00048904337	0	0	0	0	3
273	144	0.784282416	2.688416	293.203029	293.202349	293.201909	293.203029	0.000230172849	0.000490689707	0	0	0	0	3
274	144	0.785667054	2.69826368	293.202746	293.202347	293.201909	293.203029	0.000217694719	0.0004923169	0	0	0	0	3
275	145	0.787969593	2.70811136	293.202292	293.202341	293.201909	293.203029	0.000209013074	0.000493925282	0	0	0	0	3
276	145	0.790609261	2.71795904	293.203482	293.202355	293.201909	293.203482	0.000211746568	0.000495515177	0	0	0	0	3
277	146	0.791918204	2.72780672	293.201911	293.20235	293.201909	293.203482	0.000202538189	0.000497086901	0	0	0	0	3
278	147	0.794587438	2.73765439	293.202418	293.202344	293.201909	293.203482	0.000198245067	0.000498640765	0	0	0	0	3
279	147	0.796951182	2.74750207	293.202529	293.202345	293.201909	293.203482	0.000187601637	0.000500177071	0	0	0	0	3
280	147	0.799723958	2.75734975	293.202572	293.202345	293.201909	293.203482	0.000169978923	0.000501696116	0	0	0	0	3
281	148	0.802815881	2.76719743	293.2025	293.202347	293.201909	293.203482	0.000153459681	0.000503198187	0	0	0	0	3
282	148	0.807446966	2.7770451	293.202378	293.202341	293.201909	293.203482	0.000143040809	0.00050468357	0	0	0	0	3
283	149	0.810740347	2.78689278	293.2026	293.20235	293.201909	293.203482	0.000135866704	0.000506152539	0	0	0	0	3
284	149	0.814018518	2.79674046	293.202472	293.202345	293.201909	293.203482	0.000135866704	0.000507605365	0	0	0	0	3
285	150	0.816336169	2.80658814	293.20194	293.202338	293.201909	293.203482	0.000135866704	0.000509042314	0	0	0	0	3
286	150	0.82123508	2.81643581	293.202118	293.202333	293.201909	293.203482	0.000135866704	0.000510463643	0	0	0	0	3
287	151	0.825605374	2.82628349	293.202256	293.202331	293.201909	293.203482	0.000135866704	0.000511869607	0	0	0	0	3
288	151	0.828369814	2.83613117	293.202178	293.202334	293.201909	293.203482	0.000135866704	0.000513260453	0	0	0	0	3
289	152	0.833339298	2.84597885	293.202181	293.202333	293.201909	293.203482	0.000135866704	0.000514636424	0	0	0	0	3
290	152	0.8376599	2.85582653	293.20217	293.202339	293.201909	293.203482	0.000135866704	0.000515997757	0	0	0	0	3
291	152	0.842088254	2.8656742	293.202196	293.202345	293.201911	293.203482	0.000135866704	0.000517344684	0	0	0	0	3
292	153	0.846374013	2.87552188	293.202314	293.202354	293.201911	293.203482	0.000135866704	0.000518677433	0	0	0	0	3
293	153	0.850651917	2.88536956	293.20231	293.202362	293.201911	293.203482	0.000142464613	0.000519996226	0	0	0	0	3
294	154	0.854937322	2.89521724	293.202427	293.202371	293.201911	293.203482	0.000152250574	0.000521301282	0	0	0	0	3
295	154	0.858576954	2.90506491	293.202779	293.202385	293.201911	293.203482	0.000165579645	0.000522592814	0	0	0	0	3
296	155	0.861847078	2.91491259	293.20304	293.202402	293.201911	293.203482	0.000182316809	0.000523871031	0	0	0	0	3
297	156	0.863177654	2.92476027	293.202768	293.202408	293.201911	293.203482	0.000188607914	0.000525136139	0	0	0	0	3
298	156	0.864859798	2.93460795	293.202961	293.202411	293.201911	293.203482	0.000192245024	0.000526249767	0	0	0	0	3
299	157	0.86709897	2.94445562	293.20237	293.202402	293.201911	293.203482	0.000192245024	0.000526607906	0	0	0	0	3
300	157	0.869772225	2.9543033	293.203105	293.20241	293.201911	293.203482	0.000192245024	0.000525770771	0	0	0	0	3
301	159	0.87239714	2.96415098	293.201868	293.2024	293.201868	293.203482	0.000192245024	0.00052494205	0	0	0	0	3
302	159	0.872688898	2.97399866	293.211862	293.202413	293.201868	293.211862	0.000193658646	0.000527951489	0	0	0	0	3
303	159	0.873486721	2.98384633	293.206664	293.202427	293.201868	293.211862	0.00020802231	0.000530930984	0	0	0	0	3
304	160	0.874471995	2.99369401	293.203499	293.202432	293.201868	293.211862	0.000208700422	0.000533880978	0	0	0	0	3
305	160	0.875819234	3.00354169	293.204495	293.202447	293.201868	293.211862	0.000223317473	0.000536801908	0	0	0	0	3
306	161	0.877817567	3.01338937	293.203361	293.20246	293.201868	293.211862	0.000236796723	0.000539694202	0	0	0	0	3
307	161	0.879576833	3.02323705	293.205083	293.202501	293.201868	293.211862	0.000261470002	0.000542558278	0	0	0	0	3
308	162	0.882140339	3.03308472	293.204291	293.202524	293.201868	293.211862	0.000266960498	0.000545394548	0	0	0	0	3
309	162	0.883497654	3.0429324	293.203951	293.202532	293.201868	293.211862	0.000265350252	0.000548203414	0	0	0	0	3
310	163	0.886213549	3.05278008	293.203528	293.202551	293.201868	293.211862	0.000277387857	0.000550985271	0	0	0	0	3
311	163	0.888676187	3.06262776	293.203152	293.202567	293.201868	293.211862	0.000292419067	0.00055363206	0	0	0	0	3
312	164	0.890948518	3.07247543	293.202668	293.202574	293.201868	293.211862	0.000299100056	0.00055625364	0	0	0	0	3
313	164	0.893372144	3.08232311	293.202572	293.202586	293.201868	293.211862	0.000311276246	0.000558850372	0	0	0	0	3
314	165	0.896508533	3.09217079	293.202685	293.202598	293.201868	293.211862	0.000323573698	0.000561422606	0	0	0	0	3
315	165	0.899361853	3.10201847	293.202997	293.202628	293.201868	293.211862	0.000351424949	0.000563970687	0	0	0	0	3
316	166	0.903288902	3.11186614	293.202807	293.202643	293.201868	293.211862	0.000364994668	0.000566494955	0	0	0	0	3
317	166	0.906546004	3.12171382	293.202658	293.202658	293.201868	293.211862	0.000374514369	0.000568995741	0	0	0	0	3
318	167	0.909665621	3.1315615	293.202474	293.202669	293.201868	293.211862	0.000376955195	0.000571442633	0	0	0	0	3
319	167	0.912772402	3.14140918	293.202612	293.202679	293.201868	293.211862	0.000376711139	0.000573866973	0	0	0	0	3
320	168	0.916012194	3.15125686	293.202733	293.202691	293.201868	293.211862	0.000380102421	0.000576253504	0	0	0	0	3
321	168	0.919842705	3.16110453	293.202724	293.202702	293.201868	293.211862	0.000381447051	0.00057861824	0	0	0	0	3
322	168	0.924044243	3.17095221	293.20291	293.202713	293.201868	293.211862	0.000381329995	0.000580961479	0	0	0	0	3
323	169	0.928139647	3.18079989	293.202937	293.202716	293.201868	293.211862	0.000384733795	0.000583283512	0	0	0	0	3
324	169	0.930365767	3.19064757	293.202955	293.202714	293.201868	293.211862	0.000384733795	0.000585584625	0	0	0	0	3
325	170	0.934702852	3.20049524	293.203046	293.202723	293.201868	293.211862	0.000391624372	0.000587865101	0	0	0	0	3
326	170	0.938093968	3.21034292	293.203406	293.202745	293.201868	293.211862	0.000413653546	0.000590125216	0	0	0	0	3
327	171	0.941057959	3.2201906	293.20368	293.20275	293.201868	293.211862	0.0004191388	0.00059236524	0	0	0	0	3
328	172	0.942255817	3.23003828	293.203309	293.202762	293.201868	293.211862	0.000430901508	0.000594585441	0	0	0	0	3
329	172	0.943778968	3.23988595	293.202937	293.20277	293.201868	293.211862	0.00043885469	0.000596786082	0	0	0	0	3
330	173	0.94674648	3.24973363	293.203418	293.202787	293.201868	293.211862	0.000455490208	0.000598967418	0	0	0	0	3
331	173	0.949188483	3.25958131	293.203103	293.202796	293.201868	293.211862	0.000464648111	0.000601129703	0	0	0	0	3
332	174	0.952322333	3.26942899	293.203132	293.202809	293.201868	293.211862	0.000477817336	0.000603273186	0	0	0	0	3
333	174	0.954826095	3.27927667	293.203071	293.202827	293.201868	293.211862	0.000495820203	0.00060539811	0	0	0	0	3
334	175	0.958404493	3.28912434	293.203119	293.202839	293.201868	293.211862	0.000507940822	0.000607504716	0	0	0	0	3
335	175	0.962259747	3.29897202	293.203024	293.202852	293.201868	293.211862	0.00052084801	0.00060959324	0	0	0	0	3
336	176	0.966727089	3.3088197	293.203269	293.202879	293.201868	293.211862	0.000547298006	0.000611663913	0	0	0	0	3
337	177	0.96964955	3.31866738	293.203323	293.202912	293.201868	293.211862	0.00058117417	0.000613716963	0	0	0	0	3
338	177	0.972881164	3.32851505	293.203058	293.202935	293.201868	293.211862	0.000601901785	0.000615752615	0	0	0	0	3
339	177	0.976063313	3.33836273	293.202775	293.202946	293.201868	293.211862	0.000612623372	0.000617771088	0	0	0	0	3
340	178	0.979896019	3.34821041	293.20281	293.202968	293.201868	293.211862	0.000629082435	0.000619772599	0	0	0	0	3
341	178	0.983157674	3.35805809	293.202715	293.202986	293.201868	293.211862	0.000641119487	0.000621757361	0	0	0	0	3
342	179	0.986786159	3.36790576	293.202579	293.203	293.201868	293.211862	0.000646476039	0.000623725583	0	0	0	0	3
343	179	0.989887086	3.37775344	293.202615	293.203012	293.201868	293.211862	0.000650731701	0.000625677472	0	0	0	0	3
344	180	0.993563617	3.38760112	293.202675	293.203025	293.201868	293.211862	0.000653293658	0.000627613229	0	0	0	0	3
345	180	0.997645097	3.3974488	293.202758	293.203035	293.201868	293.211862	0.00065029159	0.000629533054	0	0	0	0	3
346	180	1	3.40729647	293.202813	293.203038	293.201868	293.211862	0.000638442356	0.000631437143	0	0	0	0	3
