Iteration	CPUTime	PhysTime	Travels	Value	AvValue	MinValue	MaxValue	Delta	Criteria	PrevAvRefValue	Progress	CriteriaType	CriteriaVarType	CriteriaPercentage
1	3	0.000187504834	0.00984767767	112.337536	112.337536	112.337536	112.337536	0	0	0	0	0	0	3
2	4	0.00037087218	0.0196953553	25.8769832	69.5895408	25.8769832	112.337536	42.7479947	0	0	0	0	0	3
3	5	0.000551517441	0.029543033	5.52893918	48.6069876	5.52893918	112.337536	63.7305479	0	0	0	0	0	3
4	5	0.00073197824	0.0393907107	7.81519513	38.5502413	5.52893918	112.337536	73.7872943	0	0	0	0	0	3
5	6	0.000923820617	0.0492383884	6.79101721	31.9550593	5.52893918	112.337536	80.3824762	0	0	0	0	0	3
6	7	0.00126214981	0.059086066	9.43881106	25.9194017	5.52893918	112.337536	86.4181338	0	0	0	0	0	3
7	7	0.0016506141	0.0689337437	7.53848691	21.5935396	5.52893918	112.337536	90.7439959	0	0	0	0	0	3
8	8	0.00205722973	0.0787814214	9.13766045	19.1316098	5.52893918	112.337536	93.2059257	0	0	0	0	0	3
9	9	0.00246504433	0.0886290991	10.2543274	17.6629606	5.52893918	112.337536	94.6745749	0	0	0	0	0	3
10	9	0.00287595495	0.0984767767	7.80022116	16.2537924	5.52893918	112.337536	96.0837432	0	0	0	0	0	3
11	10	0.00351205838	0.108324454	6.5724236	14.5003045	5.52893918	112.337536	97.8372311	0	0	0	0	0	3
12	11	0.00420971329	0.118172132	7.06973763	13.2688735	5.52893918	112.337536	99.068662	0	0	0	0	0	3
13	11	0.00492048413	0.12801981	6.13083881	12.2377743	5.52893918	112.337536	100.099761	0	0	0	0	0	3
14	12	0.00567247201	0.137867487	6.6567931	11.4979152	5.52893918	112.337536	100.83962	0	0	0	0	0	3
15	12	0.00650913531	0.147715165	4.66072802	10.6190852	4.66072802	112.337536	101.71845	0	0	0	0	0	3
16	13	0.00780993695	0.157562843	5.07657065	9.69593919	4.66072802	112.337536	102.641596	0	0	0	0	0	3
17	14	0.00904087654	0.16741052	3.87102508	8.9028615	3.87102508	112.337536	103.434674	0	0	0	0	0	3
18	14	0.0101581185	0.177258198	3.0303093	8.25696809	3.0303093	112.337536	104.080567	0	0	0	0	0	3
19	15	0.0111482278	0.187105876	3.94399994	7.87391979	3.0303093	112.337536	104.463616	0	0	0	0	0	3
20	15	0.0124559939	0.196953553	4.87980231	7.55956468	3.0303093	112.337536	104.777971	0	0	0	0	0	3
21	16	0.0145199302	0.206801231	4.22373649	7.08539318	3.0303093	112.337536	105.252142	0	0	0	0	0	3
22	17	0.0169984923	0.216648909	4.42727694	6.69781139	3.0303093	112.337536	105.639724	0	0	0	0	0	3
23	17	0.0191914434	0.226496586	3.26397776	6.30543708	3.0303093	112.337536	106.032098	0	0	0	0	0	3
24	18	0.0217763529	0.236344264	4.15438906	6.05010211	3.0303093	112.337536	106.287433	0	0	0	0	0	3
25	18	0.0231420368	0.246191942	2.65697664	5.84986318	2.65697664	112.337536	106.487672	0	0	0	0	0	3
26	19	0.0258547242	0.25603962	2.13908164	5.46052658	2.13908164	112.337536	106.877009	0	0	0	0	0	3
27	19	0.0278804573	0.265887297	2.08796471	5.21548361	2.08796471	112.337536	107.122052	0	0	0	0	0	3
28	20	0.0299997805	0.275734975	1.16713005	4.92948919	1.16713005	112.337536	107.408046	0	0	0	0	0	3
29	20	0.0324741288	0.285582653	1.43749744	4.66341881	1.16713005	112.337536	107.674117	0	0	0	0	0	3
30	20	0.0352134865	0.29543033	2.07367338	4.46195511	1.16713005	112.337536	107.87558	0	0	0	0	0	3
31	21	0.0388169067	0.305278008	2.88492513	4.31555752	1.16713005	112.337536	108.021978	0	0	0	0	0	3
32	21	0.0430319779	0.315125686	3.43822345	4.22962083	1.16713005	112.337536	108.107915	0	0	0	0	0	3
33	22	0.0465632746	0.324973363	4.81588621	4.27408242	1.16713005	112.337536	108.107915	0	0	0	0	0	3
34	22	0.0496613494	0.334821041	5.32456399	4.33961569	1.16713005	112.337536	108.107915	0	0	0	0	0	3
35	23	0.0531469905	0.344668719	4.96631033	4.3807174	1.16713005	112.337536	108.107915	0	0	0	0	0	3
36	23	0.0568472464	0.354516396	4.9924638	4.42053672	1.16713005	112.337536	108.107915	0	0	0	0	0	3
37	24	0.060749512	0.364364074	4.71216655	4.43926966	1.16713005	112.337536	108.107915	0	0	0	0	0	3
38	24	0.0646868567	0.374211752	4.60889336	4.44959427	1.16713005	112.337536	108.107915	0	0	0	0	0	3
39	24	0.0689378284	0.384059429	4.43443653	4.44865959	1.16713005	112.337536	108.107915	0	0	0	0	0	3
40	25	0.072688488	0.393907107	4.75798613	4.46462056	1.16713005	112.337536	108.107915	0	0	0	0	0	3
41	26	0.0758202094	0.403754785	5.27325735	4.49802095	1.16713005	112.337536	108.107915	0	0	0	0	0	3
42	26	0.0776129354	0.413602462	6.23320524	4.53810074	1.16713005	112.337536	108.107915	0	0	0	0	0	3
43	27	0.079259393	0.42345014	5.79372198	4.5641838	1.16713005	112.337536	108.107915	0	0	0	0	0	3
44	27	0.0813483603	0.433297818	6.99404225	4.62658081	1.16713005	112.337536	108.107915	0	0	0	0	0	3
45	28	0.0839788925	0.443145495	7.25450967	4.70889735	1.16713005	112.337536	108.107915	0	0	0	0	0	3
46	28	0.0854988066	0.452993173	6.91517863	4.74811846	1.16713005	112.337536	108.107915	0	0	0	0	0	3
47	29	0.0880847982	0.462840851	5.31238887	4.7646843	1.16713005	112.337536	108.107915	0	0	0	0	0	3
48	29	0.0903777953	0.472688528	4.62155473	4.76105292	1.16713005	112.337536	108.107915	0	0	0	0	0	3
49	30	0.0926122799	0.482536206	5.21408915	4.77198346	1.16713005	112.337536	108.107915	0	0	0	0	0	3
50	30	0.0956388844	0.492383884	4.35686182	4.75884645	1.16713005	112.337536	108.107915	0	0	0	0	0	3
51	31	0.0997805486	0.502231561	3.4074707	4.70275391	1.16713005	112.337536	108.107915	0	0	0	0	0	3
52	31	0.102923199	0.512079239	2.78111109	4.44752526	1.16713005	25.8769832	24.7098532	0	0	0	0	0	3
53	32	0.106555066	0.521926917	0.993066226	4.29236468	0.993066226	10.2543274	9.2612612	0	0	0	0	0	3
54	32	0.108572559	0.531774594	1.02296115	4.22923458	0.993066226	10.2543274	9.2612612	0	0	0	0	0	3
55	33	0.112080061	0.541622272	1.52300228	4.13817562	0.993066226	10.2543274	9.2612612	0	0	0	0	0	3
56	33	0.116203229	0.55146995	2.38063861	4.07089953	0.993066226	10.2543274	9.2612612	0	0	0	0	0	3
57	34	0.11888086	0.561317627	4.51267509	4.06551595	0.993066226	10.2543274	9.2612612	0	0	0	0	0	3
58	34	0.123541165	0.571165305	3.71693197	4.04112003	0.993066226	10.2543274	9.2612612	0	0	0	0	0	3
59	35	0.126250441	0.581012983	4.55904926	4.0357323	0.993066226	10.2543274	9.2612612	0	0	0	0	0	3
60	35	0.130695681	0.59086066	5.31656581	4.06035651	0.993066226	7.80022116	6.80715494	0	0	0	0	0	3
61	35	0.135040193	0.600708338	5.30651336	4.08969269	0.993066226	7.25450967	6.26144344	0	0	0	0	0	3
62	36	0.139505396	0.610556016	4.64161319	4.09620156	0.993066226	7.25450967	6.26144344	0	0	0	0	0	3
63	36	0.14374839	0.620403693	4.70970952	4.09998982	0.993066226	7.25450967	6.26144344	0	0	0	0	0	3
64	37	0.146451239	0.630251371	4.54086823	4.09821042	0.993066226	7.25450967	6.26144344	0	0	0	0	0	3
65	37	0.149800872	0.640099049	4.73779819	4.09972546	0.993066226	7.25450967	6.26144344	0	0	0	0	0	3
66	38	0.152825961	0.649946726	4.53368392	4.10548962	0.993066226	7.25450967	5.66020689	0	0	0	0	0	3
67	39	0.15583218	0.659794404	4.85331675	4.11214367	0.993066226	7.25450967	4.86712921	0	0	0	0	0	3
68	39	0.156462715	0.669642082	6.45550035	4.12417969	0.993066226	7.25450967	4.22123579	0	0	0	0	0	3
69	40	0.157806368	0.679489759	7.2342615	4.1607598	0.993066226	7.25450967	3.83818749	0	0	0	0	0	3
70	40	0.160511438	0.689337437	6.98076985	4.21326897	0.993066226	7.25450967	3.52383238	0	0	0	0	0	3
71	41	0.163185997	0.699185115	5.98839044	4.23898381	0.993066226	7.25450967	3.04966088	0	0	0	0	0	3
72	41	0.166402916	0.709032792	5.5524833	4.26701125	0.993066226	7.25450967	2.6620791	0	0	0	0	0	3
73	42	0.169787325	0.71888047	4.73763747	4.27483619	0.993066226	7.25450967	2.26970479	0	0	0	0	0	3
74	42	0.172238067	0.728728148	4.65980257	4.2954849	0.993066226	7.25450967	2.01436981	0	0	0	0	0	3
75	43	0.175762631	0.738575825	2.25566326	4.25116431	0.993066226	7.25450967	1.81413089	0	0	0	0	0	3
76	43	0.178442085	0.748423503	4.70668479	4.27304262	0.993066226	7.25450967	1.42479428	0	0	0	0	0	3
77	44	0.181365526	0.758271181	3.14399657	4.28904196	0.993066226	7.25450967	1.17975131	0	0	0	0	0	3
78	45	0.185477603	0.768118859	1.89827153	4.25495354	0.993066226	7.25450967	0.89375689	0	0	0	0	0	3
79	45	0.188594487	0.777966536	1.73713535	4.24673353	0.993066226	7.25450967	0.736251167	0	0	0	0	0	3
80	45	0.192184499	0.787814214	1.78106892	4.23483237	0.993066226	7.25450967	0.736251167	0	0	0	0	0	3
81	46	0.196453996	0.797661892	2.89836412	4.23616046	0.993066226	7.25450967	0.736251167	0	0	0	0	0	3
82	46	0.199746224	0.807509569	3.8036077	4.25756741	0.993066226	7.25450967	0.736251167	0	0	0	0	0	3
83	47	0.202315436	0.817357247	4.63935127	4.28540757	0.993066226	7.25450967	0.736251167	0	0	0	0	0	3
84	47	0.205692724	0.827204925	4.53540873	4.27894144	0.993066226	7.25450967	0.736251167	0	0	0	0	0	3
85	47	0.209148876	0.837052602	4.53920002	4.26426992	0.993066226	7.25450967	0.736251167	0	0	0	0	0	3
86	48	0.213007807	0.84690028	4.78002221	4.26141239	0.993066226	7.25450967	0.736251167	0	0	0	0	0	3
87	48	0.217136775	0.856747958	4.44863716	4.249359	0.993066226	7.25450967	0.736251167	0	0	0	0	0	3
88	49	0.2210823	0.866595635	4.56121529	4.24576921	0.993066226	7.25450967	0.736251167	0	0	0	0	0	3
89	49	0.225334184	0.876443313	4.78806855	4.25122245	0.993066226	7.25450967	0.736251167	0	0	0	0	0	3
90	50	0.229093718	0.886290991	4.79551605	4.25913631	0.993066226	7.25450967	0.736251167	0	0	0	0	0	3
91	50	0.232073448	0.896138668	4.90671646	4.25950397	0.993066226	7.25450967	0.736251167	0	0	0	0	0	3
92	51	0.234666723	0.905986346	5.12683993	4.25367726	0.993066226	7.25450967	0.736251167	0	0	0	0	0	3
93	52	0.235925444	0.915834024	6.0033346	4.24517243	0.993066226	7.25450967	0.736251167	0	0	0	0	0	3
94	52	0.238428176	0.925681701	6.75167772	4.26856576	0.993066226	7.25450967	0.736251167	0	0	0	0	0	3
95	53	0.241238934	0.935529379	7.00686458	4.28109473	0.993066226	7.25450967	0.736251167	0	0	0	0	0	3
96	53	0.24332038	0.945377057	5.34729456	4.24593486	0.993066226	7.2342615	0.736251167	0	0	0	0	0	3
97	54	0.246672184	0.955224734	4.99180573	4.23627441	0.993066226	7.2342615	0.736251167	0	0	0	0	0	3
98	55	0.249096114	0.965072412	4.94509425	4.22966187	0.993066226	7.2342615	0.736251167	0	0	0	0	0	3
99	55	0.253070008	0.97492009	3.57369718	4.20811601	0.993066226	7.2342615	0.736251167	0	0	0	0	0	3
100	56	0.256525748	0.984767767	4.51643339	4.20090265	0.993066226	7.2342615	0.723114156	0	0	0	0	0	3
101	57	0.259950591	0.994615445	3.22870271	4.17776578	0.993066226	7.2342615	0.667021614	0	0	0	0	0	3
102	57	0.262694939	1.00446312	2.70919965	4.17260999	0.993066226	7.2342615	0.411792962	1.01388583	0	100	0	0	3
103	58	0.265063504	1.0143108	1.51428744	4.16074733	0.993066226	7.2342615	0.259752607	1.01388583	0	100	0	0	3
104	58	0.269417591	1.02415848	1.727074	4.16632365	1.02296115	7.2342615	0.259752607	1.01388583	0	100	0	0	3
105	59	0.272532103	1.03400616	2.89257364	4.1808065	1.51428744	7.2342615	0.259752607	1.01388583	0	100	0	0	3
106	59	0.275882636	1.04385383	3.83314842	4.23060677	1.51428744	7.2342615	0.259752607	1.01388583	0	100	0	0	3
107	59	0.279054026	1.05370151	4.44881511	4.28169497	1.51428744	7.2342615	0.259752607	1.01388583	0	100	0	0	3
108	60	0.282674876	1.06354919	4.99724367	4.29373701	1.51428744	7.2342615	0.259752607	1.01388583	0	100	0	0	3
109	60	0.286349812	1.07339687	5.19199063	4.33052322	1.51428744	7.2342615	0.294790919	1.01388583	0	100	0	0	3
110	61	0.290255194	1.08324454	5.27775213	4.34930408	1.51428744	7.2342615	0.288947568	1.01388583	0	100	0	0	3
111	61	0.294246278	1.09309222	4.62550669	4.32975439	1.51428744	7.2342615	0.259611391	1.01388583	0	100	0	0	3
112	61	0.298135017	1.1029399	4.76336209	4.31407423	1.51428744	7.2342615	0.25310252	1.01388583	0	100	0	0	3
113	62	0.302512578	1.11278758	4.59403388	4.31262038	1.51428744	7.2342615	0.251093664	1.01388583	0	100	0	0	3
114	63	0.306504241	1.12263525	4.71000679	4.31201448	1.51428744	7.2342615	0.251093664	1.01388583	0	100	0	0	3
115	63	0.309276242	1.13248293	4.85357039	4.31743524	1.51428744	7.2342615	0.249578618	1.01388583	0	100	0	0	3
116	64	0.311816997	1.14233061	5.2390747	4.32319762	1.51428744	7.2342615	0.243814466	1.01388583	0	100	0	0	3
117	64	0.313454803	1.15217829	5.96757785	4.33600003	1.51428744	7.2342615	0.237160409	1.01388583	0	100	0	0	3
118	65	0.314754914	1.16202597	5.89315228	4.33895306	1.51428744	7.2342615	0.225124389	1.01388583	0	100	0	0	3
119	65	0.316866063	1.17187364	7.016332	4.36587137	1.51428744	7.2342615	0.205124041	1.01388583	0	100	0	0	3
120	66	0.319556494	1.18172132	6.5301445	4.37804265	1.51428744	7.016332	0.217295319	1.01388583	0	100	0	0	3
121	66	0.322435271	1.191569	6.22720965	4.36743756	1.51428744	7.016332	0.217295319	1.01388583	0	100	0	0	3
122	67	0.32433422	1.20141668	3.66666471	4.33227697	1.51428744	7.016332	0.217295319	1.01388583	0	100	0	0	3
123	68	0.325336196	1.21126435	2.79070301	4.29786048	1.51428744	7.016332	0.217295319	1.01388583	0	100	0	0	3
124	68	0.327206669	1.22111203	3.79279672	4.28240435	1.51428744	7.016332	0.217295319	1.01388583	0	100	0	0	3
125	69	0.329951097	1.23095971	3.53391494	4.2635151	1.51428744	7.016332	0.217295319	1.01388583	0	100	0	0	3
126	69	0.333087845	1.24080739	4.00551855	4.30335317	1.51428744	7.016332	0.217295319	1.01388583	0	100	0	0	3
127	70	0.33570316	1.25065506	4.19529042	4.29468398	1.51428744	7.016332	0.217295319	1.01388583	0	100	0	0	3
128	70	0.339167223	1.26050274	3.10546853	4.28989601	1.51428744	7.016332	0.217295319	1.01388583	0	100	0	0	3
129	71	0.342337744	1.27035042	0.715215763	4.28033937	0.715215763	7.016332	0.217295319	1.01388583	0	100	0	0	3
130	71	0.345071573	1.2801981	1.17305429	4.27670998	0.715215763	7.016332	0.217295319	1.01388583	0	100	0	0	3
131	72	0.348372159	1.29004578	0.839961357	4.26144692	0.715215763	7.016332	0.217295319	1.01388583	0	100	0	0	3
132	72	0.352134052	1.29989345	1.82910397	4.24005346	0.715215763	7.016332	0.217295319	1.01388583	0	100	0	0	3
133	72	0.354694761	1.30974113	3.79923549	4.24204168	0.715215763	7.016332	0.217295319	1.01388583	0	100	0	0	3
134	73	0.358931299	1.31958881	3.53346274	4.21635658	0.715215763	7.016332	0.217295319	1.01388583	0	100	0	0	3
135	73	0.362656409	1.32943649	4.64263045	4.2196082	0.715215763	7.016332	0.217295319	1.01388583	0	100	0	0	3
136	74	0.366166624	1.33928416	5.24196462	4.23542891	0.715215763	7.016332	0.217295319	1.01388583	0	100	0	0	3
137	74	0.370024135	1.34913184	5.13468794	4.24413726	0.715215763	7.016332	0.217295319	1.01388583	0	100	0	0	3
138	75	0.374276027	1.35897952	4.49053415	4.24543089	0.715215763	7.016332	0.217295319	1.01388583	0	100	0	0	3
139	75	0.378412251	1.3688272	4.50300412	4.24428327	0.715215763	7.016332	0.217295319	1.01388583	0	100	0	0	3
140	76	0.382228905	1.37867487	5.28182814	4.25478609	0.715215763	7.016332	0.217295319	1.01388583	0	100	0	0	3
141	76	0.384891657	1.38852255	4.31648226	4.24279228	0.715215763	7.016332	0.217295319	1.01388583	0	100	0	0	3
142	77	0.387754825	1.39837023	4.05266785	4.22658821	0.715215763	7.016332	0.217295319	1.01388583	0	100	0	0	3
143	77	0.390381588	1.40821791	4.60582334	4.21799276	0.715215763	7.016332	0.217295319	1.01388583	0	100	0	0	3
144	78	0.391900298	1.41806558	5.13013461	4.21246642	0.715215763	7.016332	0.217295319	1.01388583	0	100	0	0	3
145	78	0.393401801	1.42791326	5.90677915	4.18787548	0.715215763	7.016332	0.217295319	1.01388583	0	100	0	0	3
146	79	0.39561597	1.43776094	6.21595896	4.16563786	0.715215763	7.016332	0.217295319	1.01388583	0	100	0	0	3
147	79	0.398530699	1.44760862	6.77800491	4.19884949	0.715215763	7.016332	0.217295319	1.01388583	0	100	0	0	3
148	80	0.400242726	1.4574563	5.9987837	4.20160849	0.715215763	7.016332	0.217295319	1.01388583	0	100	0	0	3
149	81	0.402721429	1.46730397	4.9438224	4.20185305	0.715215763	7.016332	0.217295319	1.01388583	0	100	0	0	3
150	81	0.405952684	1.47715165	5.33601195	4.2421518	0.715215763	7.016332	0.217295319	1.01388583	0	100	0	0	3
151	82	0.408963677	1.48699933	3.77064559	4.22662058	0.715215763	7.016332	0.217295319	1.01388583	0	100	0	0	3
152	82	0.412359803	1.49684701	3.06295215	4.22311519	0.715215763	7.016332	0.217295319	1.01388583	0	100	0	0	3
153	83	0.41567801	1.50669468	2.99647222	4.22366725	0.715215763	7.016332	0.217295319	1.01388583	0	100	0	0	3
154	83	0.418502244	1.51654236	2.60393127	4.23567744	0.715215763	7.016332	0.212404791	1.01388583	0	100	0	0	3
155	84	0.421317027	1.52639004	2.7358573	4.27979222	0.715215763	7.016332	0.212404791	1.01388583	0	100	0	0	3
156	84	0.424526546	1.53623772	1.85119297	4.25693529	0.715215763	7.016332	0.212404791	1.01388583	0	100	0	0	3
157	85	0.4278592	1.54608539	1.95988735	4.2159069	0.715215763	7.016332	0.212404791	1.01388583	0	100	0	0	3
158	85	0.432044895	1.55593307	2.70563065	4.16975906	0.715215763	7.016332	0.212404791	1.01388583	0	100	0	0	3
159	85	0.436254164	1.56578075	4.12538565	4.14903376	0.715215763	7.016332	0.229008894	1.01388583	0	100	0	0	3
160	86	0.439083785	1.57562843	4.1025362	4.12307771	0.715215763	7.016332	0.254964942	1.01388583	0	100	0	0	3
161	86	0.443773242	1.58547611	4.58922402	4.10794286	0.715215763	7.016332	0.27009979	1.01388583	0	100	0	0	3
162	87	0.448073574	1.59532378	5.1882224	4.1247144	0.715215763	7.016332	0.27009979	1.01388583	0	100	0	0	3
163	87	0.452383298	1.60517146	4.62658461	4.12263585	0.715215763	7.016332	0.27009979	1.01388583	0	100	0	0	3
164	88	0.456618663	1.61501914	4.61638096	4.12281506	0.715215763	7.016332	0.27009979	1.01388583	0	100	0	0	3
165	88	0.460841944	1.62486682	4.65074651	4.12207468	0.715215763	7.016332	0.27009979	1.01388583	0	100	0	0	3
166	89	0.46481983	1.63471449	4.50420659	4.11881109	0.715215763	7.016332	0.27009979	1.01388583	0	100	0	0	3
167	89	0.467801344	1.64456217	5.05719157	4.11850003	0.715215763	7.016332	0.27009979	1.01388583	0	100	0	0	3
168	90	0.470191425	1.65440985	5.18566567	4.11545149	0.715215763	7.016332	0.27009979	1.01388583	0	100	0	0	3
169	90	0.471485219	1.66425753	6.03250755	4.11653021	0.715215763	7.016332	0.27009979	1.01388583	0	100	0	0	3
170	91	0.473827615	1.6741052	7.15790946	4.12291522	0.715215763	7.15790946	0.27009979	1.01388583	0	100	0	0	3
171	92	0.476430819	1.68395288	6.96293437	4.12875852	0.715215763	7.15790946	0.259494696	1.01388583	0	100	0	0	3
172	92	0.4788446	1.69380056	5.40187782	4.10978304	0.715215763	7.15790946	0.224334111	1.01388583	0	100	0	0	3
173	93	0.482289276	1.70364824	5.04739488	4.13555764	0.715215763	7.15790946	0.19541031	1.01388583	0	100	0	0	3
174	93	0.485810681	1.71349592	4.61610657	4.15449972	0.715215763	7.15790946	0.19541031	1.01388583	0	100	0	0	3
175	94	0.488830798	1.72334359	4.42972626	4.16382859	0.715215763	7.15790946	0.19541031	1.01388583	0	100	0	0	3
176	94	0.492948135	1.73319127	3.59391529	4.16003851	0.715215763	7.15790946	0.19541031	1.01388583	0	100	0	0	3
177	95	0.496169621	1.74303895	2.88256442	4.1377756	0.715215763	7.15790946	0.186741118	1.01388583	0	100	0	0	3
178	96	0.499935883	1.75288663	2.07715051	4.08960449	0.715215763	7.15790946	0.200291521	1.01388583	0	100	0	0	3
179	96	0.504274759	1.7627343	1.87039579	4.05193351	0.715215763	7.15790946	0.228405862	1.01388583	0	100	0	0	3
180	96	0.507012323	1.77258198	2.6101709	4.0922082	0.839961357	7.15790946	0.227858714	1.01388583	0	100	0	0	3
181	97	0.511030369	1.78242966	3.76755438	4.13243502	0.839961357	7.15790946	0.227858714	1.01388583	0	100	0	0	3
182	97	0.514352984	1.79227734	3.6211646	4.18767235	1.82910397	7.15790946	0.227858714	1.01388583	0	100	0	0	3
183	98	0.517718331	1.80212501	5.03714587	4.25852119	1.85119297	7.15790946	0.227858714	1.01388583	0	100	0	0	3
184	98	0.521214233	1.81197269	5.54335962	4.29255784	1.85119297	7.15790946	0.240624339	1.01388583	0	100	0	0	3
185	99	0.524881246	1.82182037	5.32385807	4.33472553	1.85119297	7.15790946	0.282792028	1.01388583	0	100	0	0	3
186	99	0.528716474	1.83166805	5.06006384	4.34457052	1.85119297	7.15790946	0.29263701	1.01388583	0	100	0	0	3
187	99	0.532777856	1.84151572	4.67474887	4.33371251	1.85119297	7.15790946	0.29263701	1.01388583	0	100	0	0	3
188	100	0.536768275	1.8513634	4.80955955	4.32657018	1.85119297	7.15790946	0.29263701	1.01388583	0	100	0	0	3
189	100	0.540930534	1.86121108	4.47489367	4.32609136	1.85119297	7.15790946	0.29263701	1.01388583	0	100	0	0	3
190	101	0.544748789	1.87105876	4.66926149	4.32956961	1.85119297	7.15790946	0.29263701	1.01388583	0	100	0	0	3
191	101	0.547940539	1.88090644	5.45387702	4.32929243	1.85119297	7.15790946	0.29263701	1.01388583	0	100	0	0	3
192	102	0.549488116	1.89075411	5.93737011	4.34461922	1.85119297	7.15790946	0.292685712	1.01388583	0	100	0	0	3
193	103	0.55092267	1.90060179	6.39033701	4.36772792	1.85119297	7.15790946	0.315794414	1.01388583	0	100	0	0	3
194	103	0.553190997	1.91044947	6.72340352	4.39670673	1.85119297	7.15790946	0.344773221	1.01388583	0	100	0	0	3
195	104	0.55607817	1.92029715	6.86190056	4.43327425	1.85119297	7.15790946	0.381340746	1.01388583	0	100	0	0	3
196	104	0.558924388	1.93014482	11.2734312	4.53752649	1.85119297	11.2734312	0.485592986	1.01388583	0	100	0	0	3
197	105	0.559320827	1.9399925	-8.67650747	4.48282502	-8.67650747	11.2734312	0.485592986	1.01388583	0	100	0	0	3
198	105	0.560147341	1.94984018	-9.86927096	4.36803463	-9.86927096	11.2734312	0.485592986	1.01388583	0	100	0	0	3
199	106	0.561201696	1.95968786	-4.98759385	4.28940568	-9.86927096	11.2734312	0.485592986	1.01388583	0	100	0	0	3
200	106	0.563006486	1.96953553	2.13245205	4.25499851	-9.86927096	11.2734312	0.485592986	1.01388583	0	100	0	0	3
201	107	0.564185566	1.97938321	11.4784724	4.28674934	-9.86927096	11.4784724	0.485592986	1.01388583	0	100	0	0	3
202	108	0.565401458	1.98923089	7.62753347	4.3226487	-9.86927096	11.4784724	0.485592986	1.01388583	0	100	0	0	3
203	108	0.566866429	1.99907857	5.46729149	4.36119045	-9.86927096	11.4784724	0.485592986	1.01388583	0	100	0	0	3
204	109	0.568173346	2.00892625	5.32722033	4.39916498	-9.86927096	11.4784724	0.485592986	1.01388583	0	100	0	0	3
205	109	0.569508276	2.01877392	3.75060498	4.42700744	-9.86927096	11.4784724	0.485592986	1.01388583	0	100	0	0	3
206	110	0.57091644	2.0286216	3.57274107	4.45078609	-9.86927096	11.4784724	0.485592986	1.01388583	0	100	0	0	3
207	110	0.572716838	2.03846928	-0.381399005	4.44838101	-9.86927096	11.4784724	0.485592986	1.01388583	0	100	0	0	3
208	111	0.574599968	2.04831696	1.45017642	4.46642151	-9.86927096	11.4784724	0.485592986	1.01388583	0	100	0	0	3
209	111	0.575979041	2.05816463	-0.620414748	4.46888802	-9.86927096	11.4784724	0.485592986	1.01388583	0	100	0	0	3
210	112	0.577847839	2.06801231	1.99293267	4.44642115	-9.86927096	11.4784724	0.485592986	1.01388583	0	100	0	0	3
211	112	0.580847739	2.07785999	1.49915397	4.39091732	-9.86927096	11.4784724	0.485592986	1.01388583	0	100	0	0	3
212	113	0.583715421	2.08770767	1.07695642	4.31636269	-9.86927096	11.4784724	0.485592986	1.01388583	0	100	0	0	3
213	113	0.587134532	2.09755534	1.72919104	4.22579009	-9.86927096	11.4784724	0.485592986	1.01388583	0	100	0	0	3
214	114	0.58968568	2.10740302	3.08495243	4.19201238	-9.86927096	11.4784724	0.485592986	1.01388583	0	100	0	0	3
215	114	0.592168385	2.1172507	3.67403301	4.16926541	-9.86927096	11.4784724	0.485592986	1.01388583	0	100	0	0	3
216	115	0.595630257	2.12709838	4.75150189	4.16913333	-9.86927096	11.4784724	0.485592986	1.01608485	0	100	0	0	3
217	115	0.59924668	2.13694606	4.85504019	4.17767066	-9.86927096	11.4784724	0.485592986	1.02757164	0	100	0	0	3
218	116	0.603110211	2.14679373	5.08681774	4.18424979	-9.86927096	11.4784724	0.485592986	1.03886038	0	100	0	0	3
219	116	0.606561402	2.15664141	4.93632463	4.18573171	-9.86927096	11.4784724	0.485592986	1.04995615	0	100	0	0	3
220	117	0.61059971	2.16648909	4.50627902	4.17786136	-9.86927096	11.4784724	0.485592986	1.06086386	0	100	0	0	3
221	117	0.614826009	2.17633677	4.7990672	4.14697411	-9.86927096	11.4784724	0.485592986	1.07158824	0	100	0	0	3
222	118	0.618509382	2.18618444	4.85277343	4.11367708	-9.86927096	11.4784724	0.485592986	1.08213388	0	100	0	0	3
223	118	0.622860746	2.19603212	4.51213084	4.10412525	-9.86927096	11.4784724	0.485592986	1.09250522	0	100	0	0	3
224	119	0.62627832	2.2058798	4.72596315	4.09631854	-9.86927096	11.4784724	0.485592986	1.10270653	0	100	0	0	3
225	119	0.627878093	2.21572748	6.36077082	4.10893385	-9.86927096	11.4784724	0.485592986	1.11274197	0	100	0	0	3
226	120	0.629418108	2.22557515	6.43550166	4.12752813	-9.86927096	11.4784724	0.485592986	1.12261555	0	100	0	0	3
227	120	0.632112992	2.23542283	6.34531643	4.1862624	-9.86927096	11.4784724	0.485592986	1.13233115	0	100	0	0	3
228	121	0.6346125	2.24527051	6.34757188	4.25561992	-9.86927096	11.4784724	0.485592986	1.14189253	0	100	0	0	3
229	122	0.637589896	2.25511819	6.22572062	4.35783602	-9.86927096	11.4784724	0.485592986	1.15130335	0	100	0	0	3
230	122	0.640650937	2.26496586	4.83748672	4.4477412	-9.86927096	11.4784724	0.445318294	1.16056711	0	100	0	0	3
231	123	0.64439102	2.27481354	4.63065799	4.48933855	-9.86927096	11.4784724	0.441207953	1.16968726	0	100	0	0	3
232	123	0.647640844	2.28466122	2.51492977	4.4635988	-9.86927096	11.4784724	0.441207953	1.17866709	0	100	0	0	3
233	124	0.649941208	2.2945089	4.64350865	4.48729513	-9.86927096	11.4784724	0.441207953	1.18750983	0	100	0	0	3
234	124	0.652685415	2.30435658	3.45874662	4.45267196	-9.86927096	11.4784724	0.441207953	1.19621858	0	100	0	0	3
235	125	0.655859112	2.31420425	2.12691305	4.36953333	-9.86927096	11.4784724	0.441207953	1.20479638	0	100	0	0	3
236	125	0.65891244	2.32405193	2.0049051	4.28955564	-9.86927096	11.4784724	0.441207953	1.21324615	0	100	0	0	3
237	126	0.66231352	2.33389961	1.43029613	4.19464601	-9.86927096	11.4784724	0.441207953	1.22157074	0	100	0	0	3
238	126	0.665490391	2.34374729	2.44041508	4.13796074	-9.86927096	11.4784724	0.441207953	1.2297729	0	100	0	0	3
239	127	0.669522413	2.35359496	3.58747593	4.10105396	-9.86927096	11.4784724	0.441207953	1.23785533	0	100	0	0	3
240	127	0.673352617	2.36344264	3.53366379	4.0728922	-9.86927096	11.4784724	0.464634287	1.24582062	0	100	0	0	3
241	128	0.677193336	2.37329032	4.52150794	4.06870869	-9.86927096	11.4784724	0.468817798	1.25367131	0	100	0	0	3
242	128	0.680788593	2.383138	4.67903068	4.05194634	-9.86927096	11.4784724	0.485580156	1.26140984	0	100	0	0	3
243	128	0.684566427	2.39298567	4.83314206	4.05219352	-9.86927096	11.4784724	0.485580156	1.2690386	0	100	0	0	3
244	129	0.688621789	2.40283335	4.35227635	4.03667238	-9.86927096	11.4784724	0.500854109	1.27655992	0	100	0	0	3
245	129	0.692559845	2.41268103	4.26925492	3.99951586	-9.86927096	11.4784724	0.538010633	1.28397604	0	100	0	0	3
246	130	0.696835316	2.42252871	4.32820598	3.95078727	-9.86927096	11.4784724	0.586739217	1.29128916	0	100	0	0	3
247	130	0.700818735	2.43237639	4.72966178	3.82576994	-9.86927096	11.4784724	0.663568605	1.29850141	0	100	0	0	3
248	131	0.703949893	2.44222406	5.41581326	3.89446342	-9.86927096	11.4784724	0.663568605	1.30561487	0	100	0	0	3
249	131	0.705705338	2.45207174	5.41018199	3.99089701	-4.98759385	11.4784724	0.663568605	1.31263154	0	100	0	0	3
250	132	0.707440239	2.46191942	5.94676779	4.07883385	-0.620414748	11.4784724	0.663568605	1.31955339	0	100	0	0	3
251	132	0.7096674	2.4717671	7.32956343	4.15215065	-0.620414748	11.4784724	0.663568605	1.32638233	0	100	0	0	3
252	133	0.712251342	2.48161477	6.4000862	4.13303898	-0.620414748	7.62753347	0.663568605	1.33312022	0	100	0	0	3
253	134	0.715040675	2.49146245	6.03244171	4.14005012	-0.620414748	7.32956343	0.663568605	1.33976886	0	100	0	0	3
254	134	0.718742589	2.50131013	5.67069159	4.16455648	-0.620414748	7.32956343	0.663568605	1.34633002	0	100	0	0	3
255	135	0.722441454	2.51115781	4.72654527	4.16818144	-0.620414748	7.32956343	0.663568605	1.35280542	0	100	0	0	3
256	135	0.72592274	2.52100548	2.15222554	4.12687653	-0.620414748	7.32956343	0.663568605	1.35919672	0	100	0	0	3
257	136	0.729042369	2.53085316	5.81081277	4.16503327	-0.620414748	7.32956343	0.663568605	1.36550555	0	100	0	0	3
258	136	0.732068558	2.54070084	2.74412315	4.18941607	-0.620414748	7.32956343	0.663568605	1.3717335	0	100	0	0	3
259	137	0.734696828	2.55054852	2.99668526	4.20205546	-0.620414748	7.32956343	0.663568605	1.37788211	0	100	0	0	3
260	137	0.738736751	2.5603962	2.51220914	4.20097219	1.07695642	7.32956343	0.663568605	1.38395289	0	100	0	0	3
261	138	0.740864795	2.57024387	1.62845298	4.19270278	1.07695642	7.32956343	0.663568605	1.38994731	0	100	0	0	3
262	138	0.74484196	2.58009155	1.70842297	4.18172671	1.07695642	7.32956343	0.663568605	1.3958668	0	100	0	0	3
263	139	0.747485552	2.58993923	3.34906896	4.22265167	1.43029613	7.32956343	0.663568605	1.40171276	0	100	0	0	3
264	139	0.752387259	2.59978691	3.74154869	4.25997144	1.43029613	7.32956343	0.663568605	1.40748654	0	100	0	0	3
265	140	0.755177782	2.60963458	3.91394776	4.27225033	1.43029613	7.32956343	0.663568605	1.41318948	0	100	0	0	3
266	140	0.758621317	2.61948226	4.93398242	4.2948627	1.43029613	7.32956343	0.663568605	1.41882287	0	100	0	0	3
267	140	0.762462432	2.62932994	4.63795786	4.29328651	1.43029613	7.32956343	0.663568605	1.42438797	0	100	0	0	3
268	141	0.766623308	2.63917762	4.32040982	4.28182325	1.43029613	7.32956343	0.663568605	1.42988603	0	100	0	0	3
269	141	0.77055832	2.64902529	4.40183461	4.26606986	1.43029613	7.32956343	0.663568605	1.43531824	0	100	0	0	3
270	142	0.774700368	2.65887297	4.84052494	4.26646384	1.43029613	7.32956343	0.663568605	1.44068579	0	100	0	0	3
271	142	0.778601849	2.66872065	4.80649541	4.27324039	1.43029613	7.32956343	0.663568605	1.44598981	0	100	0	0	3
272	143	0.781430802	2.67856833	4.93059456	4.27106352	1.43029613	7.32956343	0.663568605	1.45123143	0	100	0	0	3
273	144	0.784282416	2.688416	5.21701014	4.27441039	1.43029613	7.32956343	0.663568605	1.45641175	0	100	0	0	3
274	144	0.785667054	2.69826368	6.41002437	4.28621978	1.43029613	7.32956343	0.663568605	1.46153183	0	100	0	0	3
275	145	0.787969593	2.70811136	7.22671876	4.3187989	1.43029613	7.32956343	0.663568605	1.46659272	0	100	0	0	3
276	145	0.790609261	2.71795904	7.343203	4.34778371	1.43029613	7.343203	0.663568605	1.47159544	0	100	0	0	3
277	146	0.791918204	2.72780672	6.06200158	4.34180646	1.43029613	7.343203	0.663568605	1.47654098	0	100	0	0	3
278	147	0.794587438	2.73765439	5.76475357	4.3319523	1.43029613	7.343203	0.663568605	1.48143032	0	100	0	0	3
279	147	0.796951182	2.74750207	5.33306688	4.31549486	1.43029613	7.343203	0.663568605	1.48626442	0	100	0	0	3
280	147	0.799723958	2.75734975	4.54623924	4.28436202	1.43029613	7.343203	0.663568605	1.4910442	0	100	0	0	3
281	148	0.802815881	2.76719743	4.50599946	4.27814704	1.43029613	7.343203	0.663568605	1.49577058	0	100	0	0	3
282	148	0.807446966	2.7770451	3.00429804	4.23388172	1.43029613	7.343203	0.661525189	1.50044444	0	100	0	0	3
283	149	0.810740347	2.78689278	1.4959902	4.21284776	1.43029613	7.343203	0.661525189	1.50506666	0	100	0	0	3
284	149	0.814018518	2.79674046	1.63842887	4.15537447	1.43029613	7.343203	0.626902018	1.50963808	0	100	0	0	3
285	150	0.816336169	2.80658814	1.9463887	4.13577195	1.43029613	7.343203	0.543763391	1.51415954	0	100	0	0	3
286	150	0.82123508	2.81643581	1.32994743	4.09120698	1.32994743	7.343203	0.52201377	1.51863185	0	100	0	0	3
287	151	0.825605374	2.82628349	2.73627992	4.09389896	1.32994743	7.343203	0.52201377	1.52305582	0	100	0	0	3
288	151	0.828369814	2.83613117	4.44710933	4.15433362	1.32994743	7.343203	0.52201377	1.52743222	0	100	0	0	3
289	152	0.833339298	2.84597885	4.66960477	4.20202848	1.32994743	7.343203	0.52201377	1.53176181	0	100	0	0	3
290	152	0.8376599	2.85582653	5.00669181	4.23744307	1.32994743	7.343203	0.52201377	1.53604534	0	100	0	0	3
291	152	0.842088254	2.8656742	5.12807666	4.27679254	1.32994743	7.343203	0.52201377	1.54028354	0	100	0	0	3
292	153	0.846374013	2.87552188	4.81041692	4.28475505	1.32994743	7.343203	0.52201377	1.54447713	0	100	0	0	3
293	153	0.850651917	2.88536956	4.78795822	4.28908284	1.32994743	7.343203	0.52201377	1.54862681	0	100	0	0	3
294	154	0.854937322	2.89521724	4.25249135	4.27609837	1.32994743	7.343203	0.52201377	1.55273326	0	100	0	0	3
295	154	0.858576954	2.90506491	4.51836395	4.27946884	1.32994743	7.343203	0.52201377	1.55679716	0	100	0	0	3
296	155	0.861847078	2.91491259	5.23812695	4.29822485	1.32994743	7.343203	0.52201377	1.56081916	0	100	0	0	3
297	156	0.863177654	2.92476027	6.68508992	4.31654684	1.32994743	7.343203	0.52201377	1.56479991	0	100	0	0	3
298	156	0.864859798	2.93460795	6.47958037	4.32869578	1.32994743	7.343203	0.453320292	1.56874004	0	100	0	0	3
299	157	0.86709897	2.94445562	6.71097778	4.34052792	1.32994743	7.343203	0.356886703	1.57264017	0	100	0	0	3
300	157	0.869772225	2.9543033	6.53846561	4.36489559	1.32994743	7.343203	0.286061741	1.57380178	0	100	0	0	3
301	159	0.87239714	2.96415098	10.7429698	4.44975114	1.32994743	10.7429698	0.358544159	1.5725492	0	100	0	0	3
302	159	0.872688898	2.97399866	-3.4946912	4.39618971	-3.4946912	10.7429698	0.358544159	1.57288246	0	100	0	0	3
303	159	0.873486721	2.98384633	-1.13523874	4.33670493	-3.4946912	10.7429698	0.358544159	1.57281181	0	100	0	0	3
304	160	0.874471995	2.99369401	-6.8535601	4.23788208	-6.8535601	10.7429698	0.358544159	1.57456224	0	100	0	0	3
305	160	0.875819234	3.00354169	-2.16930963	4.1491601	-6.8535601	10.7429698	0.358544159	1.57629542	0	100	0	0	3
306	161	0.877817567	3.01338937	0.0643641101	4.0828793	-6.8535601	10.7429698	0.366871847	1.57801161	0	100	0	0	3
307	161	0.879576833	3.02323705	4.55731235	4.13205347	-6.8535601	10.7429698	0.366871847	1.57971105	0	100	0	0	3
308	162	0.882140339	3.03308472	4.35706448	4.10161356	-6.8535601	10.7429698	0.366871847	1.581394	0	100	0	0	3
309	162	0.883497654	3.0429324	5.85349798	4.14444471	-6.8535601	10.7429698	0.366871847	1.58306068	0	100	0	0	3
310	163	0.886213549	3.05278008	5.73106028	4.19279385	-6.8535601	10.7429698	0.366871847	1.58471134	0	100	0	0	3
311	163	0.888676187	3.06262776	3.8022228	4.2316602	-6.8535601	10.7429698	0.366871847	1.5863462	0	100	0	0	3
312	164	0.890948518	3.07247543	2.21354663	4.2380161	-6.8535601	10.7429698	0.366871847	1.58796549	0	100	0	0	3
313	164	0.893372144	3.08232311	3.3413467	4.29111922	-6.8535601	10.7429698	0.366871847	1.58956944	0	100	0	0	3
314	165	0.896508533	3.09217079	3.07622516	4.28226163	-6.8535601	10.7429698	0.366871847	1.59115825	0	100	0	0	3
315	165	0.899361853	3.10201847	3.70922853	4.28917011	-6.8535601	10.7429698	0.366871847	1.59273215	0	100	0	0	3
316	166	0.903288902	3.11186614	3.65567418	4.27944293	-6.8535601	10.7429698	0.366871847	1.59429133	0	100	0	0	3
317	166	0.906546004	3.12171382	4.18628238	4.26215465	-6.8535601	10.7429698	0.366871847	1.59583601	0	100	0	0	3
318	167	0.909665621	3.1315615	5.61794412	4.28108115	-6.8535601	10.7429698	0.366871847	1.59736639	0	100	0	0	3
319	167	0.912772402	3.14140918	4.6747681	4.2883303	-6.8535601	10.7429698	0.366871847	1.59888266	0	100	0	0	3
320	168	0.916012194	3.15125686	4.40602189	4.28788106	-6.8535601	10.7429698	0.366871847	1.60038503	0	100	0	0	3
321	168	0.919842705	3.16110453	5.10758351	4.2937429	-6.8535601	10.7429698	0.366871847	1.60187367	0	100	0	0	3
322	168	0.924044243	3.17095221	4.55207479	4.28745104	-6.8535601	10.7429698	0.366871847	1.60334878	0	100	0	0	3
323	169	0.928139647	3.18079989	3.59574054	4.25574023	-6.8535601	10.7429698	0.366871847	1.60481054	0	100	0	0	3
324	169	0.930365767	3.19064757	4.61711485	4.24248267	-6.8535601	10.7429698	0.366871847	1.60625913	0	100	0	0	3
325	170	0.934702852	3.20049524	4.77100889	4.23772545	-6.8535601	10.7429698	0.366871847	1.60769473	0	100	0	0	3
326	170	0.938093968	3.21034292	4.36464153	4.1947485	-6.8535601	10.7429698	0.366871847	1.60911751	0	100	0	0	3
327	171	0.941057959	3.2201906	4.24619553	4.14052147	-6.8535601	10.7429698	0.366871847	1.61052764	0	100	0	0	3
328	172	0.942255817	3.23003828	5.21866636	4.13238216	-6.8535601	10.7429698	0.366871847	1.6119253	0	100	0	0	3
329	172	0.943778968	3.23988595	6.87409858	4.13116806	-6.8535601	10.7429698	0.366871847	1.61331064	0	100	0	0	3
330	173	0.94674648	3.24973363	6.45971826	4.15833193	-6.8535601	10.7429698	0.366871847	1.61468383	0	100	0	0	3
331	173	0.949188483	3.25958131	5.5177658	4.17334661	-6.8535601	10.7429698	0.366871847	1.61604502	0	100	0	0	3
332	174	0.952322333	3.26942899	4.9650321	4.18306182	-6.8535601	10.7429698	0.366871847	1.61739438	0	100	0	0	3
333	174	0.954826095	3.27927667	4.78283967	4.23029141	-6.8535601	10.7429698	0.366871847	1.61873206	0	100	0	0	3
334	175	0.958404493	3.28912434	4.39305642	4.29521938	-6.8535601	10.7429698	0.366871847	1.6200582	0	100	0	0	3
335	175	0.962259747	3.29897202	3.00918138	4.3205255	-6.8535601	10.7429698	0.366871847	1.62137297	0	100	0	0	3
336	176	0.966727089	3.3088197	3.10002702	4.32085821	-6.8535601	10.7429698	0.366871847	1.62267649	0	100	0	0	3
337	177	0.96964955	3.31866738	2.90531494	4.39170936	-6.8535601	10.7429698	0.366871847	1.62396892	0	100	0	0	3
338	177	0.972881164	3.32851505	2.12056511	4.39099811	-6.8535601	10.7429698	0.366871847	1.6252504	0	100	0	0	3
339	177	0.976063313	3.33836273	1.72171677	4.33243652	-6.8535601	10.7429698	0.366871847	1.62652106	0	100	0	0	3
340	178	0.979896019	3.34821041	2.13854759	4.26362983	-6.8535601	10.7429698	0.366871847	1.62778105	0	100	0	0	3
341	178	0.983157674	3.35805809	3.44105928	4.22312463	-6.8535601	10.7429698	0.366871847	1.62903049	0	100	0	0	3
342	179	0.986786159	3.36790576	3.96557086	4.18897087	-6.8535601	10.7429698	0.366871847	1.63026952	0	100	0	0	3
343	179	0.989887086	3.37775344	4.78920936	4.18338202	-6.8535601	10.7429698	0.366871847	1.63149827	0	100	0	0	3
344	180	0.993563617	3.38760112	4.4364752	4.17179575	-6.8535601	10.7429698	0.366871847	1.63271686	0	100	0	0	3
345	180	0.997645097	3.3974488	4.49638995	4.178656	-6.8535601	10.7429698	0.366871847	1.63392542	0	100	0	0	3
346	180	1	3.40729647	4.6191885	4.17724887	-6.8535601	10.7429698	0.366871847	1.63512408	0	100	0	0	3
