Iteration	CPUTime	PhysTime	Travels	Value	AvValue	MinValue	MaxValue	Delta	Criteria	PrevAvRefValue	Progress	CriteriaType	CriteriaVarType	CriteriaPercentage
1	3	0.000187504834	0.00984767767	-0.00227782339	-0.00227782339	-0.00227782339	-0.00227782339	0	0	0	0	0	0	3
2	4	0.00037087218	0.0196953553	-0.00227842139	-0.00227811905	-0.00227842139	-0.00227782339	2.95664761e-07	0	0	0	0	0	3
3	5	0.000551517441	0.029543033	-0.00220280178	-0.00225344946	-0.00227842139	-0.00220280178	2.46695882e-05	0	0	0	0	0	3
4	5	0.00073197824	0.0393907107	-0.00216630165	-0.00223196417	-0.00227842139	-0.00216630165	4.61548782e-05	0	0	0	0	0	3
5	6	0.000923820617	0.0492383884	-0.0022805458	-0.00224205273	-0.0022805458	-0.00216630165	4.61548782e-05	0	0	0	0	0	3
6	7	0.00126214981	0.059086066	-0.00238466677	-0.00228028155	-0.00238466677	-0.00216630165	4.83173734e-05	0	0	0	0	0	3
7	7	0.0016506141	0.0689337437	-0.00259007308	-0.00235318953	-0.00259007308	-0.00216630165	0.000121225358	0	0	0	0	0	3
8	8	0.00205722973	0.0787814214	-0.00254148616	-0.00239040674	-0.00259007308	-0.00216630165	0.000158442568	0	0	0	0	0	3
9	9	0.00246504433	0.0886290991	-0.00286568641	-0.00246903656	-0.00286568641	-0.00216630165	0.000237072385	0	0	0	0	0	3
10	9	0.00287595495	0.0984767767	-0.00302828214	-0.00254894043	-0.00302828214	-0.00216630165	0.000316976263	0	0	0	0	0	3
11	10	0.00351205838	0.108324454	-0.00243080964	-0.0025275446	-0.00302828214	-0.00216630165	0.000316976263	0	0	0	0	0	3
12	11	0.00420971329	0.118172132	-0.00289045756	-0.00258768837	-0.00302828214	-0.00216630165	0.000355724197	0	0	0	0	0	3
13	11	0.00492048413	0.12801981	-0.00281982851	-0.00262122134	-0.00302828214	-0.00216630165	0.000389257166	0	0	0	0	0	3
14	12	0.00567247201	0.137867487	-0.00262527396	-0.00262175859	-0.00302828214	-0.00216630165	0.000389794413	0	0	0	0	0	3
15	12	0.00650913531	0.147715165	-0.00274177203	-0.00263718473	-0.00302828214	-0.00216630165	0.000405220555	0	0	0	0	0	3
16	13	0.00780993695	0.157562843	-0.00309003593	-0.00271261038	-0.00309003593	-0.00216630165	0.000480646208	0	0	0	0	0	3
17	14	0.00904087654	0.16741052	-0.00262398331	-0.00270054357	-0.00309003593	-0.00216630165	0.000480646208	0	0	0	0	0	3
18	14	0.0101581185	0.177258198	-0.0020531824	-0.00262934346	-0.00309003593	-0.0020531824	0.000480646208	0	0	0	0	0	3
19	15	0.0111482278	0.187105876	-0.00206319737	-0.00257906224	-0.00309003593	-0.0020531824	0.000480646208	0	0	0	0	0	3
20	15	0.0124559939	0.196953553	-0.0023457075	-0.00255456212	-0.00309003593	-0.0020531824	0.000480646208	0	0	0	0	0	3
21	16	0.0145199302	0.206801231	-0.00305487759	-0.00262567949	-0.00309003593	-0.0020531824	0.000480646208	0	0	0	0	0	3
22	17	0.0169984923	0.216648909	-0.00293739034	-0.00267113027	-0.00309003593	-0.0020531824	0.000480646208	0	0	0	0	0	3
23	17	0.0191914434	0.226496586	-0.00312260803	-0.00272271934	-0.00312260803	-0.0020531824	0.000490755164	0	0	0	0	0	3
24	18	0.0217763529	0.236344264	-0.00248988535	-0.00269508134	-0.00312260803	-0.0020531824	0.000490755164	0	0	0	0	0	3
25	18	0.0231420368	0.246191942	-0.00230521002	-0.00267207381	-0.00312260803	-0.0020531824	0.000490755164	0	0	0	0	0	3
26	19	0.0258547242	0.25603962	-0.0021442333	-0.00261669259	-0.00312260803	-0.0020531824	0.000490755164	0	0	0	0	0	3
27	19	0.0278804573	0.265887297	-0.00194602942	-0.00256796367	-0.00312260803	-0.00194602942	0.000490755164	0	0	0	0	0	3
28	20	0.0299997805	0.275734975	-0.00216476292	-0.0025394797	-0.00312260803	-0.00194602942	0.000490755164	0	0	0	0	0	3
29	20	0.0324741288	0.285582653	-0.00264773024	-0.00254772779	-0.00312260803	-0.00194602942	0.000490755164	0	0	0	0	0	3
30	20	0.0352134865	0.29543033	-0.00296807356	-0.00258042769	-0.00312260803	-0.00194602942	0.000490755164	0	0	0	0	0	3
31	21	0.0388169067	0.305278008	-0.00327206028	-0.00264463278	-0.00327206028	-0.00194602942	0.000490755164	0	0	0	0	0	3
32	21	0.0430319779	0.315125686	-0.00378711942	-0.00275654171	-0.00378711942	-0.00194602942	0.000524577534	0	0	0	0	0	3
33	22	0.0465632746	0.324973363	-0.00431818332	-0.00287497452	-0.00431818332	-0.00194602942	0.000643010352	0	0	0	0	0	3
34	22	0.0496613494	0.334821041	-0.00472398072	-0.00299032297	-0.00472398072	-0.00194602942	0.000758358797	0	0	0	0	0	3
35	23	0.0531469905	0.344668719	-0.00520270745	-0.00313542203	-0.00520270745	-0.00194602942	0.000903457857	0	0	0	0	0	3
36	23	0.0568472464	0.354516396	-0.00562367088	-0.00329738515	-0.00562367088	-0.00194602942	0.00106542098	0	0	0	0	0	3
37	24	0.060749512	0.364364074	-0.00563621368	-0.0034476206	-0.00563621368	-0.00194602942	0.00121565643	0	0	0	0	0	3
38	24	0.0646868567	0.374211752	-0.00577578319	-0.00358933066	-0.00577578319	-0.00194602942	0.00135736649	0	0	0	0	0	3
39	24	0.0689378284	0.384059429	-0.00582182681	-0.00372699496	-0.00582182681	-0.00194602942	0.00149503079	0	0	0	0	0	3
40	25	0.072688488	0.393907107	-0.0049568434	-0.00379045402	-0.00582182681	-0.00194602942	0.00155848985	0	0	0	0	0	3
41	26	0.0758202094	0.403754785	-0.00377836915	-0.00378995486	-0.00582182681	-0.00194602942	0.00155848985	0	0	0	0	0	3
42	26	0.0776129354	0.413602462	-0.00329834726	-0.00377859956	-0.00582182681	-0.00194602942	0.00155848985	0	0	0	0	0	3
43	27	0.079259393	0.42345014	-0.00287823609	-0.00375989629	-0.00582182681	-0.00194602942	0.00155848985	0	0	0	0	0	3
44	27	0.0813483603	0.433297818	-0.00313933967	-0.00374396084	-0.00582182681	-0.00194602942	0.00155848985	0	0	0	0	0	3
45	28	0.0839788925	0.443145495	-0.00156777577	-0.00367579461	-0.00582182681	-0.00156777577	0.00155848985	0	0	0	0	0	3
46	28	0.0854988066	0.452993173	-0.00140897003	-0.00363549722	-0.00582182681	-0.00140897003	0.00155848985	0	0	0	0	0	3
47	29	0.0880847982	0.462840851	-0.000159119631	-0.0035334378	-0.00582182681	-0.000159119631	0.00155848985	0	0	0	0	0	3
48	29	0.0903777953	0.472688528	0.000176210039	-0.00343931942	-0.00582182681	0.000176210039	0.00155848985	0	0	0	0	0	3
49	30	0.0926122799	0.482536206	0.000580836855	-0.00334232389	-0.00582182681	0.000580836855	0.00155848985	0	0	0	0	0	3
50	30	0.0956388844	0.492383884	0.00101839688	-0.00320432378	-0.00582182681	0.00101839688	0.00155848985	0	0	0	0	0	3
51	31	0.0997805486	0.502231561	0.00130942118	-0.00301696846	-0.00582182681	0.00130942118	0.00155848985	0	0	0	0	0	3
52	31	0.102923199	0.512079239	0.00125066871	-0.00288777192	-0.00582182681	0.00130942118	0.00155848985	0	0	0	0	0	3
53	32	0.106555066	0.521926917	0.000280827703	-0.00278044709	-0.00582182681	0.00130942118	0.00155848985	0	0	0	0	0	3
54	32	0.108572559	0.531774594	-0.000104857187	-0.00273144151	-0.00582182681	0.00130942118	0.00155848985	0	0	0	0	0	3
55	33	0.112080061	0.541622272	-0.000724763727	-0.0026691464	-0.00582182681	0.00130942118	0.00154840129	0	0	0	0	0	3
56	33	0.116203229	0.55146995	-0.001280206	-0.00262011523	-0.00582182681	0.00130942118	0.00151017247	0	0	0	0	0	3
57	34	0.11888086	0.561317627	-0.00189031451	-0.00260417833	-0.00582182681	0.00130942118	0.00143726449	0	0	0	0	0	3
58	34	0.123541165	0.571165305	-0.0026561853	-0.00260621169	-0.00582182681	0.00130942118	0.00140004728	0	0	0	0	0	3
59	35	0.126250441	0.581012983	-0.0031574569	-0.00261844902	-0.00582182681	0.00130942118	0.00132141746	0	0	0	0	0	3
60	35	0.130695681	0.59086066	-0.00410750948	-0.00266928246	-0.00582182681	0.00130942118	0.00126290942	0	0	0	0	0	3
61	35	0.135040193	0.600708338	-0.00490605168	-0.00274169354	-0.00582182681	0.00130942118	0.00126290942	0	0	0	0	0	3
62	36	0.139505396	0.610556016	-0.00513658991	-0.00282178166	-0.00582182681	0.00130942118	0.00125097432	0	0	0	0	0	3
63	36	0.14374839	0.620403693	-0.00547140889	-0.00290200632	-0.00582182681	0.00130942118	0.00125097432	0	0	0	0	0	3
64	37	0.146451239	0.630251371	-0.00531428551	-0.00294848693	-0.00582182681	0.00130942118	0.00125097432	0	0	0	0	0	3
65	37	0.149800872	0.640099049	-0.00497815667	-0.00299734406	-0.00582182681	0.00130942118	0.00125097432	0	0	0	0	0	3
66	38	0.152825961	0.649946726	-0.00400575842	-0.00301965435	-0.00582182681	0.00130942118	0.00125097432	0	0	0	0	0	3
67	39	0.15583218	0.659794404	-0.00196559932	-0.00299762879	-0.00582182681	0.00130942118	0.00125097432	0	0	0	0	0	3
68	39	0.156462715	0.669642082	-0.00238686747	-0.00299813637	-0.00582182681	0.00130942118	0.00125097432	0	0	0	0	0	3
69	40	0.157806368	0.679489759	-0.00293595252	-0.00300472086	-0.00582182681	0.00130942118	0.00125097432	0	0	0	0	0	3
70	40	0.160511438	0.689337437	-0.00297397977	-0.00301040535	-0.00582182681	0.00130942118	0.00125097432	0	0	0	0	0	3
71	41	0.163185997	0.699185115	-0.00234308379	-0.00300433144	-0.00582182681	0.00130942118	0.00125097432	0	0	0	0	0	3
72	41	0.166402916	0.709032792	-0.00119215229	-0.00296526216	-0.00582182681	0.00130942118	0.00125097432	0	0	0	0	0	3
73	42	0.169787325	0.71888047	-0.00089453043	-0.00291984575	-0.00582182681	0.00130942118	0.00125097432	0	0	0	0	0	3
74	42	0.172238067	0.728728148	-0.000496008688	-0.00287812743	-0.00582182681	0.00130942118	0.00125097432	0	0	0	0	0	3
75	43	0.175762631	0.738575825	-0.00131490996	-0.0028488645	-0.00582182681	0.00130942118	0.00125097432	0	0	0	0	0	3
76	43	0.178442085	0.748423503	-0.000105192936	-0.00280630765	-0.00582182681	0.00130942118	0.00125097432	0	0	0	0	0	3
77	44	0.181365526	0.758271181	4.25968243e-05	-0.00276430026	-0.00582182681	0.00130942118	0.00125097432	0	0	0	0	0	3
78	45	0.185477603	0.768118859	4.23818663e-05	-0.00270158532	-0.00582182681	0.00130942118	0.00125097432	0	0	0	0	0	3
79	45	0.188594487	0.777966536	-0.000230120934	-0.00266018692	-0.00582182681	0.00130942118	0.00124272623	0	0	0	0	0	3
80	45	0.192184499	0.787814214	-0.000495888236	-0.00261173023	-0.00582182681	0.00130942118	0.00121002633	0	0	0	0	0	3
81	46	0.196453996	0.797661892	-0.00109585986	-0.0025655374	-0.00582182681	0.00130942118	0.00122491662	0	0	0	0	0	3
82	46	0.199746224	0.807509569	-0.00195091671	-0.00253714375	-0.00582182681	0.00130942118	0.00125331027	0	0	0	0	0	3
83	47	0.202315436	0.817357247	-0.0028915935	-0.00250978322	-0.00582182681	0.00130942118	0.0012806708	0	0	0	0	0	3
84	47	0.205692724	0.827204925	-0.00373748281	-0.0024957085	-0.00582182681	0.00130942118	0.00129474552	0	0	0	0	0	3
85	47	0.209148876	0.837052602	-0.00434742101	-0.00249255118	-0.00582182681	0.00130942118	0.00129790284	0	0	0	0	0	3
86	48	0.213007807	0.84690028	-0.00502186119	-0.00249451415	-0.00582182681	0.00130942118	0.00129790284	0	0	0	0	0	3
87	48	0.217136775	0.856747958	-0.00518307866	-0.00249153401	-0.00582182681	0.00130942118	0.00129892001	0	0	0	0	0	3
88	49	0.2210823	0.866595635	-0.00533409034	-0.00248494773	-0.00582182681	0.00130942118	0.00130550629	0	0	0	0	0	3
89	49	0.225334184	0.876443313	-0.00547359711	-0.00248339299	-0.00582182681	0.00130942118	0.00130706103	0	0	0	0	0	3
90	50	0.229093718	0.886290991	-0.00503798655	-0.00245474898	-0.00547359711	0.00130942118	0.00133570504	0	0	0	0	0	3
91	50	0.232073448	0.896138668	-0.00393223961	-0.00242349144	-0.00547359711	0.00130942118	0.00136646342	0	0	0	0	0	3
92	51	0.234666723	0.905986346	-0.00297487148	-0.00240578114	-0.00547359711	0.00130942118	0.00137281842	0	0	0	0	0	3
93	52	0.235925444	0.915834024	-0.00314906483	-0.0024015835	-0.00547359711	0.00130942118	0.00135831279	0	0	0	0	0	3
94	52	0.238428176	0.925681701	-0.00339643243	-0.00241229572	-0.00547359711	0.00130942118	0.00134237734	0	0	0	0	0	3
95	53	0.241238934	0.935529379	-0.00286552844	-0.0024107644	-0.00547359711	0.00130942118	0.00127421111	0	0	0	0	0	3
96	53	0.24332038	0.945377057	-0.00316080244	-0.00243447871	-0.00547359711	0.00130942118	0.00123391372	0	0	0	0	0	3
97	54	0.246672184	0.955224734	-0.00265551005	-0.00244874619	-0.00547359711	0.00130942118	0.0011318543	0	0	0	0	0	3
98	55	0.249096114	0.965072412	-0.00280724568	-0.00249091672	-0.00547359711	0.00130942118	0.00103773592	0	0	0	0	0	3
99	55	0.253070008	0.97492009	-0.00333331123	-0.00254908361	-0.00547359711	0.00130942118	0.000940740392	0	0	0	0	0	3
100	56	0.256525748	0.984767767	-0.0031356738	-0.00260411791	-0.00547359711	0.00130942118	0.000802740276	0	0	0	0	0	3
101	57	0.259950591	0.994615445	-0.00197160551	-0.00265766044	-0.00547359711	0.00130942118	0.00061807085	0	0	0	0	0	3
102	57	0.262694939	1.00446312	-0.00176631498	-0.0027434979	-0.00547359711	0.00125066871	0.00061807085	0.000780700505	0	100	0	0	3
103	58	0.265063504	1.0143108	-0.00147199871	-0.00280233977	-0.00547359711	0.000280827703	0.00061807085	0.000780700505	0	100	0	0	3
104	58	0.269417591	1.02415848	-0.0016881463	-0.00284130737	-0.00547359711	4.25968243e-05	0.00061807085	0.000780700505	0	100	0	0	3
105	59	0.272532103	1.03400616	-0.00200605365	-0.00285911274	-0.00547359711	4.25968243e-05	0.00061807085	0.000780700505	0	100	0	0	3
106	59	0.275882636	1.04385383	-0.00257183198	-0.00289893928	-0.00547359711	4.25968243e-05	0.00061807085	0.000780700505	0	100	0	0	3
107	59	0.279054026	1.05370151	-0.00313900423	-0.00294459855	-0.00547359711	4.25968243e-05	0.00061807085	0.000780700505	0	100	0	0	3
108	60	0.282674876	1.06354919	-0.00397561603	-0.00298462531	-0.00547359711	4.25968243e-05	0.00061807085	0.000780700505	0	100	0	0	3
109	60	0.286349812	1.07339687	-0.00474503348	-0.00303376286	-0.00547359711	4.25968243e-05	0.000632179359	0.000780700505	0	100	0	0	3
110	61	0.290255194	1.08324454	-0.00536949956	-0.0030873395	-0.00547359711	4.25968243e-05	0.000685756002	0.000780700505	0	100	0	0	3
111	61	0.294246278	1.09309222	-0.0056125755	-0.00312123438	-0.0056125755	4.25968243e-05	0.000719650877	0.000780700505	0	100	0	0	3
112	61	0.298135017	1.1029399	-0.00565529752	-0.00313411124	-0.00565529752	4.25968243e-05	0.000732527737	0.000780700505	0	100	0	0	3
113	62	0.302512578	1.11278758	-0.00573699685	-0.00314915854	-0.00573699685	4.25968243e-05	0.000747575045	0.000780700505	0	100	0	0	3
114	63	0.306504241	1.12263525	-0.00536184189	-0.00314288529	-0.00573699685	4.25968243e-05	0.000747575045	0.000780700505	0	100	0	0	3
115	63	0.309276242	1.13248293	-0.00454477073	-0.00313070694	-0.00573699685	4.25968243e-05	0.000747575045	0.000780700505	0	100	0	0	3
116	64	0.311816997	1.14233061	-0.0036541458	-0.00310072012	-0.00573699685	4.25968243e-05	0.000747575045	0.000780700505	0	100	0	0	3
117	64	0.313454803	1.15217829	-0.00330480866	-0.00308575666	-0.00573699685	4.25968243e-05	0.000747575045	0.000780700505	0	100	0	0	3
118	65	0.314754914	1.16202597	-0.00310083382	-0.00310706916	-0.00573699685	4.25968243e-05	0.000747575045	0.000780700505	0	100	0	0	3
119	65	0.316866063	1.17187364	-0.00320676285	-0.00311121234	-0.00573699685	4.25968243e-05	0.000747575045	0.000780700505	0	100	0	0	3
120	66	0.319556494	1.18172132	-0.00265993638	-0.00310516203	-0.00573699685	4.25968243e-05	0.000747575045	0.000780700505	0	100	0	0	3
121	66	0.322435271	1.191569	-0.00250279162	-0.00309664424	-0.00573699685	4.25968243e-05	0.000747575045	0.000780700505	0	100	0	0	3
122	67	0.32433422	1.20141668	-0.00120779847	-0.0030868931	-0.00573699685	4.25968243e-05	0.000747575045	0.000780700505	0	100	0	0	3
123	68	0.325336196	1.21126435	-0.00129475819	-0.00311394565	-0.00573699685	4.25968243e-05	0.000747575045	0.000780700505	0	100	0	0	3
124	68	0.327206669	1.22111203	-0.0012555312	-0.0031395797	-0.00573699685	4.25968243e-05	0.000747575045	0.000780700505	0	100	0	0	3
125	69	0.329951097	1.23095971	-0.00096501813	-0.00314281839	-0.00573699685	4.25968243e-05	0.000747575045	0.000780700505	0	100	0	0	3
126	69	0.333087845	1.24080739	-0.0003403657	-0.00312789384	-0.00573699685	4.25968243e-05	0.000747575045	0.000780700505	0	100	0	0	3
127	70	0.33570316	1.25065506	0.000642529176	-0.00311669173	-0.00573699685	0.000642529176	0.000747575045	0.000780700505	0	100	0	0	3
128	70	0.339167223	1.26050274	0.000998287824	-0.00308488882	-0.00573699685	0.000998287824	0.000747575045	0.000780700505	0	100	0	0	3
129	71	0.342337744	1.27035042	0.000758821749	-0.00308917934	-0.00573699685	0.000998287824	0.000747575045	0.000780700505	0	100	0	0	3
130	71	0.345071573	1.2801981	-1.74936339e-05	-0.00309246345	-0.00573699685	0.000998287824	0.000747575045	0.000780700505	0	100	0	0	3
131	72	0.348372159	1.29004578	-0.000965983787	-0.00310720923	-0.00573699685	0.000998287824	0.000747575045	0.000780700505	0	100	0	0	3
132	72	0.352134052	1.29989345	-0.00142833702	-0.00312180141	-0.00573699685	0.000998287824	0.000747575045	0.000780700505	0	100	0	0	3
133	72	0.354694761	1.30974113	-0.00181835646	-0.00312513849	-0.00573699685	0.000998287824	0.000747575045	0.000780700505	0	100	0	0	3
134	73	0.358931299	1.31958881	-0.00254169613	-0.00311318728	-0.00573699685	0.000998287824	0.000747575045	0.000780700505	0	100	0	0	3
135	73	0.362656409	1.32943649	-0.00336351305	-0.00310569552	-0.00573699685	0.000998287824	0.000747575045	0.000780700505	0	100	0	0	3
136	74	0.366166624	1.33928416	-0.00418379359	-0.00310246508	-0.00573699685	0.000998287824	0.000747575045	0.000780700505	0	100	0	0	3
137	74	0.370024135	1.34913184	-0.00477607558	-0.00309640936	-0.00573699685	0.000998287824	0.000747575045	0.000780700505	0	100	0	0	3
138	75	0.374276027	1.35897952	-0.00487749798	-0.00308977325	-0.00573699685	0.000998287824	0.000747575045	0.000780700505	0	100	0	0	3
139	75	0.378412251	1.3688272	-0.00499799049	-0.00308365747	-0.00573699685	0.000998287824	0.000747575045	0.000780700505	0	100	0	0	3
140	76	0.382228905	1.37867487	-0.00513253707	-0.00306873101	-0.00573699685	0.000998287824	0.000747575045	0.000780700505	0	100	0	0	3
141	76	0.384891657	1.38852255	-0.00489738914	-0.00305246495	-0.00573699685	0.000998287824	0.000747575045	0.000780700505	0	100	0	0	3
142	77	0.387754825	1.39837023	-0.00410326765	-0.00305495166	-0.00573699685	0.000998287824	0.000747575045	0.000780700505	0	100	0	0	3
143	77	0.390381588	1.40821791	-0.00330591566	-0.00306051884	-0.00573699685	0.000998287824	0.000747575045	0.000780700505	0	100	0	0	3
144	78	0.391900298	1.41806558	-0.00308560898	-0.00306004857	-0.00573699685	0.000998287824	0.000738394143	0.000780700505	0	100	0	0	3
145	78	0.393401801	1.42791326	-0.00293113507	-0.00305336716	-0.00573699685	0.000998287824	0.000738394143	0.000780700505	0	100	0	0	3
146	79	0.39561597	1.43776094	-0.00327121643	-0.00305991168	-0.00573699685	0.000998287824	0.000714679838	0.000780700505	0	100	0	0	3
147	79	0.398530699	1.44760862	-0.00150280836	-0.0030293175	-0.00573699685	0.000998287824	0.000700412351	0.000780700505	0	100	0	0	3
148	80	0.400242726	1.4574563	-0.00102028715	-0.00301507919	-0.00573699685	0.000998287824	0.000658241821	0.000780700505	0	100	0	0	3
149	81	0.402721429	1.46730397	6.52278417e-05	-0.0029686585	-0.00573699685	0.000998287824	0.000600074932	0.000780700505	0	100	0	0	3
150	81	0.405952684	1.47715165	0.000793295664	-0.00287966919	-0.00573699685	0.000998287824	0.000545040636	0.000780700505	0	100	0	0	3
151	82	0.408963677	1.48699933	0.000558464138	-0.00280595472	-0.00573699685	0.000998287824	0.000491498107	0.000780700505	0	100	0	0	3
152	82	0.412359803	1.49684701	0.000424050604	-0.00275272966	-0.00573699685	0.000998287824	0.000405660643	0.000780700505	0	100	0	0	3
153	83	0.41567801	1.50669468	0.0010895962	-0.0026870847	-0.00573699685	0.0010895962	0.000462073846	0.000780700505	0	100	0	0	3
154	83	0.418502244	1.51654236	0.000778913884	-0.00264204534	-0.00573699685	0.0010895962	0.000507113203	0.000780700505	0	100	0	0	3
155	84	0.421317027	1.52639004	0.000301332544	-0.00261484571	-0.00573699685	0.0010895962	0.000534312839	0.000780700505	0	100	0	0	3
156	84	0.424526546	1.53623772	-0.000346518806	-0.00257942238	-0.00573699685	0.0010895962	0.000569736164	0.000780700505	0	100	0	0	3
157	85	0.4278592	1.54608539	-0.00089660774	-0.00254268773	-0.00573699685	0.0010895962	0.000606470814	0.000780700505	0	100	0	0	3
158	85	0.432044895	1.55593307	-0.00153514504	-0.00250276104	-0.00573699685	0.0010895962	0.000646397505	0.000780700505	0	100	0	0	3
159	85	0.436254164	1.56578075	-0.00249328135	-0.00246777658	-0.00573699685	0.0010895962	0.000681381968	0.000780700505	0	100	0	0	3
160	86	0.439083785	1.57562843	-0.00304767305	-0.00242372687	-0.00573699685	0.0010895962	0.000725431671	0.000780700505	0	100	0	0	3
161	86	0.443773242	1.58547611	-0.00392202602	-0.00239455662	-0.00573699685	0.0010895962	0.000754601925	0.000780700505	0	100	0	0	3
162	87	0.448073574	1.59532378	-0.00465177622	-0.00237416629	-0.00573699685	0.0010895962	0.000774992252	0.000780700505	0	100	0	0	3
163	87	0.452383298	1.60517146	-0.00497555743	-0.00236412934	-0.00573699685	0.0010895962	0.000785029205	0.000780700505	0	99.4	0	0	3
164	88	0.456618663	1.61501914	-0.0052941539	-0.00234884628	-0.00536184189	0.0010895962	0.000794039001	0.000780700505	0	98.3	0	0	3
165	88	0.460841944	1.62486682	-0.00538179493	-0.00235391394	-0.00538179493	0.0010895962	0.000793972104	0.000780700505	0	98.3	0	0	3
166	89	0.46481983	1.63471449	-0.00493957047	-0.00238099568	-0.00538179493	0.0010895962	0.000793972104	0.000780700505	0	98.3	0	0	3
167	89	0.467801344	1.64456217	-0.00393800834	-0.00239001897	-0.00538179493	0.0010895962	0.000793972104	0.000780700505	0	98.3	0	0	3
168	90	0.470191425	1.65440985	-0.00306299257	-0.00239072214	-0.00538179493	0.0010895962	0.000793972104	0.000780700505	0	98.3	0	0	3
169	90	0.471485219	1.66425753	-0.00309336481	-0.00239063187	-0.00538179493	0.0010895962	0.000793972104	0.000780700505	0	98.3	0	0	3
170	91	0.473827615	1.6741052	-0.00354586253	-0.00239689476	-0.00538179493	0.0010895962	0.000793972104	0.000780700505	0	98.3	0	0	3
171	92	0.476430819	1.68395288	-0.00309750977	-0.00240400968	-0.00538179493	0.0010895962	0.000793972104	0.000780700505	0	98.3	0	0	3
172	92	0.4788446	1.69380056	-0.00305818193	-0.00241228705	-0.00538179493	0.0010895962	0.000793972104	0.000780700505	0	98.3	0	0	3
173	93	0.482289276	1.70364824	-0.00235048569	-0.00242541975	-0.00538179493	0.0010895962	0.000793972104	0.000780700505	0	98.3	0	0	3
174	93	0.485810681	1.71349592	-0.00240541004	-0.00243204033	-0.00538179493	0.0010895962	0.000793972104	0.000780700505	0	98.3	0	0	3
175	94	0.488830798	1.72334359	-0.0022778908	-0.0024427756	-0.00538179493	0.0010895962	0.000793972104	0.000780700505	0	98.3	0	0	3
176	94	0.492948135	1.73319127	-0.00173171254	-0.00244969543	-0.00538179493	0.0010895962	0.000779047559	0.000780700505	0	100	0	0	3
177	95	0.496169621	1.74303895	-0.00135089695	-0.00246856126	-0.00538179493	0.0010895962	0.000776292207	0.000780700505	0	100	0	0	3
178	96	0.499935883	1.75288663	-0.00107832801	-0.00248622217	-0.00538179493	0.0010895962	0.000776292207	0.000780700505	0	100	0	0	3
179	96	0.504274759	1.7627343	-0.00187537451	-0.00254327691	-0.00538179493	0.0010895962	0.000776292207	0.000780700505	0	100	0	0	3
180	96	0.507012323	1.77258198	-0.00195450953	-0.00259706533	-0.00538179493	0.0010895962	0.000776292207	0.000780700505	0	100	0	0	3
181	97	0.511030369	1.78242966	-0.00250906546	-0.00263742789	-0.00538179493	0.0010895962	0.000776292207	0.000780700505	0	100	0	0	3
182	97	0.514352984	1.79227734	-0.00293511376	-0.00267662423	-0.00538179493	0.0010895962	0.000776292207	0.000780700505	0	100	0	0	3
183	98	0.517718331	1.80212501	-0.00351261804	-0.00272197474	-0.00538179493	0.0010895962	0.000776292207	0.000780700505	0	100	0	0	3
184	98	0.521214233	1.81197269	-0.00427217053	-0.00276841517	-0.00538179493	0.0010895962	0.000764340998	0.000780700505	0	100	0	0	3
185	99	0.524881246	1.82182037	-0.00489133683	-0.0028211135	-0.00538179493	0.0010895962	0.000756849236	0.000780700505	0	100	0	0	3
186	99	0.528716474	1.83166805	-0.00545817568	-0.00286985031	-0.00545817568	0.0010895962	0.000753618791	0.000780700505	0	100	0	0	3
187	99	0.532777856	1.84151572	-0.00549112537	-0.00290606501	-0.00549112537	0.0010895962	0.000747563076	0.000780700505	0	100	0	0	3
188	100	0.536768275	1.8513634	-0.00580278953	-0.00293212625	-0.00580278953	0.0010895962	0.000740926961	0.000780700505	0	100	0	0	3
189	100	0.540930534	1.86121108	-0.00561552116	-0.00294951236	-0.00580278953	0.0010895962	0.000734811185	0.000780700505	0	100	0	0	3
190	101	0.544748789	1.87105876	-0.0046336991	-0.00293723417	-0.00580278953	0.0010895962	0.000719884729	0.000780700505	0	100	0	0	3
191	101	0.547940539	1.88090644	-0.00373557075	-0.00290204884	-0.00580278953	0.0010895962	0.000711672555	0.000780700505	0	100	0	0	3
192	102	0.549488116	1.89075411	-0.00314497223	-0.00287205333	-0.00580278953	0.0010895962	0.000711672555	0.000780700505	0	100	0	0	3
193	103	0.55092267	1.90060179	-0.00292030056	-0.00285087293	-0.00580278953	0.0010895962	0.000711672555	0.000780700505	0	100	0	0	3
194	103	0.553190997	1.91044947	-0.00288911459	-0.00284406408	-0.00580278953	0.0010895962	0.000711202287	0.000780700505	0	100	0	0	3
195	104	0.55607817	1.92029715	-0.00234170309	-0.00283299535	-0.00580278953	0.0010895962	0.0007110654	0.000780700505	0	100	0	0	3
196	104	0.558924388	1.93014482	-0.0043104284	-0.00285751006	-0.00580278953	0.0010895962	0.0007110654	0.000780700505	0	100	0	0	3
197	105	0.559320827	1.9399925	-0.000814882748	-0.00284696796	-0.00580278953	0.0010895962	0.000680471216	0.000780700505	0	100	0	0	3
198	105	0.560147341	1.94984018	0.00365066206	-0.00283798051	-0.00580278953	0.00365066206	0.000666232906	0.000780700505	0	100	0	0	3
199	106	0.561201696	1.95968786	0.00291624752	-0.00281962145	-0.00580278953	0.00365066206	0.000619812216	0.000780700505	0	100	0	0	3
200	106	0.563006486	1.96953553	0.00258249819	-0.00280340653	-0.00580278953	0.00365066206	0.000600666075	0.000780700505	0	100	0	0	3
201	107	0.564185566	1.97938321	0.004419671	-0.00282303124	-0.00580278953	0.004419671	0.000600666075	0.000780700505	0	100	0	0	3
202	108	0.565401458	1.98923089	0.0048285486	-0.00282864479	-0.00580278953	0.0048285486	0.000600666075	0.000780700505	0	100	0	0	3
203	108	0.566866429	1.99907857	0.00442769562	-0.00283133875	-0.00580278953	0.0048285486	0.000600666075	0.000784114391	0	100	0	0	3
204	109	0.568173346	2.00892625	0.00415255548	-0.00285680248	-0.00580278953	0.0048285486	0.000600666075	0.000787837548	0	100	0	0	3
205	109	0.569508276	2.01877392	0.00375621757	-0.00286633983	-0.00580278953	0.0048285486	0.000600666075	0.00079148841	0	100	0	0	3
206	110	0.57091644	2.0286216	0.00315934766	-0.00286922186	-0.00580278953	0.0048285486	0.000600666075	0.000795069064	0	100	0	0	3
207	110	0.572716838	2.03846928	0.00232145389	-0.00286079611	-0.00580278953	0.0048285486	0.000600666075	0.000798581514	0	100	0	0	3
208	111	0.574599968	2.04831696	0.00155404599	-0.00284874926	-0.00580278953	0.0048285486	0.000600666075	0.000802027692	0	100	0	0	3
209	111	0.575979041	2.05816463	0.00124274316	-0.00284774797	-0.00580278953	0.0048285486	0.000600666075	0.000805409455	0	100	0	0	3
210	112	0.577847839	2.06801231	0.000896343764	-0.00280886978	-0.00580278953	0.0048285486	0.000600666075	0.000808728594	0	100	0	0	3
211	112	0.580847739	2.07785999	0.000114284415	-0.0027422457	-0.00580278953	0.0048285486	0.000600666075	0.00081198683	0	100	0	0	3
212	113	0.583715421	2.08770767	-0.000363059595	-0.00265395725	-0.00580278953	0.0048285486	0.000600666075	0.000815185826	0	100	0	0	3
213	113	0.587134532	2.09755534	-0.000857486326	-0.00254800646	-0.00580278953	0.0048285486	0.000600666075	0.000818327182	0	100	0	0	3
214	114	0.58968568	2.10740302	-0.00123231064	-0.00244736282	-0.00580278953	0.0048285486	0.000600666075	0.000821412443	0	100	0	0	3
215	114	0.592168385	2.1172507	-0.00166596475	-0.00234410049	-0.00580278953	0.0048285486	0.000605411867	0.000824443097	0	100	0	0	3
216	115	0.595630257	2.12709838	-0.00250998168	-0.0022531818	-0.00580278953	0.0048285486	0.000696330561	0.000827420582	0	100	0	0	3
217	115	0.59924668	2.13694606	-0.00331187697	-0.00220216923	-0.00580278953	0.0048285486	0.000747343132	0.000830346284	0	100	0	0	3
218	116	0.603110211	2.14679373	-0.00422863836	-0.00222178287	-0.00580278953	0.0048285486	0.000747343132	0.000833221544	0	100	0	0	3
219	116	0.606561402	2.15664141	-0.00475275086	-0.00227109207	-0.00580278953	0.0048285486	0.000747343132	0.000836047653	0	100	0	0	3
220	117	0.61059971	2.16648909	-0.00483734126	-0.00233793954	-0.00580278953	0.0048285486	0.000747343132	0.000838825863	0	100	0	0	3
221	117	0.614826009	2.17633677	-0.00519352555	-0.002403466	-0.00580278953	0.0048285486	0.000747343132	0.00084155738	0	100	0	0	3
222	118	0.618509382	2.18618444	-0.0052621344	-0.00246486024	-0.00580278953	0.0048285486	0.000747343132	0.000844243371	0	100	0	0	3
223	118	0.622860746	2.19603212	-0.00436160791	-0.00251222501	-0.00580278953	0.0048285486	0.000747343132	0.000846884967	0	100	0	0	3
224	119	0.62627832	2.2058798	-0.0033757917	-0.00253659105	-0.00580278953	0.0048285486	0.000747343132	0.000849483257	0	100	0	0	3
225	119	0.627878093	2.21572748	-0.00313151208	-0.00254654182	-0.00580278953	0.0048285486	0.000747343132	0.000852039298	0	100	0	0	3
226	120	0.629418108	2.22557515	-0.00307606325	-0.00255811348	-0.00580278953	0.0048285486	0.000747343132	0.000854554113	0	100	0	0	3
227	120	0.632112992	2.23542283	-0.0028365261	-0.00258795479	-0.00580278953	0.0048285486	0.000747343132	0.000857028692	0	100	0	0	3
228	121	0.6346125	2.24527051	-0.00274942915	-0.00261965574	-0.00580278953	0.0048285486	0.000747343132	0.000859463991	0	100	0	0	3
229	122	0.637589896	2.25511819	-0.00181627004	-0.00264445013	-0.00580278953	0.0048285486	0.000747343132	0.000861860938	0	100	0	0	3
230	122	0.640650937	2.26496586	-0.00133051549	-0.00263942663	-0.00580278953	0.0048285486	0.000747343132	0.000864220434	0	100	0	0	3
231	123	0.64439102	2.27481354	-0.000431269736	-0.00259295883	-0.00580278953	0.0048285486	0.000747343132	0.000866543348	0	100	0	0	3
232	123	0.647640844	2.28466122	-0.00115056487	-0.00256111326	-0.00580278953	0.0048285486	0.000747343132	0.000868830525	0	100	0	0	3
233	124	0.649941208	2.2945089	-0.000164123875	-0.00251128143	-0.00580278953	0.0048285486	0.000747343132	0.000871082784	0	100	0	0	3
234	124	0.652685415	2.30435658	8.76915999e-05	-0.00243347013	-0.00580278953	0.0048285486	0.000747343132	0.000873300917	0	100	0	0	3
235	125	0.655859112	2.31420425	-6.42590567e-05	-0.00232988599	-0.00580278953	0.0048285486	0.000747343132	0.000875485695	0	100	0	0	3
236	125	0.65891244	2.32405193	-2.78516511e-05	-0.00220736424	-0.00580278953	0.0048285486	0.000747343132	0.000877637864	0	100	0	0	3
237	126	0.66231352	2.33389961	-0.000617141743	-0.00207355829	-0.00580278953	0.0048285486	0.000875954071	0.000879758149	0	100	0	0	3
238	126	0.665490391	2.34374729	-0.00103882776	-0.00194420163	-0.00580278953	0.0048285486	0.00100531073	0.000881847254	0	87.7	0	0	3
239	127	0.669522413	2.35359496	-0.00186476491	-0.00182580476	-0.00561552116	0.0048285486	0.0011237076	0.000883905861	0	78.6	0	0	3
240	127	0.673352617	2.36344264	-0.00263937994	-0.00173021933	-0.0052621344	0.0048285486	0.00120701485	0.000885934633	0	73.3	0	0	3
241	128	0.677193336	2.37329032	-0.00344057028	-0.0016961126	-0.0052621344	0.0048285486	0.00120593624	0.000887934213	0	73.6	0	0	3
242	128	0.680788593	2.383138	-0.00421549257	-0.00171529525	-0.0052621344	0.0048285486	0.00117594072	0.000889905229	0	75.6	0	0	3
243	128	0.684566427	2.39298567	-0.00487636366	-0.00178732353	-0.0052621344	0.0048285486	0.00117310926	0.000891848287	0	76	0	0	3
244	129	0.688621789	2.40283335	-0.00509609172	-0.00187296632	-0.0052621344	0.0048285486	0.00117310926	0.000893763977	0	76.1	0	0	3
245	129	0.692559845	2.41268103	-0.00527762703	-0.00195263109	-0.00527762703	0.0048285486	0.00117310926	0.000895652875	0	76.3	0	0	3
246	130	0.696835316	2.42252871	-0.00538959811	-0.00204904775	-0.00538959811	0.0048285486	0.00117310926	0.000897515538	0	76.5	0	0	3
247	130	0.700818735	2.43237639	-0.00480649498	-0.00208109756	-0.00538959811	0.0048285486	0.00117310926	0.00089935251	0	76.6	0	0	3
248	131	0.703949893	2.44222406	-0.00348173419	-0.00211489154	-0.00538959811	0.0048285486	0.00117310926	0.000901164317	0	76.8	0	0	3
249	131	0.705705338	2.45207174	-0.00308416458	-0.00215931931	-0.00538959811	0.0048285486	0.00117310926	0.000902951474	0	76.9	0	0	3
250	132	0.707440239	2.46191942	-0.00297560106	-0.00220559723	-0.00538959811	0.0048285486	0.00117310926	0.00090471448	0	77.1	0	0	3
251	132	0.7096674	2.4717671	-0.00315688167	-0.00227896491	-0.00538959811	0.0048285486	0.00117310926	0.000906453821	0	77.2	0	0	3
252	133	0.712251342	2.48161477	-0.00266879475	-0.00233911066	-0.00538959811	0.0048285486	0.00117310926	0.000908169972	0	77.4	0	0	3
253	134	0.715040675	2.49146245	-0.00205345444	-0.00239202662	-0.00538959811	0.00442769562	0.00117310926	0.000909863392	0	77.5	0	0	3
254	134	0.718742589	2.50131013	-0.00115375491	-0.00242762616	-0.00538959811	0.00415255548	0.00117310926	0.00091153453	0	77.7	0	0	3
255	135	0.722441454	2.51115781	-0.00114416495	-0.00245259829	-0.00538959811	0.00375621757	0.00117310926	0.000913183823	0	77.8	0	0	3
256	135	0.72592274	2.52100548	-0.00228242666	-0.00250180037	-0.00538959811	0.00315934766	0.00117310926	0.000914811696	0	77.9	0	0	3
257	136	0.729042369	2.53085316	-0.00120542463	-0.00252663891	-0.00538959811	0.00232145389	0.0011646835	0.000916418565	0	78.6	0	0	3
258	136	0.732068558	2.54070084	-0.000485825633	-0.0025426576	-0.00538959811	0.00155404599	0.00115263665	0.000918004833	0	79.6	0	0	3
259	137	0.734696828	2.55054852	-0.000264192751	-0.00255343987	-0.00538959811	0.00124274316	0.00115163536	0.000919570894	0	79.8	0	0	3
260	137	0.738736751	2.5603962	-0.000597803556	-0.00253706334	-0.00538959811	0.000896343764	0.00111275717	0.000921117131	0	82.7	0	0	3
261	138	0.740864795	2.57024387	-0.000901908612	-0.0025550778	-0.00538959811	0.000114284415	0.00104613309	0.000922643919	0	88.1	0	0	3
262	138	0.74484196	2.58009155	-0.00149771133	-0.00257826459	-0.00538959811	8.76915999e-05	0.000957844643	0.000924151622	0	96.4	0	0	3
263	139	0.747485552	2.58993923	-0.0020312423	-0.00260822365	-0.00538959811	8.76915999e-05	0.000948337522	0.000925640595	0	97.6	0	0	3
264	139	0.752387259	2.59978691	-0.00324681834	-0.00266338867	-0.00538959811	8.76915999e-05	0.000967276067	0.000927111187	0	95.8	0	0	3
265	140	0.755177782	2.60963458	-0.00374553455	-0.0027036966	-0.00538959811	8.76915999e-05	0.001007584	0.000928563734	0	92.1	0	0	3
266	140	0.758621317	2.61948226	-0.00447802974	-0.00275588169	-0.00538959811	8.76915999e-05	0.00105976908	0.000929998567	0	87.7	0	0	3
267	140	0.762462432	2.62932994	-0.0051040429	-0.00281504793	-0.00538959811	8.76915999e-05	0.00111893532	0.000931416008	0	83.2	0	0	3
268	141	0.766623308	2.63917762	-0.00532452485	-0.00286669718	-0.00538959811	8.76915999e-05	0.00117058458	0.000932816372	0	79.6	0	0	3
269	141	0.77055832	2.64902529	-0.00542933806	-0.00289549488	-0.00542933806	8.76915999e-05	0.00119938228	0.000934199965	0	77.8	0	0	3
270	142	0.774700368	2.65887297	-0.00559886211	-0.00292396972	-0.00559886211	8.76915999e-05	0.00122785711	0.000935567086	0	76.1	0	0	3
271	142	0.778601849	2.66872065	-0.0052188827	-0.00293127187	-0.00559886211	8.76915999e-05	0.00123515926	0.000936918029	0	75.8	0	0	3
272	143	0.781430802	2.67856833	-0.00417027226	-0.00289492305	-0.00559886211	8.76915999e-05	0.00123515926	0.000938253078	0	75.9	0	0	3
273	144	0.784282416	2.688416	-0.00314527868	-0.0028466317	-0.00559886211	8.76915999e-05	0.00123515926	0.000939572512	0	76	0	0	3
274	144	0.785667054	2.69826368	-0.0030355681	-0.00280774742	-0.00559886211	8.76915999e-05	0.00123515926	0.000940876604	0	76.1	0	0	3
275	145	0.787969593	2.70811136	-0.00339037735	-0.00280403785	-0.00559886211	8.76915999e-05	0.00123515926	0.00094216562	0	76.2	0	0	3
276	145	0.790609261	2.71795904	-0.00242142874	-0.00279461222	-0.00559886211	8.76915999e-05	0.00123515926	0.00094343982	0	76.3	0	0	3
277	146	0.791918204	2.72780672	-0.00241340361	-0.00278887425	-0.00559886211	8.76915999e-05	0.00123515926	0.000944699458	0	76.4	0	0	3
278	147	0.794587438	2.73765439	-0.00163047593	-0.00276905297	-0.00559886211	8.76915999e-05	0.00123515926	0.000945944781	0	76.5	0	0	3
279	147	0.796951182	2.74750207	-0.00135831376	-0.00274881394	-0.00559886211	8.76915999e-05	0.00123515926	0.000947176033	0	76.6	0	0	3
280	147	0.799723958	2.75734975	-0.00156583009	-0.00274570789	-0.00559886211	8.76915999e-05	0.00123515926	0.000948393451	0	76.7	0	0	3
281	148	0.802815881	2.76719743	-0.00169544046	-0.00275239625	-0.00559886211	8.76915999e-05	0.00123515926	0.000949597266	0	76.8	0	0	3
282	148	0.807446966	2.7770451	-0.00184657457	-0.00277990992	-0.00559886211	8.76915999e-05	0.00123515926	0.000950787705	0	76.9	0	0	3
283	149	0.810740347	2.78689278	-0.00118891558	-0.00278024919	-0.00559886211	8.76915999e-05	0.00123515926	0.000951964991	0	77	0	0	3
284	149	0.814018518	2.79674046	-0.00101046159	-0.00278156792	-0.00559886211	8.76915999e-05	0.00123515926	0.000953129339	0	77.1	0	0	3
285	150	0.816336169	2.80658814	-0.002116523	-0.00282026313	-0.00559886211	-2.78516511e-05	0.00123515926	0.000954280962	0	77.2	0	0	3
286	150	0.82123508	2.81643581	-0.00308297986	-0.00288093547	-0.00559886211	-2.78516511e-05	0.00123515926	0.000955420068	0	77.3	0	0	3
287	151	0.825605374	2.82628349	-0.00365093236	-0.00295338313	-0.00559886211	-0.000264192751	0.00125727052	0.000956546858	0	76	0	0	3
288	151	0.828369814	2.83613117	-0.0039398718	-0.00301765551	-0.00559886211	-0.000264192751	0.0013215429	0.000957661533	0	72.4	0	0	3
289	152	0.833339298	2.84597885	-0.00464808329	-0.00310338061	-0.00559886211	-0.000264192751	0.00140726801	0.000958764286	0	68.1	0	0	3
290	152	0.8376599	2.85582653	-0.0052158418	-0.00318736682	-0.00559886211	-0.000264192751	0.00149125421	0.000959746258	0	64.3	0	0	3
291	152	0.842088254	2.8656742	-0.00565468669	-0.00326455897	-0.00565468669	-0.000264192751	0.00156844636	0.000960740525	0	61.2	0	0	3
292	153	0.846374013	2.87552188	-0.00575622886	-0.00332368326	-0.00575622886	-0.000264192751	0.00160838801	0.000961782833	0	59.7	0	0	3
293	153	0.850651917	2.88536956	-0.00609100251	-0.00337450083	-0.00609100251	-0.000264192751	0.0015871773	0.00096300611	0	60.6	0	0	3
294	154	0.854937322	2.89521724	-0.00604807765	-0.00340844778	-0.00609100251	-0.000264192751	0.00153548146	0.000964216645	0	62.7	0	0	3
295	154	0.858576954	2.90506491	-0.00505950593	-0.00340353612	-0.00609100251	-0.000264192751	0.00145581669	0.000965414635	0	66.3	0	0	3
296	155	0.861847078	2.91491259	-0.00349150587	-0.00336163926	-0.00609100251	-0.000264192751	0.00135940003	0.000966600275	0	71.1	0	0	3
297	156	0.863177654	2.92476027	-0.00346896134	-0.00331037342	-0.00609100251	-0.000264192751	0.00132735022	0.000967773755	0	72.9	0	0	3
298	156	0.864859798	2.93460795	-0.00331643304	-0.00327410516	-0.00609100251	-0.000264192751	0.00129355624	0.00096893526	0	74.9	0	0	3
299	157	0.86709897	2.94445562	-0.00386338066	-0.00327820797	-0.00609100251	-0.000264192751	0.00124912847	0.000970084973	0	77.6	0	0	3
300	157	0.869772225	2.9543033	-0.00271876009	-0.00327116868	-0.00609100251	-0.000264192751	0.00120285055	0.000971223073	0	80.7	0	0	3
301	159	0.87239714	2.96415098	-0.00553666261	-0.00331032745	-0.00609100251	-0.000264192751	0.00112948287	0.000972349735	0	86	0	0	3
302	159	0.872688898	2.97399866	-0.00106448702	-0.00330840442	-0.00609100251	-0.000264192751	0.00106933712	0.00097346513	0	91	0	0	3
303	159	0.873486721	2.98384633	0.00220050005	-0.00329139566	-0.00609100251	0.00220050005	0.00101642116	0.000974569427	0	95.8	0	0	3
304	160	0.874471995	2.99369401	0.00184282425	-0.00328132496	-0.00609100251	0.00220050005	0.000980821622	0.000975445544	0	99.4	0	0	3
305	160	0.875819234	3.00354169	0.00153237787	-0.00329017971	-0.00609100251	0.00220050005	0.000955849488	0.000976164648	0	100	0	0	3
306	161	0.877817567	3.01338937	-0.000187393475	-0.00330136173	-0.00609100251	0.00220050005	0.000906647408	0.000976664009	0	100	0	0	3
307	161	0.879576833	3.02323705	0.00189859918	-0.00326491031	-0.00609100251	0.00220050005	0.000881808867	0.000976839752	0	100	0	0	3
308	162	0.882140339	3.03308472	0.00362254943	-0.00319155067	-0.00609100251	0.00362254943	0.000871384444	0.000977259952	0	100	0	0	3
309	162	0.883497654	3.0429324	0.00427393817	-0.00317870647	-0.00609100251	0.00427393817	0.000871384444	0.000978020591	0	100	0	0	3
310	163	0.886213549	3.05278008	0.00444649336	-0.0030925832	-0.00609100251	0.00444649336	0.000871384444	0.000978864736	0	100	0	0	3
311	163	0.888676187	3.06262776	0.0038696465	-0.00304545263	-0.00609100251	0.00444649336	0.00085336998	0.000979700804	0	100	0	0	3
312	164	0.890948518	3.07247543	0.0030375023	-0.00298374753	-0.00609100251	0.00444649336	0.000830183193	0.000980528909	0	100	0	0	3
313	164	0.893372144	3.08232311	0.0017118407	-0.00294691906	-0.00609100251	0.00444649336	0.000800224128	0.000981349165	0	100	0	0	3
314	165	0.896508533	3.09217079	0.000767203745	-0.00288499399	-0.00609100251	0.00444649336	0.000745059108	0.000982161683	0	100	0	0	3
315	165	0.899361853	3.10201847	0.000417901108	-0.00280880549	-0.00609100251	0.00444649336	0.000704751176	0.000982966571	0	100	0	0	3
316	166	0.903288902	3.11186614	-0.000161027028	-0.00272095307	-0.00609100251	0.00444649336	0.000687494705	0.000983763937	0	100	0	0	3
317	166	0.906546004	3.12171382	-0.000765233621	-0.00263698783	-0.00609100251	0.00444649336	0.000771459947	0.000984553886	0	100	0	0	3
318	167	0.909665621	3.1315615	-0.00177126344	-0.00255426563	-0.00609100251	0.00444649336	0.00085418215	0.00098533652	0	100	0	0	3
319	167	0.912772402	3.14140918	-0.00268032221	-0.0024780758	-0.00609100251	0.00444649336	0.000930371982	0.000986111941	0	100	0	0	3
320	168	0.916012194	3.15125686	-0.00336637009	-0.0024180199	-0.00609100251	0.00444649336	0.000990427884	0.000986880248	0	99.6	0	0	3
321	168	0.919842705	3.16110453	-0.0040274402	-0.00236972043	-0.00609100251	0.00444649336	0.00103872735	0.000987641539	0	95	0	0	3
322	168	0.924044243	3.17095221	-0.00415366844	-0.00234482653	-0.00609100251	0.00444649336	0.00106362124	0.000988395909	0	92.9	0	0	3
323	169	0.928139647	3.18079989	-0.00423781768	-0.00236247009	-0.00609100251	0.00444649336	0.00106362124	0.000989143452	0	92.9	0	0	3
324	169	0.930365767	3.19064757	-0.00443448478	-0.0023787641	-0.00609100251	0.00444649336	0.00106362124	0.00098988426	0	93	0	0	3
325	170	0.934702852	3.20049524	-0.00439926057	-0.00243146036	-0.00609100251	0.00444649336	0.00106362124	0.000990618424	0	93.1	0	0	3
326	170	0.938093968	3.21034292	-0.00357921044	-0.00244267913	-0.00609100251	0.00444649336	0.00106362124	0.000991346034	0	93.2	0	0	3
327	171	0.941057959	3.2201906	-0.00246302179	-0.00244345274	-0.00609100251	0.00444649336	0.00106362124	0.000992067175	0	93.2	0	0	3
328	172	0.942255817	3.23003828	-0.00239554946	-0.00244333269	-0.00609100251	0.00444649336	0.00106362124	0.000992781935	0	93.3	0	0	3
329	172	0.943778968	3.23988595	-0.00269831249	-0.00246047895	-0.00609100251	0.00444649336	0.00106362124	0.000993490397	0	93.4	0	0	3
330	173	0.94674648	3.24973363	-0.00267606384	-0.00248214176	-0.00609100251	0.00444649336	0.00106362124	0.000994192645	0	93.4	0	0	3
331	173	0.949188483	3.25958131	-0.00232986734	-0.00249665271	-0.00609100251	0.00444649336	0.00106362124	0.00099488876	0	93.5	0	0	3
332	174	0.952322333	3.26942899	-0.00158034398	-0.00249401545	-0.00609100251	0.00444649336	0.00106362124	0.000995578821	0	93.6	0	0	3
333	174	0.954826095	3.27927667	-0.00140335488	-0.00249583117	-0.00609100251	0.00444649336	0.00106362124	0.000996262908	0	93.6	0	0	3
334	175	0.958404493	3.28912434	-0.00137839946	-0.00249790043	-0.00609100251	0.00444649336	0.00106362124	0.000996941098	0	93.7	0	0	3
335	175	0.962259747	3.29897202	-0.00179891561	-0.00251261506	-0.00609100251	0.00444649336	0.00106362124	0.000997613466	0	93.7	0	0	3
336	176	0.966727089	3.3088197	-0.000863909288	-0.00246974459	-0.00609100251	0.00444649336	0.00106362124	0.000998280088	0	93.8	0	0	3
337	177	0.96964955	3.31866738	-0.000395268913	-0.00240865379	-0.00609100251	0.00444649336	0.00106362124	0.000998941036	0	93.9	0	0	3
338	177	0.972881164	3.32851505	-0.000365320441	-0.00232695409	-0.00609100251	0.00444649336	0.00108149369	0.000999596383	0	92.4	0	0	3
339	177	0.976063313	3.33836273	-0.000969005113	-0.00226750659	-0.00609100251	0.00444649336	0.00114094119	0.0010002462	0	87.6	0	0	3
340	178	0.979896019	3.34821041	-0.00143156246	-0.00216492401	-0.00609100251	0.00444649336	0.00124352377	0.00100089056	0	80.4	0	0	3
341	178	0.983157674	3.35805809	-0.00203261281	-0.00207136	-0.00609100251	0.00444649336	0.00133708778	0.00100152952	0	74.9	0	0	3
342	179	0.986786159	3.36790576	-0.00298115837	-0.00198450976	-0.00609100251	0.00444649336	0.00142393802	0.00100216316	0	70.3	0	0	3
343	179	0.989887086	3.37775344	-0.0036811142	-0.00190853317	-0.00609100251	0.00444649336	0.00149991461	0.00100279154	0	66.8	0	0	3
344	180	0.993563617	3.38760112	-0.0044081364	-0.0018476401	-0.00604807765	0.00444649336	0.00156080768	0.00100341473	0	64.2	0	0	3
345	180	0.997645097	3.3974488	-0.00497324414	-0.00181089727	-0.00553666261	0.00444649336	0.00159263885	0.00100403278	0	63	0	0	3
346	180	1	3.40729647	-0.00528646129	-0.00178516507	-0.00553666261	0.00444649336	0.00157647419	0.00100464578	0	63.7	0	0	3
