Iteration	CPUTime	PhysTime	Travels	Value	AvValue	MinValue	MaxValue	Delta	Criteria	PrevAvRefValue	Progress	CriteriaType	CriteriaVarType	CriteriaPercentage
1	7	0.00626576075	0.00984767767	101463.587	101463.587	101463.587	101463.587	0	0	0	0	0	0	3
2	9	0.00861977012	0.0196953553	101332.64	101427.826	101332.64	101463.587	35.7607841	0	0	0	0	0	3
3	10	0.0109806089	0.029543033	101360.972	101413.453	101332.64	101463.587	50.1345338	0	0	0	0	0	3
4	11	0.0135151584	0.0393907107	101368.867	101405.091	101332.64	101463.587	58.4957901	0	0	0	0	0	3
5	11	0.01619452	0.0492383884	101360.623	101397.734	101332.64	101463.587	65.8529956	0	0	0	0	0	3
6	12	0.0208130979	0.059086066	101369.022	101391.363	101332.64	101463.587	72.2245124	0	0	0	0	0	3
7	13	0.0263413663	0.0689337437	101371.516	101387.197	101332.64	101463.587	76.3897096	0	0	0	0	0	3
8	14	0.0321285776	0.0787814214	101341.277	101378.926	101332.64	101463.587	84.6611432	0	0	0	0	0	3
9	16	0.0364371811	0.0886290991	101347.612	101375.223	101332.64	101463.587	88.3639383	0	0	0	0	0	3
10	17	0.0383695045	0.0984767767	101349.966	101373.951	101332.64	101463.587	89.6358976	0	0	0	0	0	3
11	18	0.0414361573	0.108324454	101311.679	101369.342	101311.679	101463.587	94.2445677	0	0	0	0	0	3
12	19	0.0448719853	0.118172132	101303.401	101364.293	101303.401	101463.587	99.2937018	0	0	0	0	0	3
13	20	0.0482396593	0.12801981	101362.822	101364.191	101303.401	101463.587	99.3964297	0	0	0	0	0	3
14	21	0.0515489637	0.137867487	101376.352	101364.971	101303.401	101463.587	99.3964297	0	0	0	0	0	3
15	22	0.0552736965	0.147715165	101353.792	101364.218	101303.401	101463.587	99.3964297	0	0	0	0	0	3
16	23	0.0618278713	0.157562843	101329.241	101360.51	101303.401	101463.587	103.076811	0	0	0	0	0	3
17	24	0.0681544893	0.16741052	101318.663	101356.626	101303.401	101463.587	106.961353	0	0	0	0	0	3
18	25	0.0729432555	0.177258198	101320.702	101354.267	101303.401	101463.587	109.319738	0	0	0	0	0	3
19	26	0.0784664971	0.187105876	101276.2	101348.772	101276.2	101463.587	114.814879	0	0	0	0	0	3
20	27	0.0815953546	0.196953553	101353.787	101348.964	101276.2	101463.587	114.814879	0	0	0	0	0	3
21	28	0.0864528146	0.206801231	101083.646	101334.057	101083.646	101463.587	129.529833	0	0	0	0	0	3
22	30	0.0900744241	0.216648909	101342.299	101334.389	101083.646	101463.587	129.529833	0	0	0	0	0	3
23	31	0.0959818608	0.226496586	101408.974	101338.979	101083.646	101463.587	129.529833	0	0	0	0	0	3
24	32	0.103597436	0.236344264	101313.637	101337.116	101083.646	101463.587	129.529833	0	0	0	0	0	3
25	33	0.110276698	0.246191942	101193.697	101328.43	101083.646	101463.587	135.157475	0	0	0	0	0	3
26	34	0.120682536	0.25603962	101323.114	101327.971	101083.646	101463.587	135.615854	0	0	0	0	0	3
27	36	0.129048641	0.265887297	101297.239	101325.979	101083.646	101463.587	137.608225	0	0	0	0	0	3
28	37	0.140482747	0.275734975	101369.884	101329.552	101083.646	101463.587	137.608225	0	0	0	0	0	3
29	38	0.150802252	0.285582653	101287.95	101326.705	101083.646	101463.587	137.608225	0	0	0	0	0	3
30	39	0.163593714	0.29543033	101307.735	101325.222	101083.646	101463.587	138.364912	0	0	0	0	0	3
31	40	0.183077274	0.305278008	101275.149	101319.893	101083.646	101463.587	143.69386	0	0	0	0	0	3
32	41	0.19111261	0.315125686	101286.589	101318.493	101083.646	101463.587	145.094153	0	0	0	0	0	3
33	42	0.205327712	0.324973363	101350.383	101320.701	101083.646	101463.587	145.094153	0	0	0	0	0	3
34	43	0.218889731	0.334821041	101347.882	101322.385	101083.646	101463.587	145.094153	0	0	0	0	0	3
35	44	0.236620288	0.344668719	101342.617	101323.901	101083.646	101463.587	145.094153	0	0	0	0	0	3
36	45	0.248003719	0.354516396	101389.036	101326.891	101083.646	101463.587	145.094153	0	0	0	0	0	3
37	47	0.258781672	0.364364074	101398.91	101329.89	101083.646	101463.587	145.094153	0	0	0	0	0	3
38	48	0.273687232	0.374211752	101424.058	101335.019	101083.646	101463.587	145.094153	0	0	0	0	0	3
39	48	0.288350079	0.384059429	101430.752	101339.887	101083.646	101463.587	145.094153	0	0	0	0	0	3
40	49	0.303711836	0.393907107	101422.051	101344.043	101083.646	101463.587	145.094153	0	0	0	0	0	3
41	50	0.319940335	0.403754785	101388.409	101346.293	101083.646	101463.587	145.094153	0	0	0	0	0	3
42	52	0.33720546	0.413602462	101354.119	101346.694	101083.646	101463.587	145.094153	0	0	0	0	0	3
43	53	0.3549657	0.42345014	101348.794	101346.799	101083.646	101463.587	145.094153	0	0	0	0	0	3
44	54	0.371860784	0.433297818	101308.791	101345.072	101083.646	101463.587	145.094153	0	0	0	0	0	3
45	55	0.384349468	0.443145495	101204.783	101340.514	101083.646	101463.587	145.094153	0	0	0	0	0	3
46	56	0.391909475	0.452993173	101213.664	101338.067	101083.646	101463.587	145.094153	0	0	0	0	0	3
47	57	0.398627401	0.462840851	101230.978	101336.262	101083.646	101463.587	145.094153	0	0	0	0	0	3
48	59	0.405598712	0.472688528	101188.09	101333.715	101083.646	101463.587	145.094153	0	0	0	0	0	3
49	60	0.413770907	0.482536206	101346.005	101333.958	101083.646	101463.587	145.094153	0	0	0	0	0	3
50	61	0.42533052	0.492383884	101134.162	101328.528	101083.646	101463.587	145.094153	0	0	0	0	0	3
51	62	0.435186978	0.502231561	101268.165	101327.161	101083.646	101463.587	145.094153	0	0	0	0	0	3
52	63	0.449176883	0.512079239	101299.815	101324.367	101083.646	101430.752	109.333369	0	0	0	0	0	3
53	64	0.461913479	0.521926917	101258.033	101322.46	101083.646	101430.752	94.9596195	0	0	0	0	0	3
54	65	0.475818346	0.531774594	101328.759	101322.453	101083.646	101430.752	86.5983632	0	0	0	0	0	3
55	66	0.487591736	0.541622272	101286.192	101321.304	101083.646	101430.752	79.2411577	0	0	0	0	0	3
56	67	0.500974737	0.55146995	101258.601	101319.356	101083.646	101430.752	72.869641	0	0	0	0	0	3
57	68	0.518386964	0.561317627	101301.323	101318.264	101083.646	101430.752	68.9334403	0	0	0	0	0	3
58	69	0.53076218	0.571165305	101390.065	101319.442	101083.646	101430.752	60.6620067	0	0	0	0	0	3
59	70	0.545548509	0.581012983	101356.331	101320.258	101083.646	101430.752	56.9592115	0	0	0	0	0	3
60	71	0.567030336	0.59086066	101390.218	101322.868	101083.646	101430.752	55.6872523	0	0	0	0	0	3
61	72	0.57638453	0.600708338	101424.372	101324.536	101083.646	101430.752	51.0785822	0	0	0	0	0	3
62	73	0.591855294	0.610556016	101410.141	101327.014	101083.646	101430.752	46.707458	0	0	0	0	0	3
63	74	0.609705655	0.620403693	101392.995	101329.242	101083.646	101430.752	46.707458	0	0	0	0	0	3
64	75	0.628012859	0.630251371	101384.483	101330.792	101083.646	101430.752	46.707458	0	0	0	0	0	3
65	77	0.645819118	0.640099049	101342.498	101330.889	101083.646	101430.752	45.9541312	0	0	0	0	0	3
66	78	0.663118268	0.649946726	101344.672	101331.141	101083.646	101430.752	42.2463386	0	0	0	0	0	3
67	79	0.675443045	0.659794404	101304.659	101330.629	101083.646	101430.752	38.3617964	0	0	0	0	0	3
68	80	0.687426773	0.669642082	101288.536	101329.937	101083.646	101430.752	36.0034116	0	0	0	0	0	3
69	81	0.699361993	0.679489759	101166.044	101326.885	101083.646	101430.752	30.7005868	0	0	0	0	0	3
70	82	0.706617932	0.689337437	101219.536	101326.09	101083.646	101430.752	30.7005868	0	0	0	0	0	3
71	83	0.713066106	0.699185115	101142.229	101324.076	101083.646	101430.752	28.5349299	0	0	0	0	0	3
72	84	0.71953346	0.709032792	101137.428	101324.014	101134.162	101430.752	28.5349299	0	0	0	0	0	3
73	86	0.728755607	0.71888047	101302.226	101323.595	101134.162	101430.752	28.5349299	0	0	0	0	0	3
74	87	0.739757949	0.728728148	101050.195	101318.139	101050.195	101430.752	28.6594438	0	0	0	0	0	3
75	88	0.746687084	0.738575825	101388.522	101318.951	101050.195	101430.752	28.6594438	0	0	0	0	0	3
76	89	0.758254605	0.748423503	101313.343	101320.142	101050.195	101430.752	28.6594438	0	0	0	0	0	3
77	90	0.771474586	0.758271181	101226.527	101318.193	101050.195	101430.752	28.6594438	0	0	0	0	0	3
78	91	0.781483947	0.768118859	101271.722	101317.749	101050.195	101430.752	29.0502166	0	0	0	0	0	3
79	92	0.796126936	0.777966536	101265.11	101315.664	101050.195	101430.752	31.1350629	0	0	0	0	0	3
80	93	0.810020549	0.787814214	101202.919	101313.721	101050.195	101430.752	33.0774161	0	0	0	0	0	3
81	94	0.819258627	0.797661892	101298.461	101313.623	101050.195	101430.752	33.1756305	0	0	0	0	0	3
82	95	0.831219401	0.807509569	101338.962	101315.247	101050.195	101430.752	33.1756305	0	0	0	0	0	3
83	96	0.8483558	0.817357247	101372.354	101317.087	101050.195	101430.752	33.1756305	0	0	0	0	0	3
84	97	0.859096805	0.827204925	101312.647	101316.29	101050.195	101430.752	33.1756305	0	0	0	0	0	3
85	98	0.877944864	0.837052602	101378.476	101317.418	101050.195	101430.752	33.1756305	0	0	0	0	0	3
86	99	0.891592484	0.84690028	101410.075	101318.667	101050.195	101430.752	33.1756305	0	0	0	0	0	3
87	100	0.904517221	0.856747958	101451.723	101320.066	101050.195	101451.723	33.1756305	0	0	0	0	0	3
88	101	0.920454762	0.866595635	101437.218	101321.604	101050.195	101451.723	33.1756305	0	0	0	0	0	3
89	102	0.937043099	0.876443313	101393.028	101321.087	101050.195	101451.723	33.1756305	0	0	0	0	0	3
90	103	0.954208771	0.886290991	101352.772	101319.489	101050.195	101451.723	33.1756305	0	0	0	0	0	3
91	104	0.970721354	0.896138668	101344.024	101317.735	101050.195	101451.723	33.1756305	0	0	0	0	0	3
92	105	0.987756682	0.905986346	101333.758	101316.426	101050.195	101451.723	33.1756305	0	0	0	0	0	3
93	106	1	0.915834024	101301.346	101315.166	101050.195	101451.723	33.1756305	0	0	0	0	0	3
