Iteration	CPUTime	PhysTime	Travels	Value	AvValue	MinValue	MaxValue	Delta	Criteria	PrevAvRefValue	Progress	CriteriaType	CriteriaVarType	CriteriaPercentage
1	7	0.00626576075	0.00984767767	-0.127543438	-0.127543438	-0.127543438	-0.127543438	0	0	0	0	0	0	3
2	9	0.00861977012	0.0196953553	-0.0652118039	-0.110521029	-0.127543438	-0.0652118039	0.0170224088	0	0	0	0	0	3
3	10	0.0109806089	0.029543033	-0.037745351	-0.0948742064	-0.127543438	-0.037745351	0.0326692317	0	0	0	0	0	3
4	11	0.0135151584	0.0393907107	-0.044805525	-0.0854846345	-0.127543438	-0.037745351	0.0420588036	0	0	0	0	0	3
5	11	0.01619452	0.0492383884	-0.0544991802	-0.0803581326	-0.127543438	-0.037745351	0.0471853055	0	0	0	0	0	3
6	12	0.0208130979	0.059086066	-0.0325221775	-0.069742986	-0.127543438	-0.0325221775	0.057800452	0	0	0	0	0	3
7	13	0.0263413663	0.0689337437	0.0239220594	-0.0500854822	-0.127543438	0.0239220594	0.0774579559	0	0	0	0	0	3
8	14	0.0321285776	0.0787814214	0.0680564249	-0.0288049827	-0.127543438	0.0680564249	0.0987384553	0	0	0	0	0	3
9	16	0.0364371811	0.0886290991	0.13728397	-0.00916538855	-0.127543438	0.13728397	0.11837805	0	0	0	0	0	3
10	17	0.0383695045	0.0984767767	0.0828812182	-0.00452983726	-0.127543438	0.13728397	0.123013601	0	0	0	0	0	3
11	18	0.0414361573	0.108324454	0.0607219295	0.000299387528	-0.127543438	0.13728397	0.127842826	0	0	0	0	0	3
12	19	0.0448719853	0.118172132	0.104285541	0.00826156109	-0.127543438	0.13728397	0.135804999	0	0	0	0	0	3
13	20	0.0482396593	0.12801981	0.175251952	0.0199193798	-0.127543438	0.175251952	0.147462818	0	0	0	0	0	3
14	21	0.0515489637	0.137867487	0.161550715	0.0290117292	-0.127543438	0.175251952	0.156555167	0	0	0	0	0	3
15	22	0.0552736965	0.147715165	0.164500953	0.038141952	-0.127543438	0.175251952	0.16568539	0	0	0	0	0	3
16	23	0.0618278713	0.157562843	0.165099386	0.0516003033	-0.127543438	0.175251952	0.179143741	0	0	0	0	0	3
17	24	0.0681544893	0.16741052	0.17976406	0.0634974379	-0.127543438	0.17976406	0.191040876	0	0	0	0	0	3
18	25	0.0729432555	0.177258198	0.231095171	0.0745003243	-0.127543438	0.231095171	0.202043762	0	0	0	0	0	3
19	26	0.0784664971	0.187105876	0.198571033	0.0832336376	-0.127543438	0.231095171	0.210777076	0	0	0	0	0	3
20	27	0.0815953546	0.196953553	0.24575595	0.0894657222	-0.127543438	0.24575595	0.21700916	0	0	0	0	0	3
21	28	0.0864528146	0.206801231	0.229602539	0.0973394852	-0.127543438	0.24575595	0.224882923	0	0	0	0	0	3
22	30	0.0900744241	0.216648909	0.278406322	0.104619614	-0.127543438	0.278406322	0.232163052	0	0	0	0	0	3
23	31	0.0959818608	0.226496586	0.308001073	0.117137219	-0.127543438	0.308001073	0.244680657	0	0	0	0	0	3
24	32	0.103597436	0.236344264	0.304517157	0.130911749	-0.127543438	0.308001073	0.258455187	0	0	0	0	0	3
25	33	0.110276698	0.246191942	0.313727178	0.141984553	-0.127543438	0.313727178	0.269527991	0	0	0	0	0	3
26	34	0.120682536	0.25603962	0.221731711	0.148860742	-0.127543438	0.313727178	0.27640418	0	0	0	0	0	3
27	36	0.129048641	0.265887297	0.201246276	0.152256849	-0.127543438	0.313727178	0.279800287	0	0	0	0	0	3
28	37	0.140482747	0.275734975	0.224307377	0.158121152	-0.127543438	0.313727178	0.28566459	0	0	0	0	0	3
29	38	0.150802252	0.285582653	0.224078714	0.162634674	-0.127543438	0.313727178	0.290178112	0	0	0	0	0	3
30	39	0.163593714	0.29543033	0.177711318	0.163813523	-0.127543438	0.313727178	0.291356961	0	0	0	0	0	3
31	40	0.183077274	0.305278008	0.155342254	0.162911989	-0.127543438	0.313727178	0.291356961	0	0	0	0	0	3
32	41	0.19111261	0.315125686	0.127089381	0.161405826	-0.127543438	0.313727178	0.291356961	0	0	0	0	0	3
33	42	0.205327712	0.324973363	0.109867928	0.157837791	-0.127543438	0.313727178	0.291356961	0	0	0	0	0	3
34	43	0.218889731	0.334821041	0.113908811	0.155116029	-0.127543438	0.313727178	0.291356961	0	0	0	0	0	3
35	44	0.236620288	0.344668719	0.152066982	0.154887556	-0.127543438	0.313727178	0.291356961	0	0	0	0	0	3
36	45	0.248003719	0.354516396	0.250022342	0.159254266	-0.127543438	0.313727178	0.291356961	0	0	0	0	0	3
37	47	0.258781672	0.364364074	0.249183973	0.162999733	-0.127543438	0.313727178	0.291356961	0	0	0	0	0	3
38	48	0.273687232	0.374211752	0.324494378	0.171795058	-0.127543438	0.324494378	0.299338496	0	0	0	0	0	3
39	48	0.288350079	0.384059429	0.343279348	0.18051518	-0.127543438	0.343279348	0.308058618	0	0	0	0	0	3
40	49	0.303711836	0.393907107	0.332265137	0.188190699	-0.127543438	0.343279348	0.315734137	0	0	0	0	0	3
41	50	0.319940335	0.403754785	0.295188384	0.193617998	-0.127543438	0.343279348	0.321161436	0	0	0	0	0	3
42	52	0.33720546	0.413602462	0.28031795	0.198057088	-0.127543438	0.343279348	0.325600526	0	0	0	0	0	3
43	53	0.3549657	0.42345014	0.276419532	0.20197785	-0.127543438	0.343279348	0.329521288	0	0	0	0	0	3
44	54	0.371860784	0.433297818	0.260148501	0.204620769	-0.127543438	0.343279348	0.332164207	0	0	0	0	0	3
45	55	0.384349468	0.443145495	0.293166747	0.207497897	-0.127543438	0.343279348	0.335041335	0	0	0	0	0	3
46	56	0.391909475	0.452993173	0.298727882	0.209257741	-0.127543438	0.343279348	0.336801179	0	0	0	0	0	3
47	57	0.398627401	0.462840851	0.320272894	0.21112864	-0.127543438	0.343279348	0.338672078	0	0	0	0	0	3
48	59	0.405598712	0.472688528	0.311133179	0.212847488	-0.127543438	0.343279348	0.340390926	0	0	0	0	0	3
49	60	0.413770907	0.482536206	0.40737947	0.216689598	-0.127543438	0.40737947	0.344233036	0	0	0	0	0	3
50	61	0.42533052	0.492383884	0.434959573	0.222621729	-0.127543438	0.434959573	0.350165167	0	0	0	0	0	3
51	62	0.435186978	0.502231561	0.322623724	0.224886653	-0.127543438	0.434959573	0.352430091	0	0	0	0	0	3
52	63	0.449176883	0.512079239	0.300760114	0.232268959	-0.0652118039	0.434959573	0.342789988	0	0	0	0	0	3
53	64	0.461913479	0.521926917	0.314971206	0.236137571	-0.0544991802	0.434959573	0.331011777	0	0	0	0	0	3
54	65	0.475818346	0.531774594	0.243831623	0.237758735	-0.0544991802	0.434959573	0.323243369	0	0	0	0	0	3
55	66	0.487591736	0.541622272	0.225238802	0.23895848	-0.0544991802	0.434959573	0.319316613	0	0	0	0	0	3
56	67	0.500974737	0.55146995	0.162878374	0.238480117	-0.0325221775	0.434959573	0.308701466	0	0	0	0	0	3
57	68	0.518386964	0.561317627	0.137089128	0.237447511	0.0239220594	0.434959573	0.289043962	0	0	0	0	0	3
58	69	0.53076218	0.571165305	0.106297684	0.236570106	0.0607219295	0.434959573	0.267763463	0	0	0	0	0	3
59	70	0.545548509	0.581012983	0.0982663309	0.234486469	0.0607219295	0.434959573	0.248123869	0	0	0	0	0	3
60	71	0.567030336	0.59086066	0.21209236	0.23436913	0.0607219295	0.434959573	0.243488317	0	0	0	0	0	3
61	72	0.57638453	0.600708338	0.280446494	0.235714334	0.0607219295	0.434959573	0.238659092	0	0	0	0	0	3
62	73	0.591855294	0.610556016	0.309407502	0.238760614	0.0982663309	0.434959573	0.230696919	0	0	0	0	0	3
63	74	0.609705655	0.620403693	0.290865114	0.241225264	0.0982663309	0.434959573	0.221305884	0	0	0	0	0	3
64	75	0.628012859	0.630251371	0.302607518	0.243546713	0.0982663309	0.434959573	0.214534984	0	0	0	0	0	3
65	77	0.645819118	0.640099049	0.283875916	0.245211717	0.0982663309	0.434959573	0.207069765	0	0	0	0	0	3
66	78	0.663118268	0.649946726	0.302906673	0.247348282	0.0982663309	0.434959573	0.195747979	0	0	0	0	0	3
67	79	0.675443045	0.659794404	0.298722419	0.249258679	0.0982663309	0.434959573	0.185761241	0	0	0	0	0	3
68	80	0.687426773	0.669642082	0.290772162	0.250771991	0.0982663309	0.434959573	0.176271667	0	0	0	0	0	3
69	81	0.699361993	0.679489759	0.291289865	0.251694405	0.0982663309	0.434959573	0.168460767	0	0	0	0	0	3
70	82	0.706617932	0.689337437	0.335694832	0.253131821	0.0982663309	0.434959573	0.163666099	0	0	0	0	0	3
71	83	0.713066106	0.699185115	0.344868828	0.254105127	0.0982663309	0.434959573	0.156765642	0	0	0	0	0	3
72	84	0.71953346	0.709032792	0.314550602	0.254910621	0.0982663309	0.434959573	0.150291008	0	0	0	0	0	3
73	86	0.728755607	0.71888047	0.371517134	0.256461113	0.0982663309	0.434959573	0.139323894	0	0	0	0	0	3
74	87	0.739757949	0.728728148	0.421960147	0.258816603	0.0982663309	0.434959573	0.127904854	0	0	0	0	0	3
75	88	0.746687084	0.738575825	0.280047823	0.258504171	0.0982663309	0.434959573	0.11683205	0	0	0	0	0	3
76	89	0.758254605	0.748423503	0.297118901	0.258624279	0.0982663309	0.434959573	0.109955861	0	0	0	0	0	3
77	90	0.771474586	0.758271181	0.358080036	0.261234485	0.0982663309	0.434959573	0.108977636	0	0	0	0	0	3
78	91	0.781483947	0.768118859	0.244299236	0.261743895	0.0982663309	0.434959573	0.106856338	0	0	0	0	0	3
79	92	0.796126936	0.777966536	0.217815704	0.261415688	0.0982663309	0.434959573	0.106856338	0	0	0	0	0	3
80	93	0.810020549	0.787814214	0.248999996	0.261738495	0.0982663309	0.434959573	0.106856338	0	0	0	0	0	3
81	94	0.819258627	0.797661892	0.190796158	0.262378242	0.0982663309	0.434959573	0.107490685	0	0	0	0	0	3
82	95	0.831219401	0.807509569	0.0972951261	0.262549377	0.0972951261	0.434959573	0.107661821	0	0	0	0	0	3
83	96	0.8483558	0.817357247	0.105394856	0.260107974	0.0972951261	0.434959573	0.107661821	0	0	0	0	0	3
84	97	0.859096805	0.827204925	0.165880646	0.261826595	0.0972951261	0.434959573	0.107661821	0	0	0	0	0	3
85	98	0.877944864	0.837052602	0.22556164	0.263833316	0.0972951261	0.434959573	0.108945759	0	0	0	0	0	3
86	99	0.891592484	0.84690028	0.25598517	0.266695377	0.0972951261	0.434959573	0.107441111	0	0	0	0	0	3
87	100	0.904517221	0.856747958	0.334483087	0.268319007	0.0972951261	0.434959573	0.105319274	0	0	0	0	0	3
88	101	0.920454762	0.866595635	0.315737769	0.269772859	0.0972951261	0.434959573	0.0979778011	0	0	0	0	0	3
89	102	0.937043099	0.876443313	0.293407574	0.269134297	0.0972951261	0.434959573	0.0892576792	0	0	0	0	0	3
90	103	0.954208771	0.886290991	0.272908359	0.267598846	0.0972951261	0.434959573	0.08158216	0	0	0	0	0	3
91	104	0.970721354	0.896138668	0.267460364	0.266106102	0.0972951261	0.434959573	0.0761548611	0	0	0	0	0	3
92	105	0.987756682	0.905986346	0.288902319	0.265980886	0.0972951261	0.434959573	0.0717157708	0	0	0	0	0	3
93	106	1	0.915834024	0.289363791	0.266039356	0.0972951261	0.434959573	0.0677950095	0	0	0	0	0	3
