Iteration	CPUTime	PhysTime	Travels	Value	AvValue	MinValue	MaxValue	Delta	Criteria	PrevAvRefValue	Progress	CriteriaType	CriteriaVarType	CriteriaPercentage
1	2	0.000546925392	0.00984767767	-0.00082215864	-0.00082215864	-0.00082215864	-0.00082215864	0	0	0	0	0	0	3
2	3	0.000993116355	0.0196953553	-0.00109628858	-0.000945320747	-0.00109628858	-0.00082215864	0.000123162108	0	0	0	0	0	3
3	4	0.00144371966	0.029543033	-0.00075802324	-0.000886862808	-0.00109628858	-0.00075802324	0.000123162108	0	0	0	0	0	3
4	4	0.00186206646	0.0393907107	-0.000828477387	-0.000873745471	-0.00109628858	-0.00075802324	0.000123162108	0	0	0	0	0	3
5	5	0.00230383215	0.0492383884	-0.000553496954	-0.000812337001	-0.00109628858	-0.000553496954	0.000132983747	0	0	0	0	0	3
6	6	0.00306319089	0.059086066	-0.000443244719	-0.000720839781	-0.00109628858	-0.000443244719	0.000224480966	0	0	0	0	0	3
7	7	0.00396992406	0.0689337437	-0.000388627195	-0.000644962216	-0.00109628858	-0.000388627195	0.000300358532	0	0	0	0	0	3
8	7	0.00496693051	0.0787814214	-0.000410085669	-0.000597815707	-0.00109628858	-0.000388627195	0.00034750504	0	0	0	0	0	3
9	8	0.0060166148	0.0886290991	-0.000345681298	-0.000553827263	-0.00109628858	-0.000345681298	0.000391493485	0	0	0	0	0	3
10	8	0.00710412005	0.0984767767	-0.000775254802	-0.000587723595	-0.00109628858	-0.000345681298	0.000391493485	0	0	0	0	0	3
11	9	0.00857442523	0.108324454	-0.000400801092	-0.000555670936	-0.00109628858	-0.000345681298	0.000391493485	0	0	0	0	0	3
12	10	0.00955483636	0.118172132	-0.000623617056	-0.000562642812	-0.00109628858	-0.000345681298	0.000391493485	0	0	0	0	0	3
13	10	0.01022427	0.12801981	-0.000222255287	-0.000540355952	-0.00109628858	-0.000222255287	0.000404964795	0	0	0	0	0	3
14	11	0.0113782283	0.137867487	-0.000471682119	-0.000533391182	-0.00109628858	-0.000222255287	0.000411929565	0	0	0	0	0	3
15	11	0.0127125299	0.147715165	-0.000358604858	-0.000515045686	-0.00109628858	-0.000222255287	0.000430275061	0	0	0	0	0	3
16	12	0.0146836997	0.157562843	-0.000441863716	-0.000505221589	-0.00109628858	-0.000222255287	0.000440099159	0	0	0	0	0	3
17	13	0.0167174698	0.16741052	-0.000525709251	-0.000507714023	-0.00109628858	-0.000222255287	0.000440099159	0	0	0	0	0	3
18	13	0.019330463	0.177258198	-0.000958373452	-0.000568631862	-0.00109628858	-0.000222255287	0.000440099159	0	0	0	0	0	3
19	14	0.0216639831	0.187105876	-0.000612386401	-0.00057334485	-0.00109628858	-0.000222255287	0.000440099159	0	0	0	0	0	3
20	14	0.0237653172	0.196953553	-0.000617230005	-0.000577225184	-0.00109628858	-0.000222255287	0.000440099159	0	0	0	0	0	3
21	15	0.0274737527	0.206801231	-0.000867310145	-0.000616381151	-0.00109628858	-0.000222255287	0.000440099159	0	0	0	0	0	3
22	15	0.0308620923	0.216648909	-0.000854282431	-0.000642500259	-0.00109628858	-0.000222255287	0.000440099159	0	0	0	0	0	3
23	16	0.0352787554	0.226496586	-0.000461689669	-0.000619863988	-0.00109628858	-0.000222255287	0.000440099159	0	0	0	0	0	3
24	17	0.039575125	0.236344264	-0.000225235571	-0.000577022189	-0.00109628858	-0.000222255287	0.000440099159	0	0	0	0	0	3
25	17	0.0435376044	0.246191942	-0.000184901474	-0.000541334184	-0.00109628858	-0.000184901474	0.000440099159	0	0	0	0	0	3
26	17	0.0494482759	0.25603962	-0.000380183818	-0.000522071493	-0.00109628858	-0.000184901474	0.000440099159	0	0	0	0	0	3
27	18	0.0552547775	0.265887297	-0.000496981855	-0.000519434924	-0.00109628858	-0.000184901474	0.000440099159	0	0	0	0	0	3
28	18	0.0601735368	0.275734975	-0.000704237087	-0.000534541188	-0.00109628858	-0.000184901474	0.000440099159	0	0	0	0	0	3
29	19	0.0661977086	0.285582653	-0.000948258028	-0.000572190548	-0.00109628858	-0.000184901474	0.000440099159	0	0	0	0	0	3
30	19	0.0723840494	0.29543033	-0.00121576174	-0.000627193698	-0.00121576174	-0.000184901474	0.000440099159	0	0	0	0	0	3
31	20	0.079001449	0.305278008	-0.0015780037	-0.000706836411	-0.0015780037	-0.000184901474	0.000440099159	0	0	0	0	0	3
32	20	0.0850109157	0.315125686	-0.0018537836	-0.000787914716	-0.0018537836	-0.000184901474	0.000440099159	0	0	0	0	0	3
33	21	0.09154383	0.324973363	-0.00218547371	-0.000887649816	-0.00218547371	-0.000184901474	0.000440099159	0	0	0	0	0	3
34	21	0.0987203492	0.334821041	-0.00248195205	-0.00100354832	-0.00248195205	-0.000184901474	0.00049832673	0	0	0	0	0	3
35	21	0.106755654	0.344668719	-0.00257501636	-0.00112182987	-0.00257501636	-0.000184901474	0.000616608278	0	0	0	0	0	3
36	22	0.114451901	0.354516396	-0.00265105596	-0.00122466174	-0.00265105596	-0.000184901474	0.000719440148	0	0	0	0	0	3
37	22	0.122907977	0.364364074	-0.00267054558	-0.00132413863	-0.00267054558	-0.000184901474	0.000818917038	0	0	0	0	0	3
38	23	0.130818328	0.374211752	-0.00245459605	-0.00139249537	-0.00267054558	-0.000184901474	0.000887273782	0	0	0	0	0	3
39	24	0.136802282	0.384059429	-0.00190296499	-0.00141482414	-0.00267054558	-0.000184901474	0.000909602552	0	0	0	0	0	3
40	24	0.141470022	0.393907107	-0.00148186493	-0.00141703612	-0.00267054558	-0.000184901474	0.000911814532	0	0	0	0	0	3
41	25	0.144040693	0.403754785	-0.001518713	-0.00141885073	-0.00267054558	-0.000184901474	0.000913629143	0	0	0	0	0	3
42	25	0.148522479	0.413602462	-0.00144845903	-0.00141974419	-0.00267054558	-0.000184901474	0.000914522597	0	0	0	0	0	3
43	26	0.153790306	0.42345014	-0.00141269542	-0.00141950274	-0.00267054558	-0.000184901474	0.000914522597	0	0	0	0	0	3
44	27	0.157093389	0.433297818	-0.00131867283	-0.00141738267	-0.00267054558	-0.000184901474	0.000914522597	0	0	0	0	0	3
45	27	0.162863925	0.443145495	-0.0011264245	-0.00140707354	-0.00267054558	-0.000184901474	0.000914522597	0	0	0	0	0	3
46	28	0.168738929	0.452993173	-0.000959148545	-0.00139147808	-0.00267054558	-0.000184901474	0.000914522597	0	0	0	0	0	3
47	28	0.172767551	0.462840851	-0.00110772272	-0.00138486143	-0.00267054558	-0.000184901474	0.000914522597	0	0	0	0	0	3
48	29	0.179806016	0.472688528	-0.00130688284	-0.00138180897	-0.00267054558	-0.000184901474	0.000914522597	0	0	0	0	0	3
49	30	0.187449561	0.482536206	-0.00115751506	-0.00137266304	-0.00267054558	-0.000184901474	0.000914522597	0	0	0	0	0	3
50	30	0.192769916	0.492383884	-0.000811033727	-0.00135716235	-0.00267054558	-0.000184901474	0.000914522597	0	0	0	0	0	3
51	31	0.198159852	0.502231561	-0.000745159519	-0.00134051591	-0.00267054558	-0.000184901474	0.000914522597	0	0	0	0	0	3
52	31	0.206347652	0.512079239	-0.000999683594	-0.00132833343	-0.00267054558	-0.000184901474	0.000914522597	0	0	0	0	0	3
53	32	0.213977333	0.521926917	-0.00117706404	-0.00132340066	-0.00267054558	-0.000184901474	0.000914522597	0	0	0	0	0	3
54	32	0.222854313	0.531774594	-0.00149664498	-0.00133149715	-0.00267054558	-0.000184901474	0.000914522597	0	0	0	0	0	3
55	33	0.228914807	0.541622272	-0.00172320182	-0.00134287935	-0.00267054558	-0.000184901474	0.000914522597	0	0	0	0	0	3
56	33	0.236261488	0.55146995	-0.0021763982	-0.00137054384	-0.00267054558	-0.000184901474	0.000914522597	0	0	0	0	0	3
57	33	0.246171493	0.561317627	-0.00247914447	-0.00141863101	-0.00267054558	-0.000184901474	0.000914522597	0	0	0	0	0	3
58	34	0.253948433	0.571165305	-0.00269823381	-0.00146217609	-0.00269823381	-0.000184901474	0.000956954499	0	0	0	0	0	3
59	34	0.262300713	0.581012983	-0.00280027413	-0.00150968291	-0.00280027413	-0.000184901474	0.00100446132	0	0	0	0	0	3
60	35	0.270670369	0.59086066	-0.00286647291	-0.00155720802	-0.00286647291	-0.000184901474	0.00105198643	0	0	0	0	0	3
61	35	0.279467952	0.600708338	-0.0029144951	-0.00160417176	-0.0029144951	-0.000184901474	0.00109895018	0	0	0	0	0	3
62	36	0.286369486	0.610556016	-0.00273736331	-0.00163869391	-0.0029144951	-0.000184901474	0.00113347232	0	0	0	0	0	3
63	36	0.291921852	0.620403693	-0.00221850376	-0.00165361955	-0.0029144951	-0.000184901474	0.00114839796	0	0	0	0	0	3
64	37	0.296635848	0.630251371	-0.00181376268	-0.00165960087	-0.0029144951	-0.000184901474	0.00115437928	0	0	0	0	0	3
65	38	0.299674029	0.640099049	-0.00149024379	-0.00166257098	-0.0029144951	-0.000184901474	0.00115734939	0	0	0	0	0	3
66	38	0.302385441	0.649946726	-0.00145671796	-0.00166665052	-0.0029144951	-0.000184901474	0.00116142893	0	0	0	0	0	3
67	39	0.307172228	0.659794404	-0.00141502303	-0.00167078667	-0.0029144951	-0.000184901474	0.00116307264	0	0	0	0	0	3
68	39	0.312691099	0.669642082	-0.00106004514	-0.00166726683	-0.0029144951	-0.000184901474	0.00115135174	0	0	0	0	0	3
69	40	0.317869969	0.679489759	-0.000674721793	-0.00165625345	-0.0029144951	-0.000184901474	0.00115135174	0	0	0	0	0	3
70	41	0.32472488	0.689337437	-0.000405059378	-0.0016359904	-0.0029144951	-0.000184901474	0.00115135174	0	0	0	0	0	3
71	41	0.331445456	0.699185115	-0.000491988095	-0.00161795999	-0.0029144951	-0.000184901474	0.00115135174	0	0	0	0	0	3
72	42	0.338278844	0.709032792	-0.000465526894	-0.00160157903	-0.0029144951	-0.000184901474	0.00115135174	0	0	0	0	0	3
73	42	0.346668404	0.71888047	-0.000294393339	-0.00157487083	-0.0029144951	-0.000184901474	0.00115135174	0	0	0	0	0	3
74	43	0.352845611	0.728728148	-0.000142284522	-0.00156248655	-0.0029144951	-0.000142284522	0.00115135174	0	0	0	0	0	3
75	43	0.359710993	0.738575825	-3.59403134e-05	-0.00154769596	-0.0029144951	-3.59403134e-05	0.00115135174	0	0	0	0	0	3
76	43	0.368089091	0.748423503	-0.000327151485	-0.00153282684	-0.0029144951	-3.59403134e-05	0.00115135174	0	0	0	0	0	3
77	44	0.377210504	0.758271181	-0.000637531953	-0.00152869744	-0.0029144951	-3.59403134e-05	0.00115135174	0	0	0	0	0	3
78	44	0.381979326	0.768118859	-0.000871736004	-0.00153744403	-0.0029144951	-3.59403134e-05	0.00113624548	0	0	0	0	0	3
79	45	0.389236578	0.777966536	-0.00118435081	-0.0015421114	-0.0029144951	-3.59403134e-05	0.00109859612	0	0	0	0	0	3
80	45	0.398157551	0.787814214	-0.00164228343	-0.00155558022	-0.0029144951	-3.59403134e-05	0.00104359297	0	0	0	0	0	3
81	46	0.407218721	0.797661892	-0.00218425853	-0.00157887169	-0.0029144951	-3.59403134e-05	0.000963950255	0	0	0	0	0	3
82	46	0.414989295	0.807509569	-0.00254585827	-0.00160125281	-0.0029144951	-3.59403134e-05	0.00088287195	0	0	0	0	0	3
83	46	0.423149144	0.817357247	-0.0026311097	-0.00162161697	-0.0029144951	-3.59403134e-05	0.00078313685	0	0	0	0	0	3
84	47	0.431786597	0.827204925	-0.00281995754	-0.00164121176	-0.0029144951	-3.59403134e-05	0.000667238347	0	0	0	0	0	3
85	47	0.437883934	0.837052602	-0.00276524978	-0.00164362962	-0.0029144951	-3.59403134e-05	0.000548956799	0	0	0	0	0	3
86	48	0.446098258	0.84690028	-0.00238215528	-0.00163945246	-0.0029144951	-3.59403134e-05	0.000446124929	0	0	0	0	0	3
87	48	0.452466656	0.856747958	-0.00173305492	-0.00161818282	-0.0029144951	-3.59403134e-05	0.000347386001	0	0	0	0	0	3
88	49	0.455747351	0.866595635	-0.00158966193	-0.0015911655	-0.0029144951	-3.59403134e-05	0.000347386001	0	0	0	0	0	3
89	50	0.458242055	0.876443313	-0.00175672213	-0.00157156697	-0.0029144951	-3.59403134e-05	0.000347386001	0	0	0	0	0	3
90	50	0.46315089	0.886290991	-0.00169048301	-0.00156727912	-0.0029144951	-3.59403134e-05	0.000347386001	0	0	0	0	0	3
91	51	0.468331915	0.896138668	-0.0015524	-0.00156826303	-0.0029144951	-3.59403134e-05	0.000347386001	0	0	0	0	0	3
92	51	0.473391447	0.905986346	-0.00149756285	-0.00156756368	-0.0029144951	-3.59403134e-05	0.000347386001	0	0	0	0	0	3
93	52	0.480478543	0.915834024	-0.00152111531	-0.00156818008	-0.0029144951	-3.59403134e-05	0.000347386001	0	0	0	0	0	3
94	52	0.484870881	0.925681701	-0.00141131817	-0.00156857296	-0.0029144951	-3.59403134e-05	0.000347386001	0	0	0	0	0	3
95	53	0.49186303	0.935529379	-0.00198341862	-0.00157970331	-0.0029144951	-3.59403134e-05	0.000347386001	0	0	0	0	0	3
96	54	0.499761217	0.945377057	-0.0017637724	-0.00159178258	-0.0029144951	-3.59403134e-05	0.000347386001	0	0	0	0	0	3
97	54	0.506253669	0.955224734	-0.00104760691	-0.00159232684	-0.0029144951	-3.59403134e-05	0.000347386001	0	0	0	0	0	3
98	55	0.514543053	0.965072412	-0.000873604343	-0.00158060721	-0.0029144951	-3.59403134e-05	0.000347386001	0	0	0	0	0	3
99	55	0.522056136	0.97492009	-0.00114422999	-0.00157665706	-0.0029144951	-3.59403134e-05	0.000347386001	0	0	0	0	0	3
100	56	0.53101254	0.984767767	-0.00133083681	-0.00157957375	-0.0029144951	-3.59403134e-05	0.000347386001	0	0	0	0	0	3
101	57	0.535768396	0.994615445	-0.0015532857	-0.00159113031	-0.0029144951	-3.59403134e-05	0.000347386001	0	0	0	0	0	3
102	57	0.544322525	1.00446312	-0.00188263698	-0.00161150603	-0.0029144951	-3.59403134e-05	0.000347386001	0.000315132664	0	90.7	0	0	3
103	57	0.549202621	1.0143108	-0.00201726732	-0.0016318926	-0.0029144951	-3.59403134e-05	0.000347386001	0.000315132664	0	90.7	0	0	3
104	58	0.555995752	1.02415848	-0.00239038532	-0.00165710392	-0.0029144951	-3.59403134e-05	0.000339289517	0.000315132664	0	92.8	0	0	3
105	58	0.56315188	1.03400616	-0.00267493565	-0.00168269365	-0.0029144951	-3.59403134e-05	0.000339814302	0.000315132664	0	92.7	0	0	3
106	59	0.57062156	1.04385383	-0.00292000762	-0.00170902278	-0.00292000762	-3.59403134e-05	0.000338478941	0.000315283536	0	93.1	0	0	3
107	59	0.578725789	1.05370151	-0.00298044084	-0.00172908386	-0.00298044084	-3.59403134e-05	0.000310452852	0.000316697257	0	100	0	0	3
108	60	0.586331056	1.06354919	-0.00305717711	-0.00173692548	-0.00305717711	-3.59403134e-05	0.000274749389	0.000319039867	0	100	0	0	3
109	60	0.594568712	1.07339687	-0.00306642694	-0.00174713021	-0.00306642694	-3.59403134e-05	0.000237447296	0.000320857822	0	100	0	0	3
110	61	0.602090997	1.08324454	-0.00281234993	-0.00174482506	-0.00306642694	-3.59403134e-05	0.000218432766	0.000322221289	0	100	0	0	3
111	61	0.607646322	1.09309222	-0.00223846072	-0.00172510407	-0.00306642694	-3.59403134e-05	0.000218432766	0.000323281763	0	100	0	0	3
112	62	0.612641853	1.1029399	-0.00187219989	-0.00169590327	-0.00306642694	-3.59403134e-05	0.000218432766	0.000324130142	0	100	0	0	3
113	62	0.615126298	1.11278758	-0.00191022353	-0.00167565972	-0.00306642694	-3.59403134e-05	0.000218432766	0.00032482427	0	100	0	0	3
114	63	0.619390456	1.12263525	-0.00180770942	-0.00166817507	-0.00306642694	-3.59403134e-05	0.000218432766	0.00032540271	0	100	0	0	3
115	63	0.624941923	1.13248293	-0.00158047566	-0.00166460169	-0.00306642694	-3.59403134e-05	0.000218432766	0.00032589216	0	100	0	0	3
116	64	0.628971362	1.14233061	-0.00162911058	-0.00166577608	-0.00306642694	-3.59403134e-05	0.000218432766	0.000326311688	0	100	0	0	3
117	65	0.635077321	1.15217829	-0.00153944427	-0.00166516129	-0.00306642694	-3.59403134e-05	0.000218432766	0.000326675279	0	100	0	0	3
118	65	0.64040245	1.16202597	-0.00145943762	-0.00166546695	-0.00306642694	-3.59403134e-05	0.000218432766	0.000326993421	0	100	0	0	3
119	66	0.646544514	1.17187364	-0.00156435027	-0.00167361478	-0.00306642694	-3.59403134e-05	0.000218432766	0.000327274135	0	100	0	0	3
120	66	0.65320996	1.18172132	-0.00189054803	-0.00169335323	-0.00306642694	-3.59403134e-05	0.000218432766	0.000327523658	0	100	0	0	3
121	67	0.661134505	1.191569	-0.0015063744	-0.00171519986	-0.00306642694	-3.59403134e-05	0.000218432766	0.000327746916	0	100	0	0	3
122	67	0.667011014	1.20141668	-0.00100173945	-0.00172720357	-0.00306642694	-3.59403134e-05	0.000218432766	0.000327947848	0	100	0	0	3
123	68	0.672921309	1.21126435	-0.000759696668	-0.00173587933	-0.00306642694	-3.59403134e-05	0.000218432766	0.000328129643	0	100	0	0	3
124	68	0.681529953	1.22111203	-0.000917562691	-0.00175095671	-0.00306642694	-3.59403134e-05	0.000222259268	0.000328294912	0	100	0	0	3
125	69	0.68947511	1.23095971	-0.00106988988	-0.00176440152	-0.00306642694	-3.59403134e-05	0.000235704079	0.000328445809	0	100	0	0	3
126	69	0.695374294	1.24080739	-0.00129784536	-0.00179155446	-0.00306642694	-0.000327151485	0.000262857017	0.000328584132	0	100	0	0	3
127	70	0.700219163	1.25065506	-0.00146068178	-0.00182366801	-0.00306642694	-0.000637531953	0.00029497057	0.000328711389	0	100	0	0	3
128	70	0.710599	1.26050274	-0.00202922209	-0.00186252015	-0.00306642694	-0.000759696668	0.000325076113	0.000328828857	0	100	0	0	3
129	71	0.718949071	1.27035042	-0.00242425819	-0.0018904616	-0.00306642694	-0.000759696668	0.000348350205	0.000328937623	0	94.4	0	0	3
130	71	0.727468974	1.2801981	-0.00273790758	-0.00192695894	-0.00306642694	-0.000759696668	0.000371378723	0.000329038621	0	88.5	0	0	3
131	71	0.735903777	1.29004578	-0.00283058571	-0.00195704513	-0.00306642694	-0.000759696668	0.000389766003	0.000329132653	0	84.4	0	0	3
132	72	0.744001785	1.29989345	-0.002909073	-0.00197382361	-0.00306642694	-0.000759696668	0.000406544489	0.000329220416	0	80.9	0	0	3
133	72	0.752624848	1.30974113	-0.0029273738	-0.00198501167	-0.00306642694	-0.000759696668	0.000417732547	0.000329302517	0	78.8	0	0	3
134	73	0.760338632	1.31958881	-0.00252183385	-0.00198165708	-0.00306642694	-0.000759696668	0.000417732547	0.000329379487	0	78.8	0	0	3
135	73	0.766584266	1.32943649	-0.00198910831	-0.00196016875	-0.00306642694	-0.000759696668	0.000417732547	0.000329451792	0	78.8	0	0	3
136	74	0.770402767	1.33928416	-0.0018221159	-0.00194382079	-0.00306642694	-0.000759696668	0.000417732547	0.000329519844	0	78.8	0	0	3
137	75	0.773525265	1.34913184	-0.00165558046	-0.00193007528	-0.00306642694	-0.000759696668	0.000417732547	0.000329584007	0	78.8	0	0	3
138	75	0.778089225	1.35897952	-0.00174116102	-0.00193128068	-0.00306642694	-0.000759696668	0.000417732547	0.000329644606	0	78.9	0	0	3
139	76	0.783529339	1.3688272	-0.00136008044	-0.0019252198	-0.00306642694	-0.000759696668	0.000417732547	0.000329701929	0	78.9	0	0	3
140	76	0.7881215	1.37867487	-0.0011460259	-0.00191564712	-0.00306642694	-0.000759696668	0.000417732547	0.000329756235	0	78.9	0	0	3
141	77	0.795005617	1.38852255	-0.000865216576	-0.00189718725	-0.00306642694	-0.000759696668	0.000417447993	0.000329807756	0	79	0	0	3
142	78	0.800772177	1.39837023	-0.000594133747	-0.00187995774	-0.00306642694	-0.000594133747	0.000417447993	0.000329856701	0	79	0	0	3
143	78	0.806181569	1.40821791	-0.000378306482	-0.00186136259	-0.00306642694	-0.000378306482	0.000416831594	0.000329903258	0	79.1	0	0	3
144	79	0.814937818	1.41806558	-0.000568820418	-0.00183473317	-0.00306642694	-0.000378306482	0.000416438711	0.000329947598	0	79.2	0	0	3
145	79	0.81993303	1.42791326	-0.000152980588	-0.00181521163	-0.00306642694	-0.000152980588	0.000408354606	0.000329989876	0	80.8	0	0	3
146	80	0.824650614	1.43776094	-0.000299969428	-0.00179019744	-0.00306642694	-0.000152980588	0.000408354606	0.000330030233	0	80.8	0	0	3
147	80	0.831580777	1.44760862	-0.000368237104	-0.00176112831	-0.00306642694	-0.000152980588	0.000408354606	0.000330068795	0	80.8	0	0	3
148	81	0.838673462	1.4574563	-0.000701828303	-0.00175246223	-0.00306642694	-0.000152980588	0.000408354606	0.000330105681	0	80.8	0	0	3
149	81	0.847150196	1.46730397	-0.00114902146	-0.00175898639	-0.00306642694	-0.000152980588	0.000408354606	0.000330140998	0	80.8	0	0	3
150	82	0.853631954	1.47715165	-0.00136990891	-0.00176531016	-0.00306642694	-0.000152980588	0.00040543792	0.000330174843	0	81.4	0	0	3
151	82	0.862577579	1.48699933	-0.00169787927	-0.00177522709	-0.00306642694	-0.000152980588	0.000393881356	0.000330207306	0	83.8	0	0	3
152	82	0.869591153	1.49684701	-0.00211893963	-0.00178561037	-0.00306642694	-0.000152980588	0.000373505637	0.000330238471	0	88.4	0	0	3
153	83	0.877327952	1.50669468	-0.00242411809	-0.0017979526	-0.00306642694	-0.000152980588	0.000353119075	0.000330268414	0	93.5	0	0	3
154	83	0.885257861	1.51654236	-0.00261922041	-0.00181414726	-0.00306642694	-0.000152980588	0.000327907752	0.000330297205	0	100	0	0	3
155	84	0.893406781	1.52639004	-0.00267309053	-0.00182329041	-0.00306642694	-0.000152980588	0.000320409976	0.00033032491	0	100	0	0	3
156	84	0.90153305	1.53623772	-0.00271766166	-0.00182675815	-0.00306642694	-0.000152980588	0.000320409976	0.000330351588	0	100	0	0	3
157	85	0.907763703	1.54608539	-0.00269659147	-0.00181861146	-0.00306642694	-0.000152980588	0.000320409976	0.000330377297	0	100	0	0	3
158	85	0.913294364	1.55593307	-0.00271174407	-0.00180523269	-0.00306642694	-0.000152980588	0.000320409976	0.000330402087	0	100	0	0	3
159	86	0.919040538	1.56578075	-0.00229015105	-0.00178498996	-0.00306642694	-0.000152980588	0.000320409976	0.000330426008	0	100	0	0	3
160	86	0.924376509	1.57562843	-0.00178759968	-0.00175302555	-0.0029273738	-0.000152980588	0.000320409976	0.000330449103	0	100	0	0	3
161	87	0.927640394	1.58547611	-0.00165433728	-0.00172755892	-0.0029273738	-0.000152980588	0.000320409976	0.000330471416	0	100	0	0	3
162	87	0.930267033	1.59532378	-0.0017419433	-0.00171887862	-0.0029273738	-0.000152980588	0.000320409976	0.000330492985	0	100	0	0	3
163	88	0.934652213	1.60517146	-0.00186996628	-0.00171855759	-0.0029273738	-0.000152980588	0.000320409976	0.000330513847	0	100	0	0	3
164	88	0.93964737	1.61501914	-0.00198024322	-0.00172111822	-0.0029273738	-0.000152980588	0.000320409976	0.000330534035	0	100	0	0	3
165	89	0.944902417	1.62486682	-0.00201369921	-0.0017247073	-0.0029273738	-0.000152980588	0.000320409976	0.000330553583	0	100	0	0	3
166	90	0.951698629	1.63471449	-0.00169028154	-0.00172644172	-0.0029273738	-0.000152980588	0.000319850377	0.00033057252	0	100	0	0	3
167	90	0.958612996	1.64456217	-0.00163276249	-0.0017256665	-0.0029273738	-0.000152980588	0.000319850377	0.000330590875	0	100	0	0	3
168	91	0.967058583	1.65440985	-0.00148962441	-0.00172308669	-0.0029273738	-0.000152980588	0.000319544722	0.000330608673	0	100	0	0	3
169	91	0.974507426	1.66425753	-0.00115474303	-0.00171461769	-0.0029273738	-0.000152980588	0.000311396894	0.00033062594	0	100	0	0	3
170	92	0.982327862	1.6741052	-0.000680268538	-0.00169327622	-0.0029273738	-0.000152980588	0.000291735452	0.000330642699	0	100	0	0	3
171	92	0.985916695	1.68395288	-0.000683262899	-0.00167842929	-0.0029273738	-0.000152980588	0.000306582385	0.000330658972	0	100	0	0	3
172	93	0.994622969	1.69380056	-0.000974030323	-0.00166412824	-0.0029273738	-0.000152980588	0.00032088343	0.00033067478	0	100	0	0	3
173	93	1	1.70364824	-0.000914862789	-0.00166371895	-0.0029273738	-0.000152980588	0.000321292723	0.000330690143	0	100	0	0	3
