Iteration	CPUTime	PhysTime	Travels	Value	AvValue	MinValue	MaxValue	Delta	Criteria	PrevAvRefValue	Progress	CriteriaType	CriteriaVarType	CriteriaPercentage
1	3	0.000171001836	0.00984767767	0	0	0	0	0	0	0	0	0	0	3
2	3	0.000331710224	0.0196953553	0	0	0	0	0	0	0	0	0	0	3
3	4	0.000488878734	0.029543033	0	0	0	0	0	0	0	0	0	0	3
4	4	0.000643661688	0.0393907107	0	0	0	0	0	0	0	0	0	0	3
5	5	0.000801443904	0.0492383884	0	0	0	0	0	0	0	0	0	0	3
6	5	0.00107003424	0.059086066	0	0	0	0	0	0	0	0	0	0	3
7	5	0.0013851141	0.0689337437	0	0	0	0	0	0	0	0	0	0	3
8	6	0.00173024776	0.0787814214	0	0	0	0	0	0	0	0	0	0	3
9	6	0.00208106873	0.0886290991	0	0	0	0	0	0	0	0	0	0	3
10	7	0.00244932859	0.0984767767	0	0	0	0	0	0	0	0	0	0	3
11	7	0.00300443486	0.108324454	0	0	0	0	0	0	0	0	0	0	3
12	8	0.00354422222	0.118172132	0	0	0	0	0	0	0	0	0	0	3
13	8	0.00408180258	0.12801981	0	0	0	0	0	0	0	0	0	0	3
14	9	0.00461731342	0.137867487	0	0	0	0	0	0	0	0	0	0	3
15	9	0.0050994637	0.147715165	0	0	0	0	0	0	0	0	0	0	3
16	10	0.00562450728	0.157562843	0	0	0	0	0	0	0	0	0	0	3
17	10	0.00611401693	0.16741052	0	0	0	0	0	0	0	0	0	0	3
18	11	0.00666296052	0.177258198	0	0	0	0	0	0	0	0	0	0	3
19	12	0.00733664098	0.187105876	0	0	0	0	0	0	0	0	0	0	3
20	12	0.007962789	0.196953553	0	0	0	0	0	0	0	0	0	0	3
21	13	0.00897365026	0.206801231	0	0	0	0	0	0	0	0	0	0	3
22	13	0.00989405776	0.216648909	0	0	0	0	0	0	0	0	0	0	3
23	14	0.0103586548	0.226496586	0	0	0	0	0	0	0	0	0	0	3
24	15	0.0108371262	0.236344264	0	0	0	0	0	0	0	0	0	0	3
25	15	0.0112200883	0.246191942	0	0	0	0	0	0	0	0	0	0	3
26	16	0.0118385858	0.25603962	0	0	0	0	0	0	0	0	0	0	3
27	16	0.012825171	0.265887297	0	0	0	0	0	0	0	0	0	0	3
28	17	0.0140127618	0.275734975	0	0	0	0	0	0	0	0	0	0	3
29	17	0.014891468	0.285582653	0	0	0	0	0	0	0	0	0	0	3
30	18	0.01620345	0.29543033	0	0	0	0	0	0	0	0	0	0	3
31	18	0.0181945626	0.305278008	0	0	0	0	0	0	0	0	0	0	3
32	19	0.0204151633	0.315125686	0	0	0	0	0	0	0	0	0	0	3
33	20	0.0219395162	0.324973363	0	0	0	0	0	0	0	0	0	0	3
34	20	0.0243300956	0.334821041	0	0	0	0	0	0	0	0	0	0	3
35	20	0.0252528937	0.344668719	0	0	0	0	0	0	0	0	0	0	3
36	21	0.0275890882	0.354516396	0	0	0	0	0	0	0	0	0	0	3
37	21	0.0294179899	0.364364074	0	0	0	0	0	0	0	0	0	0	3
38	22	0.0316427054	0.374211752	0	0	0	0	0	0	0	0	0	0	3
39	22	0.0340597306	0.384059429	0	0	0	0	0	0	0	0	0	0	3
40	23	0.0358949734	0.393907107	0	0	0	0	0	0	0	0	0	0	3
41	23	0.03761349	0.403754785	0	0	0	0	0	0	0	0	0	0	3
42	24	0.0398581686	0.413602462	0	0	0	0	0	0	0	0	0	0	3
43	24	0.0418886315	0.42345014	0	0	0	0	0	0	0	0	0	0	3
44	25	0.0440099962	0.433297818	0	0	0	0	0	0	0	0	0	0	3
45	25	0.0462783759	0.443145495	0	0	0	0	0	0	0	0	0	0	3
46	26	0.0486528739	0.452993173	0	0	0	0	0	0	0	0	0	0	3
47	26	0.0502267998	0.462840851	0	0	0	0	0	0	0	0	0	0	3
48	27	0.0525414327	0.472688528	0	0	0	0	0	0	0	0	0	0	3
49	27	0.0542511769	0.482536206	0	0	0	0	0	0	0	0	0	0	3
50	28	0.0553920146	0.492383884	0	0	0	0	0	0	0	0	0	0	3
51	28	0.056142207	0.502231561	0	0	0	0	0	0	0	0	0	0	3
52	29	0.0569837923	0.512079239	0	0	0	0	0	0	0	0	0	0	3
53	30	0.0586247094	0.521926917	0	0	0	0	0	0	0	0	0	0	3
54	30	0.0596820105	0.531774594	0	0	0	0	0	0	0	0	0	0	3
55	31	0.0613649362	0.541622272	0	0	0	0	0	0	0	0	0	0	3
56	31	0.0616321404	0.55146995	0	0	0	0	0	0	0	0	0	0	3
57	32	0.062492664	0.561317627	0	0	0	0	0	0	0	0	0	0	3
58	32	0.0632192593	0.571165305	0	0	0	0	0	0	0	0	0	0	3
59	33	0.0640064671	0.581012983	0	0	0	0	0	0	0	0	0	0	3
60	33	0.0648524845	0.59086066	0	0	0	0	0	0	0	0	0	0	3
61	34	0.0655942157	0.600708338	0	0	0	0	0	0	0	0	0	0	3
62	34	0.0665950679	0.610556016	0	0	0	0	0	0	0	0	0	0	3
63	35	0.0675428314	0.620403693	0	0	0	0	0	0	0	0	0	0	3
64	36	0.0686213274	0.630251371	0	0	0	0	0	0	0	0	0	0	3
65	37	0.069671385	0.640099049	0	0	0	0	0	0	0	0	0	0	3
66	37	0.0714644078	0.649946726	0	0	0	0	0	0	0	0	0	0	3
67	38	0.072644538	0.659794404	0	0	0	0	0	0	0	0	0	0	3
68	38	0.0738764011	0.669642082	0	0	0	0	0	0	0	0	0	0	3
69	39	0.0758249122	0.679489759	0	0	0	0	0	0	0	0	0	0	3
70	39	0.077159036	0.689337437	0	0	0	0	0	0	0	0	0	0	3
71	40	0.0789742696	0.699185115	0	0	0	0	0	0	0	0	0	0	3
72	40	0.0810194402	0.709032792	0	0	0	0	0	0	0	0	0	0	3
73	40	0.0828057227	0.71888047	0	0	0	0	0	0	0	0	0	0	3
74	41	0.084924187	0.728728148	0	0	0	0	0	0	0	0	0	0	3
75	41	0.0871784155	0.738575825	0	0	0	0	0	0	0	0	0	0	3
76	42	0.0895336111	0.748423503	0	0	0	0	0	0	0	0	0	0	3
77	42	0.0919824422	0.758271181	0	0	0	0	0	0	0	0	0	0	3
78	43	0.0942044898	0.768118859	0	0	0	0	0	0	0	0	0	0	3
79	43	0.0956288114	0.777966536	0	0	0	0	0	0	0	0	0	0	3
80	44	0.0970884216	0.787814214	0	0	0	0	0	0	0	0	0	0	3
81	44	0.0989238183	0.797661892	0	0	0	0	0	0	0	0	0	0	3
82	45	0.100269765	0.807509569	0	0	0	0	0	0	0	0	0	0	3
83	45	0.100965641	0.817357247	0	0	0	0	0	0	0	0	0	0	3
84	46	0.101765254	0.827204925	0	0	0	0	0	0	0	0	0	0	3
85	46	0.10324547	0.837052602	0	0	0	0	0	0	0	0	0	0	3
86	47	0.104892294	0.84690028	0	0	0	0	0	0	0	0	0	0	3
87	48	0.106472237	0.856747958	0	0	0	0	0	0	0	0	0	0	3
88	48	0.108475571	0.866595635	0	0	0	0	0	0	0	0	0	0	3
89	49	0.110239065	0.876443313	0	0	0	0	0	0	0	0	0	0	3
90	49	0.112476502	0.886290991	0	0	0	0	0	0	0	0	0	0	3
91	50	0.114549979	0.896138668	0	0	0	0	0	0	0	0	0	0	3
92	50	0.116355026	0.905986346	0	0	0	0	0	0	0	0	0	0	3
93	51	0.118618292	0.915834024	0	0	0	0	0	0	0	0	0	0	3
94	51	0.119795205	0.925681701	0	0	0	0	0	0	0	0	0	0	3
95	51	0.121754244	0.935529379	0	0	0	0	0	0	0	0	0	0	3
96	52	0.124059027	0.945377057	0	0	0	0	0	0	0	0	0	0	3
97	52	0.125862081	0.955224734	0	0	0	0	0	0	0	0	0	0	3
98	53	0.12804952	0.965072412	0	0	0	0	0	0	0	0	0	0	3
99	53	0.130160979	0.97492009	0	0	0	0	0	0	0	0	0	0	3
100	54	0.132432475	0.984767767	0	0	0	0	0	0	0	0	0	0	3
101	55	0.134790042	0.994615445	0	0	0	0	0	0	0	0	0	0	3
102	55	0.136969736	1.00446312	0	0	0	0	0	5e-06	0	0	0	0	3
103	55	0.139480356	1.0143108	0	0	0	0	0	5e-06	0	0	0	0	3
104	56	0.141782141	1.02415848	0	0	0	0	0	5e-06	0	0	0	0	3
105	57	0.143367784	1.03400616	0	0	0	0	0	5e-06	0	0	0	0	3
106	57	0.144930867	1.04385383	0	0	0	0	0	5e-06	0	0	0	0	3
107	58	0.145724966	1.05370151	0	0	0	0	0	5e-06	0	0	0	0	3
108	58	0.146556352	1.06354919	0	0	0	0	0	5e-06	0	0	0	0	3
109	59	0.147848201	1.07339687	0	0	0	0	0	5e-06	0	0	0	0	3
110	59	0.149410781	1.08324454	0	0	0	0	0	5e-06	0	0	0	0	3
111	60	0.151005734	1.09309222	0	0	0	0	0	5e-06	0	0	0	0	3
112	60	0.152595452	1.1029399	0	0	0	0	0	5e-06	0	0	0	0	3
113	61	0.154132809	1.11278758	0	0	0	0	0	5e-06	0	0	0	0	3
114	61	0.156026464	1.12263525	0	0	0	0	0	5e-06	0	0	0	0	3
115	62	0.157990846	1.13248293	0	0	0	0	0	5e-06	0	0	0	0	3
116	62	0.159510527	1.14233061	0	0	0	0	0	5e-06	0	0	0	0	3
117	63	0.161638966	1.15217829	0	0	0	0	0	5e-06	0	0	0	0	3
118	63	0.163632742	1.16202597	0	0	0	0	0	5e-06	0	0	0	0	3
119	64	0.1657748	1.17187364	0	0	0	0	0	5e-06	0	0	0	0	3
120	64	0.167856485	1.18172132	0	0	0	0	0	5e-06	0	0	0	0	3
121	65	0.169851676	1.191569	0	0	0	0	0	5e-06	0	0	0	0	3
122	65	0.172660453	1.20141668	0	0	0	0	0	5e-06	0	0	0	0	3
123	65	0.174485086	1.21126435	0	0	0	0	0	5e-06	0	0	0	0	3
124	66	0.176864464	1.22111203	0	0	0	0	0	5e-06	0	0	0	0	3
125	66	0.179114308	1.23095971	0	0	0	0	0	5e-06	0	0	0	0	3
126	67	0.181480945	1.24080739	0	0	0	0	0	5e-06	0	0	0	0	3
127	67	0.184026171	1.25065506	0	0	0	0	0	5e-06	0	0	0	0	3
128	68	0.186123033	1.26050274	0	0	0	0	0	5e-06	0	0	0	0	3
129	68	0.188023411	1.27035042	0	0	0	0	0	5e-06	0	0	0	0	3
130	69	0.189463818	1.2801981	0	0	0	0	0	5e-06	0	0	0	0	3
131	69	0.190335741	1.29004578	0	0	0	0	0	5e-06	0	0	0	0	3
132	70	0.191194276	1.29989345	0	0	0	0	0	5e-06	0	0	0	0	3
133	70	0.192384939	1.30974113	0	0	0	0	0	5e-06	0	0	0	0	3
134	71	0.193986386	1.31958881	0	0	0	0	0	5e-06	0	0	0	0	3
135	72	0.195542456	1.32943649	0	0	0	0	0	5e-06	0	0	0	0	3
136	72	0.197622287	1.33928416	0	0	0	0	0	5e-06	0	0	0	0	3
137	73	0.199079115	1.34913184	0	0	0	0	0	5e-06	0	0	0	0	3
138	73	0.200903034	1.35897952	0	0	0	0	0	5e-06	0	0	0	0	3
139	74	0.203017782	1.3688272	0	0	0	0	0	5e-06	0	0	0	0	3
140	74	0.204100461	1.37867487	0	0	0	0	0	5e-06	0	0	0	0	3
141	75	0.205410541	1.38852255	0	0	0	0	0	5e-06	0	0	0	0	3
142	75	0.207276445	1.39837023	0	0	0	0	0	5e-06	0	0	0	0	3
143	76	0.209126502	1.40821791	0	0	0	0	0	5e-06	0	0	0	0	3
144	76	0.21067782	1.41806558	0	0	0	0	0	5e-06	0	0	0	0	3
145	77	0.213235504	1.42791326	0	0	0	0	0	5e-06	0	0	0	0	3
146	77	0.215097851	1.43776094	0	0	0	0	0	5e-06	0	0	0	0	3
147	78	0.217214238	1.44760862	0	0	0	0	0	5e-06	0	0	0	0	3
148	78	0.218939482	1.4574563	0	0	0	0	0	5e-06	0	0	0	0	3
149	78	0.220756871	1.46730397	0	0	0	0	0	5e-06	0	0	0	0	3
150	79	0.22277129	1.47715165	0	0	0	0	0	5e-06	0	0	0	0	3
151	79	0.225052676	1.48699933	0	0	0	0	0	5e-06	0	0	0	0	3
152	80	0.227197952	1.49684701	0	0	0	0	0	5e-06	0	0	0	0	3
153	80	0.229514109	1.50669468	0	0	0	0	0	5e-06	0	0	0	0	3
154	81	0.231545971	1.51654236	0	0	0	0	0	5e-06	0	0	0	0	3
155	81	0.233215696	1.52639004	0	0	0	0	0	5e-06	0	0	0	0	3
156	82	0.234725394	1.53623772	0	0	0	0	0	5e-06	0	0	0	0	3
157	82	0.235519424	1.54608539	0	0	0	0	0	5e-06	0	0	0	0	3
158	83	0.23625548	1.55593307	0	0	0	0	0	5e-06	0	0	0	0	3
159	83	0.237569661	1.56578075	0	0	0	0	0	5e-06	0	0	0	0	3
160	84	0.239155994	1.57562843	0	0	0	0	0	5e-06	0	0	0	0	3
161	85	0.24043853	1.58547611	0	0	0	0	0	5e-06	0	0	0	0	3
162	85	0.242322127	1.59532378	0	0	0	0	0	5e-06	0	0	0	0	3
163	86	0.243001981	1.60517146	0	0	0	0	0	5e-06	0	0	0	0	3
164	86	0.244357097	1.61501914	0	0	0	0	0	5e-06	0	0	0	0	3
165	87	0.245978951	1.62486682	0	0	0	0	0	5e-06	0	0	0	0	3
166	87	0.247628175	1.63471449	0	0	0	0	0	5e-06	0	0	0	0	3
167	88	0.249366701	1.64456217	0	0	0	0	0	5e-06	0	0	0	0	3
168	88	0.250394944	1.65440985	0	0	0	0	0	5e-06	0	0	0	0	3
169	89	0.251970356	1.66425753	0	0	0	0	0	5e-06	0	0	0	0	3
170	89	0.253991631	1.6741052	0	0	0	0	0	5e-06	0	0	0	0	3
171	90	0.256099793	1.68395288	0	0	0	0	0	5e-06	0	0	0	0	3
172	90	0.258163303	1.69380056	0	0	0	0	0	5e-06	0	0	0	0	3
173	90	0.259569987	1.70364824	0	0	0	0	0	5e-06	0	0	0	0	3
174	91	0.261304905	1.71349592	0	0	0	0	0	5e-06	0	0	0	0	3
175	91	0.263038127	1.72334359	0	0	0	0	0	5e-06	0	0	0	0	3
176	92	0.264839712	1.73319127	0	0	0	0	0	5e-06	0	0	0	0	3
177	92	0.266903878	1.74303895	0	0	0	0	0	5e-06	0	0	0	0	3
178	92	0.269076562	1.75288663	0	0	0	0	0	5e-06	0	0	0	0	3
179	93	0.27137349	1.7627343	0	0	0	0	0	5e-06	0	0	0	0	3
180	93	0.273935377	1.77258198	0	0	0	0	0	5e-06	0	0	0	0	3
181	94	0.275552638	1.78242966	0	0	0	0	0	5e-06	0	0	0	0	3
182	94	0.277015968	1.79227734	0	0	0	0	0	5e-06	0	0	0	0	3
183	95	0.278957878	1.80212501	0	0	0	0	0	5e-06	0	0	0	0	3
184	96	0.280297539	1.81197269	0	0	0	0	0	5e-06	0	0	0	0	3
185	96	0.281075066	1.82182037	0	0	0	0	0	5e-06	0	0	0	0	3
186	97	0.282474639	1.83166805	0	0	0	0	0	5e-06	0	0	0	0	3
187	97	0.284209585	1.84151572	0	0	0	0	0	5e-06	0	0	0	0	3
188	98	0.285662823	1.8513634	0	0	0	0	0	5e-06	0	0	0	0	3
189	99	0.287204852	1.86121108	0	0	0	0	0	5e-06	0	0	0	0	3
190	99	0.28905929	1.87105876	0	0	0	0	0	5e-06	0	0	0	0	3
191	100	0.291057273	1.88090644	0	0	0	0	0	5e-06	0	0	0	0	3
192	100	0.293421037	1.89075411	0	0	0	0	0	5e-06	0	0	0	0	3
193	101	0.294412116	1.90060179	0	0	0	0	0	5e-06	0	0	0	0	3
194	101	0.29593171	1.91044947	0	0	0	0	0	5e-06	0	0	0	0	3
195	102	0.297989554	1.92029715	0	0	0	0	0	5e-06	0	0	0	0	3
196	102	0.30002087	1.93014482	0	0	0	0	0	5e-06	0	0	0	0	3
197	103	0.301770153	1.9399925	0	0	0	0	0	5e-06	0	0	0	0	3
198	103	0.304076905	1.94984018	0	0	0	0	0	5e-06	0	0	0	0	3
199	104	0.306531221	1.95968786	0	0	0	0	0	5e-06	0	0	0	0	3
200	104	0.307991719	1.96953553	0	0	0	0	0	5e-06	0	0	0	0	3
201	105	0.309913433	1.97938321	0	0	0	0	0	5e-06	0	0	0	0	3
202	105	0.312113462	1.98923089	0	0	0	0	0	5e-06	0	0	0	0	3
203	106	0.314383637	1.99907857	0	0	0	0	0	5e-06	0	0	0	0	3
204	106	0.316633241	2.00892625	0	0	0	0	0	5e-06	0	0	0	0	3
205	107	0.319110964	2.01877392	0	0	0	0	0	5e-06	0	0	0	0	3
206	107	0.320627765	2.0286216	0	0	0	0	0	5e-06	0	0	0	0	3
207	108	0.322220094	2.03846928	0	0	0	0	0	5e-06	0	0	0	0	3
208	108	0.323871002	2.04831696	0	0	0	0	0	5e-06	0	0	0	0	3
209	109	0.324941597	2.05816463	0	0	0	0	0	5e-06	0	0	0	0	3
210	109	0.325697804	2.06801231	0	0	0	0	0	5e-06	0	0	0	0	3
211	110	0.327008689	2.07785999	0	0	0	0	0	5e-06	0	0	0	0	3
212	111	0.32850683	2.08770767	0	0	0	0	0	5e-06	0	0	0	0	3
213	111	0.329909241	2.09755534	0	0	0	0	0	5e-06	0	0	0	0	3
214	112	0.331895746	2.10740302	0	0	0	0	0	5e-06	0	0	0	0	3
215	112	0.334051683	2.1172507	0	0	0	0	0	5e-06	0	0	0	0	3
216	113	0.336300334	2.12709838	0	0	0	0	0	5e-06	0	0	0	0	3
217	114	0.338021426	2.13694606	0	0	0	0	0	5e-06	0	0	0	0	3
218	114	0.340321587	2.14679373	0	0	0	0	0	5e-06	0	0	0	0	3
219	115	0.342299004	2.15664141	0	0	0	0	0	5e-06	0	0	0	0	3
220	115	0.344642652	2.16648909	0	0	0	0	0	5e-06	0	0	0	0	3
221	116	0.346528518	2.17633677	0	0	0	0	0	5e-06	0	0	0	0	3
222	116	0.348757601	2.18618444	0	0	0	0	0	5e-06	0	0	0	0	3
223	117	0.350277587	2.19603212	0	0	0	0	0	5e-06	0	0	0	0	3
224	117	0.352196476	2.2058798	0	0	0	0	0	5e-06	0	0	0	0	3
225	117	0.354243375	2.21572748	0	0	0	0	0	5e-06	0	0	0	0	3
226	118	0.356394151	2.22557515	0	0	0	0	0	5e-06	0	0	0	0	3
227	118	0.358612458	2.23542283	0	0	0	0	0	5e-06	0	0	0	0	3
228	119	0.360939043	2.24527051	0	0	0	0	0	5e-06	0	0	0	0	3
229	119	0.363409928	2.25511819	0	0	0	0	0	5e-06	0	0	0	0	3
230	120	0.365325073	2.26496586	0	0	0	0	0	5e-06	0	0	0	0	3
231	120	0.367105982	2.27481354	0	0	0	0	0	5e-06	0	0	0	0	3
232	121	0.369073136	2.28466122	0	0	0	0	0	5e-06	0	0	0	0	3
233	121	0.369994897	2.2945089	0	0	0	0	0	5e-06	0	0	0	0	3
234	122	0.37079848	2.30435658	0	0	0	0	0	5e-06	0	0	0	0	3
235	122	0.372097242	2.31420425	0	0	0	0	0	5e-06	0	0	0	0	3
236	123	0.373698776	2.32405193	0	0	0	0	0	5e-06	0	0	0	0	3
237	124	0.375455626	2.33389961	0	0	0	0	0	5e-06	0	0	0	0	3
238	124	0.377137377	2.34374729	0	0	0	0	0	5e-06	0	0	0	0	3
239	125	0.379110881	2.35359496	0	0	0	0	0	5e-06	0	0	0	0	3
240	125	0.380964403	2.36344264	0	0	0	0	0	5e-06	0	0	0	0	3
241	126	0.381844925	2.37329032	0	0	0	0	0	5e-06	0	0	0	0	3
242	126	0.383279984	2.383138	0	0	0	0	0	5e-06	0	0	0	0	3
243	127	0.385029176	2.39298567	0	0	0	0	0	5e-06	0	0	0	0	3
244	127	0.386170795	2.40283335	0	0	0	0	0	5e-06	0	0	0	0	3
245	128	0.388037756	2.41268103	0	0	0	0	0	5e-06	0	0	0	0	3
246	128	0.389759062	2.42252871	0	0	0	0	0	5e-06	0	0	0	0	3
247	129	0.392122905	2.43237639	0	0	0	0	0	5e-06	0	0	0	0	3
248	129	0.394057959	2.44222406	0	0	0	0	0	5e-06	0	0	0	0	3
249	129	0.396442103	2.45207174	0	0	0	0	0	5e-06	0	0	0	0	3
250	130	0.398332174	2.46191942	0	0	0	0	0	5e-06	0	0	0	0	3
251	130	0.400379783	2.4717671	0	0	0	0	0	5e-06	0	0	0	0	3
252	131	0.402541853	2.48161477	0	0	0	0	0	5e-06	0	0	0	0	3
253	131	0.404844958	2.49146245	0	0	0	0	0	5e-06	0	0	0	0	3
254	132	0.407077803	2.50131013	0	0	0	0	0	5e-06	0	0	0	0	3
255	132	0.409226702	2.51115781	0	0	0	0	0	5e-06	0	0	0	0	3
256	133	0.411012238	2.52100548	0	0	0	0	0	5e-06	0	0	0	0	3
257	133	0.412651689	2.53085316	0	0	0	0	0	5e-06	0	0	0	0	3
258	134	0.414039595	2.54070084	0	0	0	0	0	5e-06	0	0	0	0	3
259	134	0.414904591	2.55054852	0	0	0	0	0	5e-06	0	0	0	0	3
260	135	0.415663867	2.5603962	0	0	0	0	0	5e-06	0	0	0	0	3
261	135	0.417060584	2.57024387	0	0	0	0	0	5e-06	0	0	0	0	3
262	136	0.418507465	2.58009155	0	0	0	0	0	5e-06	0	0	0	0	3
263	137	0.419863107	2.58993923	0	0	0	0	0	5e-06	0	0	0	0	3
264	137	0.422012998	2.59978691	0	0	0	0	0	5e-06	0	0	0	0	3
265	138	0.423932942	2.60963458	0	0	0	0	0	5e-06	0	0	0	0	3
266	138	0.425981102	2.61948226	0	0	0	0	0	5e-06	0	0	0	0	3
267	139	0.428131582	2.62932994	0	0	0	0	0	5e-06	0	0	0	0	3
268	139	0.429889041	2.63917762	0	0	0	0	0	5e-06	0	0	0	0	3
269	140	0.432302609	2.64902529	0	0	0	0	0	5e-06	0	0	0	0	3
270	140	0.433995917	2.65887297	0	0	0	0	0	5e-06	0	0	0	0	3
271	141	0.435663462	2.66872065	0	0	0	0	0	5e-06	0	0	0	0	3
272	141	0.438128817	2.67856833	0	0	0	0	0	5e-06	0	0	0	0	3
273	142	0.439616462	2.688416	0	0	0	0	0	5e-06	0	0	0	0	3
274	142	0.442011498	2.69826368	0	0	0	0	0	5e-06	0	0	0	0	3
275	142	0.444105198	2.70811136	0	0	0	0	0	5e-06	0	0	0	0	3
276	143	0.446313	2.71795904	0	0	0	0	0	5e-06	0	0	0	0	3
277	143	0.448619499	2.72780672	0	0	0	0	0	5e-06	0	0	0	0	3
278	144	0.450992692	2.73765439	0	0	0	0	0	5e-06	0	0	0	0	3
279	144	0.453402352	2.74750207	0	0	0	0	0	5e-06	0	0	0	0	3
280	145	0.455018683	2.75734975	0	0	0	0	0	5e-06	0	0	0	0	3
281	145	0.456585211	2.76719743	0	0	0	0	0	5e-06	0	0	0	0	3
282	146	0.458416654	2.7770451	0	0	0	0	0	5e-06	0	0	0	0	3
283	146	0.459865935	2.78689278	0	0	0	0	0	5e-06	0	0	0	0	3
284	147	0.460740545	2.79674046	0	0	0	0	0	5e-06	0	0	0	0	3
285	147	0.462051284	2.80658814	0	0	0	0	0	5e-06	0	0	0	0	3
286	148	0.463694259	2.81643581	0	0	0	0	0	5e-06	0	0	0	0	3
287	149	0.465105493	2.82628349	0	0	0	0	0	5e-06	0	0	0	0	3
288	149	0.467016859	2.83613117	0	0	0	0	0	5e-06	0	0	0	0	3
289	150	0.469258165	2.84597885	0	0	0	0	0	5e-06	0	0	0	0	3
290	150	0.471384629	2.85582653	0	0	0	0	0	5e-06	0	0	0	0	3
291	151	0.473822845	2.8656742	0	0	0	0	0	5e-06	0	0	0	0	3
292	151	0.475580067	2.87552188	0	0	0	0	0	5e-06	0	0	0	0	3
293	152	0.476128108	2.88536956	0	0	0	0	0	5e-06	0	0	0	0	3
294	152	0.47797661	2.89521724	0	0	0	0	0	5e-06	0	0	0	0	3
295	153	0.480382699	2.90506491	0	0	0	0	0	5e-06	0	0	0	0	3
296	153	0.482746721	2.91491259	0	0	0	0	0	5e-06	0	0	0	0	3
297	154	0.484778952	2.92476027	0	0	0	0	0	5e-06	0	0	0	0	3
298	154	0.48658917	2.93460795	0	0	0	0	0	5e-06	0	0	0	0	3
299	154	0.488824862	2.94445562	0	0	0	0	0	5e-06	0	0	0	0	3
300	155	0.491126294	2.9543033	0	0	0	0	0	5e-06	0	0	0	0	3
301	156	0.493391882	2.96415098	0	0	0	0	0	5e-06	0	0	0	0	3
302	156	0.495689739	2.97399866	0	0	0	0	0	5e-06	0	0	0	0	3
303	157	0.498097887	2.98384633	0	0	0	0	0	5e-06	0	0	0	0	3
304	157	0.500306773	2.99369401	0	0	0	0	0	5e-06	0	0	0	0	3
305	158	0.502130991	3.00354169	0	0	0	0	0	5e-06	0	0	0	0	3
306	158	0.503614384	3.01338937	0	0	0	0	0	5e-06	0	0	0	0	3
307	159	0.504484344	3.02323705	0	0	0	0	0	5e-06	0	0	0	0	3
308	160	0.505260466	3.03308472	0	0	0	0	0	5e-06	0	0	0	0	3
309	160	0.506543426	3.0429324	0	0	0	0	0	5e-06	0	0	0	0	3
310	161	0.507990591	3.05278008	0	0	0	0	0	5e-06	0	0	0	0	3
311	161	0.509267067	3.06262776	0	0	0	0	0	5e-06	0	0	0	0	3
312	162	0.51113124	3.07247543	0	0	0	0	0	5e-06	0	0	0	0	3
313	162	0.513007393	3.08232311	0	0	0	0	0	5e-06	0	0	0	0	3
314	163	0.51461242	3.09217079	0	0	0	0	0	5e-06	0	0	0	0	3
315	164	0.516824197	3.10201847	0	0	0	0	0	5e-06	0	0	0	0	3
316	164	0.5186657	3.11186614	0	0	0	0	0	5e-06	0	0	0	0	3
317	165	0.5205226	3.12171382	0	0	0	0	0	5e-06	0	0	0	0	3
318	165	0.522747632	3.1315615	0	0	0	0	0	5e-06	0	0	0	0	3
319	165	0.524174511	3.14140918	0	0	0	0	0	5e-06	0	0	0	0	3
320	166	0.526781183	3.15125686	0	0	0	0	0	5e-06	0	0	0	0	3
321	166	0.528760267	3.16110453	0	0	0	0	0	5e-06	0	0	0	0	3
322	167	0.53154552	3.17095221	0	0	0	0	0	5e-06	0	0	0	0	3
323	167	0.534068896	3.18079989	0	0	0	0	0	5e-06	0	0	0	0	3
324	167	0.536398255	3.19064757	0	0	0	0	0	5e-06	0	0	0	0	3
325	168	0.538750656	3.20049524	0	0	0	0	0	5e-06	0	0	0	0	3
326	168	0.541063819	3.21034292	0	0	0	0	0	5e-06	0	0	0	0	3
327	169	0.543584287	3.2201906	0	0	0	0	0	5e-06	0	0	0	0	3
328	169	0.545874955	3.23003828	0	0	0	0	0	5e-06	0	0	0	0	3
329	170	0.547549833	3.23988595	0	0	0	0	0	5e-06	0	0	0	0	3
330	171	0.549256592	3.24973363	0	0	0	0	0	5e-06	0	0	0	0	3
331	171	0.549794778	3.25958131	0	0	0	0	0	5e-06	0	0	0	0	3
332	172	0.550529333	3.26942899	0	0	0	0	0	5e-06	0	0	0	0	3
333	172	0.552043577	3.27927667	0	0	0	0	0	5e-06	0	0	0	0	3
334	173	0.553476127	3.28912434	0	0	0	0	0	5e-06	0	0	0	0	3
335	174	0.555066348	3.29897202	0	0	0	0	0	5e-06	0	0	0	0	3
336	174	0.556742259	3.3088197	0	0	0	0	0	5e-06	0	0	0	0	3
337	175	0.557623641	3.31866738	0	0	0	0	0	5e-06	0	0	0	0	3
338	175	0.559271209	3.32851505	0	0	0	0	0	5e-06	0	0	0	0	3
339	176	0.561481298	3.33836273	0	0	0	0	0	5e-06	0	0	0	0	3
340	176	0.562869689	3.34821041	0	0	0	0	0	5e-06	0	0	0	0	3
341	177	0.564093185	3.35805809	0	0	0	0	0	5e-06	0	0	0	0	3
342	177	0.565987028	3.36790576	0	0	0	0	0	5e-06	0	0	0	0	3
343	178	0.567643863	3.37775344	0	0	0	0	0	5e-06	0	0	0	0	3
344	178	0.569202763	3.38760112	0	0	0	0	0	5e-06	0	0	0	0	3
345	179	0.571455384	3.3974488	0	0	0	0	0	5e-06	0	0	0	0	3
346	179	0.573201039	3.40729647	0	0	0	0	0	5e-06	0	0	0	0	3
347	180	0.575653264	3.41714415	0	0	0	0	0	5e-06	0	0	0	0	3
348	180	0.577470501	3.42699183	0	0	0	0	0	5e-06	0	0	0	0	3
349	180	0.579424364	3.43683951	0	0	0	0	0	5e-06	0	0	0	0	3
350	181	0.581693493	3.44668719	0	0	0	0	0	5e-06	0	0	0	0	3
351	181	0.584138893	3.45653486	0	0	0	0	0	5e-06	0	0	0	0	3
352	182	0.586440753	3.46638254	0	0	0	0	0	5e-06	0	0	0	0	3
353	182	0.588904881	3.47623022	0	0	0	0	0	5e-06	0	0	0	0	3
354	183	0.591197439	3.4860779	0	0	0	0	0	5e-06	0	0	0	0	3
355	183	0.592870848	3.49592557	0	0	0	0	0	5e-06	0	0	0	0	3
356	184	0.594391028	3.50577325	0	0	0	0	0	5e-06	0	0	0	0	3
357	184	0.595118242	3.51562093	0	0	0	0	0	5e-06	0	0	0	0	3
358	185	0.596349703	3.52546861	0	0	0	0	0	5e-06	0	0	0	0	3
359	186	0.597831642	3.53531628	0	0	0	0	0	5e-06	0	0	0	0	3
360	186	0.599342084	3.54516396	0	0	0	0	0	5e-06	0	0	0	0	3
361	187	0.601107265	3.55501164	0	0	0	0	0	5e-06	0	0	0	0	3
362	187	0.602457578	3.56485932	0	0	0	0	0	5e-06	0	0	0	0	3
363	188	0.604595389	3.574707	0	0	0	0	0	5e-06	0	0	0	0	3
364	188	0.604749723	3.58455467	0	0	0	0	0	5e-06	0	0	0	0	3
365	189	0.605013497	3.59440235	0	0	0	0	0	5e-06	0	0	0	0	3
366	190	0.60579408	3.60425003	0	0	0	0	0	5e-06	0	0	0	0	3
367	190	0.60650495	3.61409771	0	0	0	0	0	5e-06	0	0	0	0	3
368	191	0.607174665	3.62394538	0	0	0	0	0	5e-06	0	0	0	0	3
369	191	0.607909576	3.63379306	0	0	0	0	0	5e-06	0	0	0	0	3
370	192	0.608822469	3.64364074	0	0	0	0	0	5e-06	0	0	0	0	3
371	193	0.609358771	3.65348842	0	0	0	0	0	5e-06	0	0	0	0	3
372	193	0.610302085	3.66333609	0	0	0	0	0	5e-06	0	0	0	0	3
373	194	0.611575686	3.67318377	0	0	0	0	0	5e-06	0	0	0	0	3
374	194	0.612800877	3.68303145	0	0	0	0	0	5e-06	0	0	0	0	3
375	195	0.614903301	3.69287913	0	0	0	0	0	5e-06	0	0	0	0	3
376	195	0.61651004	3.70272681	0	0	0	0	0	5e-06	0	0	0	0	3
377	195	0.618395557	3.71257448	0	0	0	0	0	5e-06	0	0	0	0	3
378	196	0.620874126	3.72242216	0	0	0	0	0	5e-06	0	0	0	0	3
379	196	0.62237309	3.73226984	0	0	0	0	0	5e-06	0	0	0	0	3
380	197	0.624258452	3.74211752	0	0	0	0	0	5e-06	0	0	0	0	3
381	197	0.626550955	3.75196519	0	0	0	0	0	5e-06	0	0	0	0	3
382	197	0.629063703	3.76181287	0	0	0	0	0	5e-06	0	0	0	0	3
383	198	0.631323472	3.77166055	0	0	0	0	0	5e-06	0	0	0	0	3
384	198	0.633167365	3.78150823	0	0	0	0	0	5e-06	0	0	0	0	3
385	199	0.635125776	3.7913559	0	0	0	0	0	5e-06	0	0	0	0	3
386	199	0.637346428	3.80120358	0	0	0	0	0	5e-06	0	0	0	0	3
387	200	0.638697066	3.81105126	0	0	0	0	0	5e-06	0	0	0	0	3
388	200	0.639704412	3.82089894	0	0	0	0	0	5e-06	0	0	0	0	3
389	201	0.640621587	3.83074661	0	0	0	0	0	5e-06	0	0	0	0	3
390	202	0.64220789	3.84059429	0	0	0	0	0	5e-06	0	0	0	0	3
391	202	0.643512816	3.85044197	0	0	0	0	0	5e-06	0	0	0	0	3
392	203	0.645084605	3.86028965	0	0	0	0	0	5e-06	0	0	0	0	3
393	203	0.646413773	3.87013733	0	0	0	0	0	5e-06	0	0	0	0	3
394	204	0.648084672	3.879985	0	0	0	0	0	5e-06	0	0	0	0	3
395	204	0.650078548	3.88983268	0	0	0	0	0	5e-06	0	0	0	0	3
396	205	0.652544776	3.89968036	0	0	0	0	0	5e-06	0	0	0	0	3
397	206	0.654247188	3.90952804	0	0	0	0	0	5e-06	0	0	0	0	3
398	206	0.656474118	3.91937571	0	0	0	0	0	5e-06	0	0	0	0	3
399	206	0.658702656	3.92922339	0	0	0	0	0	5e-06	0	0	0	0	3
400	207	0.661117562	3.93907107	0	0	0	0	0	5e-06	0	0	0	0	3
401	208	0.662879173	3.94891875	0	0	0	0	0	5e-06	0	0	0	0	3
402	208	0.665469012	3.95876642	0	0	0	0	0	5e-06	0	0	0	0	3
403	209	0.666963497	3.9686141	0	0	0	0	0	5e-06	0	0	0	0	3
404	209	0.668931815	3.97846178	0	0	0	0	0	5e-06	0	0	0	0	3
405	209	0.671209937	3.98830946	0	0	0	0	0	5e-06	0	0	0	0	3
406	210	0.673579048	3.99815714	0	0	0	0	0	5e-06	0	0	0	0	3
407	210	0.675825023	4.00800481	0	0	0	0	0	5e-06	0	0	0	0	3
408	211	0.678337624	4.01785249	0	0	0	0	0	5e-06	0	0	0	0	3
409	211	0.680470045	4.02770017	0	0	0	0	0	5e-06	0	0	0	0	3
410	212	0.682214492	4.03754785	0	0	0	0	0	5e-06	0	0	0	0	3
411	213	0.684193981	4.04739552	0	0	0	0	0	5e-06	0	0	0	0	3
412	213	0.68459948	4.0572432	0	0	0	0	0	5e-06	0	0	0	0	3
413	214	0.685562188	4.06709088	0	0	0	0	0	5e-06	0	0	0	0	3
414	214	0.687104287	4.07693856	0	0	0	0	0	5e-06	0	0	0	0	3
415	215	0.688051211	4.08678623	0	0	0	0	0	5e-06	0	0	0	0	3
416	215	0.689657752	4.09663391	0	0	0	0	0	5e-06	0	0	0	0	3
417	216	0.691124619	4.10648159	0	0	0	0	0	5e-06	0	0	0	0	3
418	216	0.692529646	4.11632927	0	0	0	0	0	5e-06	0	0	0	0	3
419	217	0.694401072	4.12617695	0	0	0	0	0	5e-06	0	0	0	0	3
420	217	0.69669175	4.13602462	0	0	0	0	0	5e-06	0	0	0	0	3
421	218	0.698502854	4.1458723	0	0	0	0	0	5e-06	0	0	0	0	3
422	218	0.701076732	4.15571998	0	0	0	0	0	5e-06	0	0	0	0	3
423	219	0.703168134	4.16556766	0	0	0	0	0	5e-06	0	0	0	0	3
424	219	0.705123012	4.17541533	0	0	0	0	0	5e-06	0	0	0	0	3
425	220	0.707397988	4.18526301	0	0	0	0	0	5e-06	0	0	0	0	3
426	220	0.70945682	4.19511069	0	0	0	0	0	5e-06	0	0	0	0	3
427	220	0.711170462	4.20495837	0	0	0	0	0	5e-06	0	0	0	0	3
428	221	0.71342138	4.21480604	0	0	0	0	0	5e-06	0	0	0	0	3
429	221	0.715734192	4.22465372	0	0	0	0	0	5e-06	0	0	0	0	3
430	222	0.718107104	4.2345014	0	0	0	0	0	5e-06	0	0	0	0	3
431	222	0.720405019	4.24434908	0	0	0	0	0	5e-06	0	0	0	0	3
432	223	0.722879423	4.25419675	0	0	0	0	0	5e-06	0	0	0	0	3
433	223	0.724346657	4.26404443	0	0	0	0	0	5e-06	0	0	0	0	3
434	224	0.725835935	4.27389211	0	0	0	0	0	5e-06	0	0	0	0	3
435	224	0.72765794	4.28373979	0	0	0	0	0	5e-06	0	0	0	0	3
436	225	0.729006274	4.29358747	0	0	0	0	0	5e-06	0	0	0	0	3
437	225	0.729786594	4.30343514	0	0	0	0	0	5e-06	0	0	0	0	3
438	226	0.731188322	4.31328282	0	0	0	0	0	5e-06	0	0	0	0	3
439	226	0.732665908	4.3231305	0	0	0	0	0	5e-06	0	0	0	0	3
440	227	0.734232939	4.33297818	0	0	0	0	0	5e-06	0	0	0	0	3
441	228	0.734913743	4.34282585	0	0	0	0	0	5e-06	0	0	0	0	3
442	228	0.736116205	4.35267353	0	0	0	0	0	5e-06	0	0	0	0	3
443	229	0.737347043	4.36252121	0	0	0	0	0	5e-06	0	0	0	0	3
444	229	0.737727154	4.37236889	0	0	0	0	0	5e-06	0	0	0	0	3
445	230	0.738110507	4.38221656	0	0	0	0	0	5e-06	0	0	0	0	3
446	230	0.738604203	4.39206424	0	0	0	0	0	5e-06	0	0	0	0	3
447	231	0.739056507	4.40191192	0	0	0	0	0	5e-06	0	0	0	0	3
448	231	0.739593325	4.4117596	0	0	0	0	0	5e-06	0	0	0	0	3
449	232	0.740188349	4.42160728	0	0	0	0	0	5e-06	0	0	0	0	3
450	232	0.740841668	4.43145495	0	0	0	0	0	5e-06	0	0	0	0	3
451	233	0.741537722	4.44130263	0	0	0	0	0	5e-06	0	0	0	0	3
452	233	0.742263344	4.45115031	0	0	0	0	0	5e-06	0	0	0	0	3
453	234	0.743055513	4.46099799	0	0	0	0	0	5e-06	0	0	0	0	3
454	235	0.743961924	4.47084566	0	0	0	0	0	5e-06	0	0	0	0	3
455	235	0.7450504	4.48069334	0	0	0	0	0	5e-06	0	0	0	0	3
456	236	0.746090557	4.49054102	0	0	0	0	0	5e-06	0	0	0	0	3
457	236	0.747487991	4.5003887	0	0	0	0	0	5e-06	0	0	0	0	3
458	237	0.749122624	4.51023637	0	0	0	0	0	5e-06	0	0	0	0	3
459	237	0.750881762	4.52008405	0	0	0	0	0	5e-06	0	0	0	0	3
460	238	0.752789925	4.52993173	0	0	0	0	0	5e-06	0	0	0	0	3
461	238	0.7548993	4.53977941	0	0	0	0	0	5e-06	0	0	0	0	3
462	239	0.756629563	4.54962709	0	0	0	0	0	5e-06	0	0	0	0	3
463	239	0.759581053	4.55947476	0	0	0	0	0	5e-06	0	0	0	0	3
464	239	0.761945809	4.56932244	0	0	0	0	0	5e-06	0	0	0	0	3
465	240	0.764513393	4.57917012	0	0	0	0	0	5e-06	0	0	0	0	3
466	240	0.76691102	4.5890178	0	0	0	0	0	5e-06	0	0	0	0	3
467	241	0.769229703	4.59886547	0	0	0	0	0	5e-06	0	0	0	0	3
468	241	0.771482103	4.60871315	0	0	0	0	0	5e-06	0	0	0	0	3
469	242	0.773692216	4.61856083	0	0	0	0	0	5e-06	0	0	0	0	3
470	242	0.774176578	4.62840851	0	0	0	0	0	5e-06	0	0	0	0	3
471	243	0.775158476	4.63825618	0	0	0	0	0	5e-06	0	0	0	0	3
472	243	0.776687872	4.64810386	0	0	0	0	0	5e-06	0	0	0	0	3
473	244	0.778125409	4.65795154	0	0	0	0	0	5e-06	0	0	0	0	3
474	245	0.780055667	4.66779922	0	0	0	0	0	5e-06	0	0	0	0	3
475	245	0.78134454	4.67764689	0	0	0	0	0	5e-06	0	0	0	0	3
476	246	0.783481958	4.68749457	0	0	0	0	0	5e-06	0	0	0	0	3
477	246	0.785409597	4.69734225	0	0	0	0	0	5e-06	0	0	0	0	3
478	247	0.787282143	4.70718993	0	0	0	0	0	5e-06	0	0	0	0	3
479	247	0.788987909	4.71703761	0	0	0	0	0	5e-06	0	0	0	0	3
480	248	0.790510852	4.72688528	0	0	0	0	0	5e-06	0	0	0	0	3
481	248	0.791651332	4.73673296	0	0	0	0	0	5e-06	0	0	0	0	3
482	249	0.793359514	4.74658064	0	0	0	0	0	5e-06	0	0	0	0	3
483	249	0.795702445	4.75642832	0	0	0	0	0	5e-06	0	0	0	0	3
484	250	0.797479181	4.76627599	0	0	0	0	0	5e-06	0	0	0	0	3
485	250	0.799929376	4.77612367	0	0	0	0	0	5e-06	0	0	0	0	3
486	250	0.802040252	4.78597135	0	0	0	0	0	5e-06	0	0	0	0	3
487	251	0.804639606	4.79581903	0	0	0	0	0	5e-06	0	0	0	0	3
488	251	0.806788553	4.8056667	0	0	0	0	0	5e-06	0	0	0	0	3
489	252	0.809094829	4.81551438	0	0	0	0	0	5e-06	0	0	0	0	3
490	252	0.811427304	4.82536206	0	0	0	0	0	5e-06	0	0	0	0	3
491	252	0.813819378	4.83520974	0	0	0	0	0	5e-06	0	0	0	0	3
492	253	0.81600343	4.84505742	0	0	0	0	0	5e-06	0	0	0	0	3
493	254	0.817764599	4.85490509	0	0	0	0	0	5e-06	0	0	0	0	3
494	254	0.818634681	4.86475277	0	0	0	0	0	5e-06	0	0	0	0	3
495	255	0.819431725	4.87460045	0	0	0	0	0	5e-06	0	0	0	0	3
496	255	0.820717143	4.88444813	0	0	0	0	0	5e-06	0	0	0	0	3
497	256	0.82196094	4.8942958	0	0	0	0	0	5e-06	0	0	0	0	3
498	256	0.823523142	4.90414348	0	0	0	0	0	5e-06	0	0	0	0	3
499	257	0.825362063	4.91399116	0	0	0	0	0	5e-06	0	0	0	0	3
500	257	0.827037815	4.92383884	0	0	0	0	0	5e-06	0	0	0	0	3
501	259	0.829009355	4.93368651	0	0	0	0	0	5e-06	0	0	0	0	3
502	259	0.831309524	4.94353419	0	0	0	0	0	5e-06	0	0	0	0	3
503	259	0.832832345	4.95338187	0	0	0	0	0	5e-06	0	0	0	0	3
504	260	0.835278	4.96322955	0	0	0	0	0	5e-06	0	0	0	0	3
505	260	0.837316329	4.97307722	0	0	0	0	0	5e-06	0	0	0	0	3
506	261	0.839744749	4.9829249	0	0	0	0	0	5e-06	0	0	0	0	3
507	261	0.841970813	4.99277258	0	0	0	0	0	5e-06	0	0	0	0	3
508	262	0.844029124	5.00262026	0	0	0	0	0	5e-06	0	0	0	0	3
509	262	0.846256143	5.01246794	0	0	0	0	0	5e-06	0	0	0	0	3
510	263	0.848111409	5.02231561	0	0	0	0	0	5e-06	0	0	0	0	3
511	263	0.850229025	5.03216329	0	0	0	0	0	5e-06	0	0	0	0	3
512	263	0.852392459	5.04201097	0	0	0	0	0	5e-06	0	0	0	0	3
513	264	0.854685069	5.05185865	0	0	0	0	0	5e-06	0	0	0	0	3
514	264	0.857150611	5.06170632	0	0	0	0	0	5e-06	0	0	0	0	3
515	265	0.85891479	5.071554	0	0	0	0	0	5e-06	0	0	0	0	3
516	265	0.860475488	5.08140168	0	0	0	0	0	5e-06	0	0	0	0	3
517	266	0.862219674	5.09124936	0	0	0	0	0	5e-06	0	0	0	0	3
518	267	0.863729964	5.10109703	0	0	0	0	0	5e-06	0	0	0	0	3
519	267	0.864484111	5.11094471	0	0	0	0	0	5e-06	0	0	0	0	3
520	268	0.865761486	5.12079239	0	0	0	0	0	5e-06	0	0	0	0	3
521	268	0.86738564	5.13064007	0	0	0	0	0	5e-06	0	0	0	0	3
522	269	0.868747021	5.14048775	0	0	0	0	0	5e-06	0	0	0	0	3
523	269	0.87083551	5.15033542	0	0	0	0	0	5e-06	0	0	0	0	3
524	270	0.872696087	5.1601831	0	0	0	0	0	5e-06	0	0	0	0	3
525	271	0.873714203	5.17003078	0	0	0	0	0	5e-06	0	0	0	0	3
526	271	0.87530412	5.17987846	0	0	0	0	0	5e-06	0	0	0	0	3
527	272	0.876952624	5.18972613	0	0	0	0	0	5e-06	0	0	0	0	3
528	272	0.878716666	5.19957381	0	0	0	0	0	5e-06	0	0	0	0	3
529	273	0.880434592	5.20942149	0	0	0	0	0	5e-06	0	0	0	0	3
530	273	0.882559757	5.21926917	0	0	0	0	0	5e-06	0	0	0	0	3
531	273	0.883939396	5.22911684	0	0	0	0	0	5e-06	0	0	0	0	3
532	274	0.886146344	5.23896452	0	0	0	0	0	5e-06	0	0	0	0	3
533	274	0.887797424	5.2488122	0	0	0	0	0	5e-06	0	0	0	0	3
534	275	0.889993688	5.25865988	0	0	0	0	0	5e-06	0	0	0	0	3
535	275	0.891928835	5.26850756	0	0	0	0	0	5e-06	0	0	0	0	3
536	275	0.893954976	5.27835523	0	0	0	0	0	5e-06	0	0	0	0	3
537	276	0.89612977	5.28820291	0	0	0	0	0	5e-06	0	0	0	0	3
538	276	0.898438456	5.29805059	0	0	0	0	0	5e-06	0	0	0	0	3
539	277	0.900667859	5.30789827	0	0	0	0	0	5e-06	0	0	0	0	3
540	277	0.902653225	5.31774594	0	0	0	0	0	5e-06	0	0	0	0	3
541	278	0.904160635	5.32759362	0	0	0	0	0	5e-06	0	0	0	0	3
542	278	0.905882441	5.3374413	0	0	0	0	0	5e-06	0	0	0	0	3
543	279	0.90772587	5.34728898	0	0	0	0	0	5e-06	0	0	0	0	3
544	280	0.908633554	5.35713665	0	0	0	0	0	5e-06	0	0	0	0	3
545	280	0.909352214	5.36698433	0	0	0	0	0	5e-06	0	0	0	0	3
546	281	0.910686642	5.37683201	0	0	0	0	0	5e-06	0	0	0	0	3
547	281	0.912148229	5.38667969	0	0	0	0	0	5e-06	0	0	0	0	3
548	282	0.913170982	5.39652736	0	0	0	0	0	5e-06	0	0	0	0	3
549	282	0.914717152	5.40637504	0	0	0	0	0	5e-06	0	0	0	0	3
550	283	0.916435473	5.41622272	0	0	0	0	0	5e-06	0	0	0	0	3
551	283	0.917611472	5.4260704	0	0	0	0	0	5e-06	0	0	0	0	3
552	284	0.919714594	5.43591808	0	0	0	0	0	5e-06	0	0	0	0	3
553	284	0.921976847	5.44576575	0	0	0	0	0	5e-06	0	0	0	0	3
554	285	0.92371185	5.45561343	0	0	0	0	0	5e-06	0	0	0	0	3
555	286	0.925791764	5.46546111	0	0	0	0	0	5e-06	0	0	0	0	3
556	286	0.928107957	5.47530879	0	0	0	0	0	5e-06	0	0	0	0	3
557	286	0.930523648	5.48515646	0	0	0	0	0	5e-06	0	0	0	0	3
558	287	0.932178742	5.49500414	0	0	0	0	0	5e-06	0	0	0	0	3
559	287	0.934856226	5.50485182	0	0	0	0	0	5e-06	0	0	0	0	3
560	288	0.936296388	5.5146995	0	0	0	0	0	5e-06	0	0	0	0	3
561	288	0.938963719	5.52454717	0	0	0	0	0	5e-06	0	0	0	0	3
562	289	0.941618166	5.53439485	0	0	0	0	0	5e-06	0	0	0	0	3
563	289	0.94408934	5.54424253	0	0	0	0	0	5e-06	0	0	0	0	3
564	289	0.946549237	5.55409021	0	0	0	0	0	5e-06	0	0	0	0	3
565	290	0.948863798	5.56393789	0	0	0	0	0	5e-06	0	0	0	0	3
566	290	0.950898829	5.57378556	0	0	0	0	0	5e-06	0	0	0	0	3
567	291	0.95272984	5.58363324	0	0	0	0	0	5e-06	0	0	0	0	3
568	292	0.953503818	5.59348092	0	0	0	0	0	5e-06	0	0	0	0	3
569	292	0.954448483	5.6033286	0	0	0	0	0	5e-06	0	0	0	0	3
570	293	0.955737215	5.61317627	0	0	0	0	0	5e-06	0	0	0	0	3
571	294	0.957311615	5.62302395	0	0	0	0	0	5e-06	0	0	0	0	3
572	294	0.958777696	5.63287163	0	0	0	0	0	5e-06	0	0	0	0	3
573	295	0.960794414	5.64271931	0	0	0	0	0	5e-06	0	0	0	0	3
574	295	0.962887774	5.65256698	0	0	0	0	0	5e-06	0	0	0	0	3
575	296	0.964706479	5.66241466	0	0	0	0	0	5e-06	0	0	0	0	3
576	296	0.966637359	5.67226234	0	0	0	0	0	5e-06	0	0	0	0	3
577	297	0.968399717	5.68211002	0	0	0	0	0	5e-06	0	0	0	0	3
578	297	0.970540185	5.6919577	0	0	0	0	0	5e-06	0	0	0	0	3
579	298	0.972632492	5.70180537	0	0	0	0	0	5e-06	0	0	0	0	3
580	298	0.974467978	5.71165305	0	0	0	0	0	5e-06	0	0	0	0	3
581	299	0.976357878	5.72150073	0	0	0	0	0	5e-06	0	0	0	0	3
582	299	0.97874254	5.73134841	0	0	0	0	0	5e-06	0	0	0	0	3
583	300	0.980598481	5.74119608	0	0	0	0	0	5e-06	0	0	0	0	3
584	300	0.982730766	5.75104376	0	0	0	0	0	5e-06	0	0	0	0	3
585	300	0.984931092	5.76089144	0	0	0	0	0	5e-06	0	0	0	0	3
586	301	0.987133611	5.77073912	0	0	0	0	0	5e-06	0	0	0	0	3
587	301	0.989385069	5.78058679	0	0	0	0	0	5e-06	0	0	0	0	3
588	302	0.991818328	5.79043447	0	0	0	0	0	5e-06	0	0	0	0	3
589	302	0.993936962	5.80028215	0	0	0	0	0	5e-06	0	0	0	0	3
590	303	0.995885233	5.81012983	0	0	0	0	0	5e-06	0	0	0	0	3
591	303	0.997160154	5.8199775	0	0	0	0	0	5e-06	0	0	0	0	3
592	304	0.998194891	5.82982518	0	0	0	0	0	5e-06	0	0	0	0	3
593	305	0.998929599	5.83967286	0	0	0	0	0	5e-06	0	0	0	0	3
594	305	1	5.84952054	0	0	0	0	0	5e-06	0	0	0	0	3
