Iteration	CPUTime	PhysTime	Travels	Value	AvValue	MinValue	MaxValue	Delta	Criteria	PrevAvRefValue	Progress	CriteriaType	CriteriaVarType	CriteriaPercentage
1	3	0.000171001836	0.00984767767	293.199509	293.199509	293.199509	293.199509	0	0	0	0	0	0	3
2	3	0.000331710224	0.0196953553	293.20576	293.202537	293.199509	293.20576	0.00302848173	0	0	0	0	0	3
3	4	0.000488878734	0.029543033	293.205942	293.203632	293.199509	293.205942	0.00412302397	0	0	0	0	0	3
4	4	0.000643661688	0.0393907107	293.205497	293.20408	293.199509	293.205942	0.00457165092	0	0	0	0	0	3
5	5	0.000801443904	0.0492383884	293.205721	293.204403	293.199509	293.205942	0.00489453935	0	0	0	0	0	3
6	5	0.00107003424	0.059086066	293.205745	293.20474	293.199509	293.205942	0.00523131175	0	0	0	0	0	3
7	5	0.0013851141	0.0689337437	293.205965	293.205019	293.199509	293.205965	0.00550987862	0	0	0	0	0	3
8	6	0.00173024776	0.0787814214	293.20615	293.205244	293.199509	293.20615	0.00573548426	0	0	0	0	0	3
9	6	0.00208106873	0.0886290991	293.206214	293.205408	293.199509	293.206214	0.0058990382	0	0	0	0	0	3
10	7	0.00244932859	0.0984767767	293.206273	293.205538	293.199509	293.206273	0.00602907106	0	0	0	0	0	3
11	7	0.00300443486	0.108324454	293.206326	293.205684	293.199509	293.206326	0.00617477935	0	0	0	0	0	3
12	8	0.00354422222	0.118172132	293.206124	293.205751	293.199509	293.206326	0.00624185933	0	0	0	0	0	3
13	8	0.00408180258	0.12801981	293.206239	293.205815	293.199509	293.206326	0.0063062286	0	0	0	0	0	3
14	9	0.00461731342	0.137867487	293.206673	293.205915	293.199509	293.206673	0.00640575962	0	0	0	0	0	3
15	9	0.0050994637	0.147715165	293.206571	293.205977	293.199509	293.206673	0.00646784989	0	0	0	0	0	3
16	10	0.00562450728	0.157562843	293.206476	293.206023	293.199509	293.206673	0.00651449869	0	0	0	0	0	3
17	10	0.00611401693	0.16741052	293.206541	293.206065	293.199509	293.206673	0.00655598154	0	0	0	0	0	3
18	11	0.00666296052	0.177258198	293.206515	293.206102	293.199509	293.206673	0.00659307787	0	0	0	0	0	3
19	12	0.00733664098	0.187105876	293.206606	293.206148	293.199509	293.206673	0.00663935324	0	0	0	0	0	3
20	12	0.007962789	0.196953553	293.208023	293.206296	293.199509	293.208023	0.00678681749	0	0	0	0	0	3
21	13	0.00897365026	0.206801231	293.207806	293.206466	293.199509	293.208023	0.00695698056	0	0	0	0	0	3
22	13	0.00989405776	0.216648909	293.20835	293.206641	293.199509	293.20835	0.00713222006	0	0	0	0	0	3
23	14	0.0103586548	0.226496586	293.206938	293.206654	293.199509	293.20835	0.00714554753	0	0	0	0	0	3
24	15	0.0108371262	0.236344264	293.211879	293.206885	293.199509	293.211879	0.00737623304	0	0	0	0	0	3
25	15	0.0112200883	0.246191942	293.207847	293.206918	293.199509	293.211879	0.0074090646	0	0	0	0	0	3
26	16	0.0118385858	0.25603962	293.206799	293.206912	293.199509	293.211879	0.0074090646	0	0	0	0	0	3
27	16	0.012825171	0.265887297	293.205909	293.206835	293.199509	293.211879	0.0074090646	0	0	0	0	0	3
28	17	0.0140127618	0.275734975	293.209718	293.207079	293.199509	293.211879	0.00757015332	0	0	0	0	0	3
29	17	0.014891468	0.285582653	293.206668	293.207055	293.199509	293.211879	0.00757015332	0	0	0	0	0	3
30	18	0.01620345	0.29543033	293.207277	293.207073	293.199509	293.211879	0.00757015332	0	0	0	0	0	3
31	18	0.0181945626	0.305278008	293.206971	293.207062	293.199509	293.211879	0.00757015332	0	0	0	0	0	3
32	19	0.0204151633	0.315125686	293.207259	293.207083	293.199509	293.211879	0.00757426527	0	0	0	0	0	3
33	20	0.0219395162	0.324973363	293.207326	293.2071	293.199509	293.211879	0.00759111262	0	0	0	0	0	3
34	20	0.0243300956	0.334821041	293.207743	293.207163	293.199509	293.211879	0.00765433669	0	0	0	0	0	3
35	20	0.0252528937	0.344668719	293.206633	293.207144	293.199509	293.211879	0.00765433669	0	0	0	0	0	3
36	21	0.0275890882	0.354516396	293.205753	293.207026	293.199509	293.211879	0.00765433669	0	0	0	0	0	3
37	21	0.0294179899	0.364364074	293.20623	293.206977	293.199509	293.211879	0.00765433669	0	0	0	0	0	3
38	22	0.0316427054	0.374211752	293.206003	293.206908	293.199509	293.211879	0.00765433669	0	0	0	0	0	3
39	22	0.0340597306	0.384059429	293.20577	293.206827	293.199509	293.211879	0.00765433669	0	0	0	0	0	3
40	23	0.0358949734	0.393907107	293.2057	293.20677	293.199509	293.211879	0.00765433669	0	0	0	0	0	3
41	23	0.03761349	0.403754785	293.205373	293.206706	293.199509	293.211879	0.00765433669	0	0	0	0	0	3
42	24	0.0398581686	0.413602462	293.205253	293.206624	293.199509	293.211879	0.00765433669	0	0	0	0	0	3
43	24	0.0418886315	0.42345014	293.205584	293.206574	293.199509	293.211879	0.00765433669	0	0	0	0	0	3
44	25	0.0440099962	0.433297818	293.205884	293.20654	293.199509	293.211879	0.00765433669	0	0	0	0	0	3
45	25	0.0462783759	0.443145495	293.2063	293.206529	293.199509	293.211879	0.00765433669	0	0	0	0	0	3
46	26	0.0486528739	0.452993173	293.206148	293.20651	293.199509	293.211879	0.00765433669	0	0	0	0	0	3
47	26	0.0502267998	0.462840851	293.206841	293.20652	293.199509	293.211879	0.00765433669	0	0	0	0	0	3
48	27	0.0525414327	0.472688528	293.207186	293.20655	293.199509	293.211879	0.00765433669	0	0	0	0	0	3
49	27	0.0542511769	0.482536206	293.208227	293.206603	293.199509	293.211879	0.00765433669	0	0	0	0	0	3
50	28	0.0553920146	0.492383884	293.208256	293.206637	293.199509	293.211879	0.00765433669	0	0	0	0	0	3
51	28	0.056142207	0.502231561	293.208735	293.206665	293.199509	293.211879	0.00765433669	0	0	0	0	0	3
52	29	0.0569837923	0.512079239	293.207091	293.206692	293.205253	293.211879	0.00462585496	0	0	0	0	0	3
53	30	0.0586247094	0.521926917	293.207984	293.206731	293.205253	293.211879	0.00353131272	0	0	0	0	0	3
54	30	0.0596820105	0.531774594	293.207275	293.206743	293.205253	293.211879	0.00308268577	0	0	0	0	0	3
55	31	0.0613649362	0.541622272	293.204492	293.206684	293.204492	293.211879	0.00275979733	0	0	0	0	0	3
56	31	0.0616321404	0.55146995	293.225387	293.206769	293.204492	293.225387	0.00242302493	0	0	0	0	0	3
57	32	0.062492664	0.561317627	293.214578	293.206883	293.204492	293.225387	0.00214445807	0	0	0	0	0	3
58	32	0.0632192593	0.571165305	293.207106	293.20689	293.204492	293.225387	0.00191885242	0	0	0	0	0	3
59	33	0.0640064671	0.581012983	293.211226	293.206949	293.204492	293.225387	0.00175529849	0	0	0	0	0	3
60	33	0.0648524845	0.59086066	293.210505	293.207001	293.204492	293.225387	0.00162526563	0	0	0	0	0	3
61	34	0.0655942157	0.600708338	293.208876	293.207027	293.204492	293.225387	0.00147955734	0	0	0	0	0	3
62	34	0.0665950679	0.610556016	293.208181	293.207051	293.204492	293.225387	0.00141247735	0	0	0	0	0	3
63	35	0.0675428314	0.620403693	293.2085	293.207081	293.204492	293.225387	0.00134810808	0	0	0	0	0	3
64	36	0.0686213274	0.630251371	293.207517	293.207095	293.204492	293.225387	0.00124857706	0	0	0	0	0	3
65	37	0.069671385	0.640099049	293.205224	293.207068	293.204492	293.225387	0.0011864868	0	0	0	0	0	3
66	37	0.0714644078	0.649946726	293.207672	293.207088	293.204492	293.225387	0.001139838	0	0	0	0	0	3
67	38	0.072644538	0.659794404	293.207208	293.207095	293.204492	293.225387	0.00109835515	0	0	0	0	0	3
68	38	0.0738764011	0.669642082	293.206725	293.207092	293.204492	293.225387	0.00106125881	0	0	0	0	0	3
69	39	0.0758249122	0.679489759	293.206737	293.207087	293.204492	293.225387	0.00101498345	0	0	0	0	0	3
70	39	0.077159036	0.689337437	293.207656	293.207102	293.204492	293.225387	0.000867519193	0	0	0	0	0	3
71	40	0.0789742696	0.699185115	293.207015	293.207092	293.204492	293.225387	0.000697356126	0	0	0	0	0	3
72	40	0.0810194402	0.709032792	293.206745	293.207072	293.204492	293.225387	0.00065314502	0	0	0	0	0	3
73	40	0.0828057227	0.71888047	293.206279	293.207037	293.204492	293.225387	0.00065314502	0	0	0	0	0	3
74	41	0.084924187	0.728728148	293.206118	293.207011	293.204492	293.225387	0.00065314502	0	0	0	0	0	3
75	41	0.0871784155	0.738575825	293.206384	293.206962	293.204492	293.225387	0.00065314502	0	0	0	0	0	3
76	42	0.0895336111	0.748423503	293.206812	293.206953	293.204492	293.225387	0.00065314502	0	0	0	0	0	3
77	42	0.0919824422	0.758271181	293.207089	293.206959	293.204492	293.225387	0.00065314502	0	0	0	0	0	3
78	43	0.0942044898	0.768118859	293.20723	293.206979	293.204492	293.225387	0.00065314502	0	0	0	0	0	3
79	43	0.0956288114	0.777966536	293.207401	293.206946	293.204492	293.225387	0.00065314502	0	0	0	0	0	3
80	44	0.0970884216	0.787814214	293.207721	293.206963	293.204492	293.225387	0.00065314502	0	0	0	0	0	3
81	44	0.0989238183	0.797661892	293.208543	293.206993	293.204492	293.225387	0.00065314502	0	0	0	0	0	3
82	45	0.100269765	0.807509569	293.209481	293.207034	293.204492	293.225387	0.00065314502	0	0	0	0	0	3
83	45	0.100965641	0.817357247	293.209232	293.207047	293.204492	293.225387	0.00065314502	0	0	0	0	0	3
84	46	0.101765254	0.827204925	293.208207	293.207053	293.204492	293.225387	0.00065314502	0	0	0	0	0	3
85	46	0.10324547	0.837052602	293.208454	293.207059	293.204492	293.225387	0.000633768449	0	0	0	0	0	3
86	47	0.104892294	0.84690028	293.207643	293.207076	293.204492	293.225387	0.000592338088	0	0	0	0	0	3
87	48	0.106472237	0.856747958	293.208143	293.207136	293.204492	293.225387	0.000626335974	0	0	0	0	0	3
88	48	0.108475571	0.866595635	293.208227	293.207185	293.204492	293.225387	0.000674922238	0	0	0	0	0	3
89	49	0.110239065	0.876443313	293.207795	293.207232	293.204492	293.225387	0.00072206983	0	0	0	0	0	3
90	49	0.112476502	0.886290991	293.208012	293.207299	293.204492	293.225387	0.000789391527	0	0	0	0	0	3
91	50	0.114549979	0.896138668	293.208676	293.207373	293.204492	293.225387	0.00086300728	0	0	0	0	0	3
92	50	0.116355026	0.905986346	293.208018	293.207431	293.204492	293.225387	0.000921445655	0	0	0	0	0	3
93	51	0.118618292	0.915834024	293.207235	293.207488	293.204492	293.225387	0.000977911582	0	0	0	0	0	3
94	51	0.119795205	0.925681701	293.206219	293.207518	293.204492	293.225387	0.00100836902	0	0	0	0	0	3
95	51	0.121754244	0.935529379	293.2066	293.20754	293.204492	293.225387	0.0010298314	0	0	0	0	0	3
96	52	0.124059027	0.945377057	293.206537	293.207546	293.204492	293.225387	0.00103625425	0	0	0	0	0	3
97	52	0.125862081	0.955224734	293.206033	293.207554	293.204492	293.225387	0.00103354392	0	0	0	0	0	3
98	53	0.12804952	0.965072412	293.206587	293.207541	293.204492	293.225387	0.00100420553	0	0	0	0	0	3
99	53	0.130160979	0.97492009	293.206409	293.207521	293.204492	293.225387	0.000951356189	0	0	0	0	0	3
100	54	0.132432475	0.984767767	293.206652	293.20748	293.204492	293.225387	0.000917307332	0	0	0	0	0	3
101	55	0.134790042	0.994615445	293.207109	293.207458	293.204492	293.225387	0.000889268383	0	0	0	0	0	3
102	55	0.136969736	1.00446312	293.207184	293.207439	293.204492	293.225387	0.000869916733	0.00228754484	0	0	0	0	3
103	55	0.139480356	1.0143108	293.207449	293.207443	293.204492	293.225387	0.000869916733	0.00228754484	0	0	0	0	3
104	56	0.141782141	1.02415848	293.207716	293.20744	293.204492	293.225387	0.000869916733	0.00228754484	0	0	0	0	3
105	57	0.143367784	1.03400616	293.208809	293.207468	293.204492	293.225387	0.000869916733	0.00228754484	0	0	0	0	3
106	57	0.144930867	1.04385383	293.208523	293.207547	293.205224	293.225387	0.000785263476	0.00228754484	0	0	0	0	3
107	58	0.145724966	1.05370151	293.210189	293.207516	293.205224	293.214578	0.000671380844	0.00228754484	0	0	0	0	3
108	58	0.146556352	1.06354919	293.208968	293.207458	293.205224	293.211226	0.000664074696	0.00228754484	0	0	0	0	3
109	59	0.147848201	1.07339687	293.209866	293.207497	293.205224	293.211226	0.000607747489	0.00228754484	0	0	0	0	3
110	59	0.149410781	1.08324454	293.209629	293.207502	293.205224	293.210505	0.000607747489	0.00228754484	0	0	0	0	3
111	60	0.151005734	1.09309222	293.20867	293.207494	293.205224	293.210189	0.000607747489	0.00228754484	0	0	0	0	3
112	60	0.152595452	1.1029399	293.207784	293.207488	293.205224	293.210189	0.000607747489	0.00228754484	0	0	0	0	3
113	61	0.154132809	1.11278758	293.20803	293.207489	293.205224	293.210189	0.000607747489	0.00228754484	0	0	0	0	3
114	61	0.156026464	1.12263525	293.208112	293.207492	293.205224	293.210189	0.000607747489	0.00228754484	0	0	0	0	3
115	62	0.157990846	1.13248293	293.208671	293.207517	293.205224	293.210189	0.000607747489	0.00228754484	0	0	0	0	3
116	62	0.159510527	1.14233061	293.208216	293.207556	293.206033	293.210189	0.000609901442	0.00228754484	0	0	0	0	3
117	63	0.161638966	1.15217829	293.207331	293.207548	293.206033	293.210189	0.000609901442	0.00228754484	0	0	0	0	3
118	63	0.163632742	1.16202597	293.207094	293.207543	293.206033	293.210189	0.000609901442	0.00228754484	0	0	0	0	3
119	64	0.1657748	1.17187364	293.206587	293.207532	293.206033	293.210189	0.000609901442	0.00228754484	0	0	0	0	3
120	64	0.167856485	1.18172132	293.206615	293.207528	293.206033	293.210189	0.000609901442	0.00228754484	0	0	0	0	3
121	65	0.169851676	1.191569	293.206283	293.207499	293.206033	293.210189	0.000609901442	0.00228754484	0	0	0	0	3
122	65	0.172660453	1.20141668	293.205946	293.207462	293.205946	293.210189	0.000609901442	0.00228754484	0	0	0	0	3
123	65	0.174485086	1.21126435	293.20638	293.207456	293.205946	293.210189	0.000609901442	0.00228754484	0	0	0	0	3
124	66	0.176864464	1.22111203	293.206429	293.207453	293.205946	293.210189	0.000609901442	0.00228754484	0	0	0	0	3
125	66	0.179114308	1.23095971	293.206835	293.207468	293.205946	293.210189	0.000609901442	0.00228754484	0	0	0	0	3
126	67	0.181480945	1.24080739	293.207192	293.207487	293.205946	293.210189	0.000609901442	0.00228754484	0	0	0	0	3
127	67	0.184026171	1.25065506	293.207271	293.207498	293.205946	293.210189	0.000609901442	0.00228754484	0	0	0	0	3
128	68	0.186123033	1.26050274	293.207538	293.20751	293.205946	293.210189	0.000609901442	0.00228754484	0	0	0	0	3
129	68	0.188023411	1.27035042	293.208504	293.207536	293.205946	293.210189	0.000609901442	0.00228754484	0	0	0	0	3
130	69	0.189463818	1.2801981	293.208978	293.207561	293.205946	293.210189	0.00059766702	0.00228754484	0	0	0	0	3
131	69	0.190335741	1.29004578	293.208384	293.207566	293.205946	293.210189	0.000572780868	0.00228754484	0	0	0	0	3
132	70	0.191194276	1.29989345	293.209395	293.207563	293.205946	293.210189	0.000531446579	0.00228754484	0	0	0	0	3
133	70	0.192384939	1.30974113	293.207562	293.207535	293.205946	293.210189	0.000518654334	0.00228754484	0	0	0	0	3
134	71	0.193986386	1.31958881	293.208721	293.207543	293.205946	293.210189	0.000512352186	0.00228754484	0	0	0	0	3
135	72	0.195542456	1.32943649	293.208082	293.207546	293.205946	293.210189	0.00050697321	0.00228754484	0	0	0	0	3
136	72	0.197622287	1.33928416	293.20781	293.207538	293.205946	293.210189	0.000489957445	0.00228754484	0	0	0	0	3
137	73	0.199079115	1.34913184	293.209484	293.207566	293.205946	293.210189	0.000429800666	0.00228754484	0	0	0	0	3
138	73	0.200903034	1.35897952	293.208507	293.207575	293.205946	293.210189	0.000389735985	0.00228754484	0	0	0	0	3
139	74	0.203017782	1.3688272	293.208127	293.207573	293.205946	293.210189	0.000342588394	0.00228754484	0	0	0	0	3
140	74	0.204100461	1.37867487	293.210612	293.207604	293.205946	293.210612	0.000304705014	0.00228754484	0	0	0	0	3
141	75	0.205410541	1.38852255	293.208056	293.207601	293.205946	293.210612	0.00023108926	0.00228754484	0	0	0	0	3
142	75	0.207276445	1.39837023	293.207391	293.207572	293.205946	293.210612	0.000172650886	0.00228754484	0	0	0	0	3
143	76	0.209126502	1.40821791	293.207097	293.207554	293.205946	293.210612	0.000165209565	0.00228754484	0	0	0	0	3
144	76	0.21067782	1.41806558	293.207338	293.207558	293.205946	293.210612	0.000165209565	0.00228754484	0	0	0	0	3
145	77	0.213235504	1.42791326	293.207034	293.207561	293.205946	293.210612	0.000165209565	0.00228754484	0	0	0	0	3
146	77	0.215097851	1.43776094	293.206545	293.207561	293.205946	293.210612	0.000165209565	0.00228754484	0	0	0	0	3
147	78	0.217214238	1.44760862	293.206413	293.20756	293.205946	293.210612	0.000165209565	0.00228754484	0	0	0	0	3
148	78	0.218939482	1.4574563	293.20637	293.207568	293.205946	293.210612	0.000165209565	0.00228754484	0	0	0	0	3
149	78	0.220756871	1.46730397	293.20632	293.207566	293.205946	293.210612	0.000165209565	0.00228754484	0	0	0	0	3
150	79	0.22277129	1.47715165	293.20667	293.207573	293.205946	293.210612	0.000165209565	0.00228754484	0	0	0	0	3
151	79	0.225052676	1.48699933	293.207297	293.207589	293.205946	293.210612	0.000165209565	0.00228754484	0	0	0	0	3
152	80	0.227197952	1.49684701	293.207373	293.207596	293.205946	293.210612	0.000165209565	0.00228754484	0	0	0	0	3
153	80	0.229514109	1.50669468	293.207502	293.207604	293.205946	293.210612	0.000164464164	0.00228754484	0	0	0	0	3
154	81	0.231545971	1.51654236	293.207822	293.207613	293.205946	293.210612	0.000172909323	0.00228754484	0	0	0	0	3
155	81	0.233215696	1.52639004	293.208978	293.207635	293.205946	293.210612	0.000182086951	0.00228754484	0	0	0	0	3
156	82	0.234725394	1.53623772	293.208915	293.207636	293.205946	293.210612	0.000182854488	0.00228754484	0	0	0	0	3
157	82	0.235519424	1.54608539	293.209504	293.207637	293.205946	293.210612	0.000183922753	0.00228754484	0	0	0	0	3
158	83	0.23625548	1.55593307	293.208885	293.207624	293.205946	293.210612	0.000183922753	0.00228754484	0	0	0	0	3
159	83	0.237569661	1.56578075	293.207789	293.207615	293.205946	293.210612	0.000183922753	0.00228754484	0	0	0	0	3
160	84	0.239155994	1.57562843	293.209885	293.207622	293.205946	293.210612	0.000183922753	0.00228754484	0	0	0	0	3
161	85	0.24043853	1.58547611	293.208924	293.207606	293.205946	293.210612	0.000183922753	0.00228754484	0	0	0	0	3
162	85	0.242322127	1.59532378	293.207847	293.207592	293.205946	293.210612	0.000183922753	0.00228754484	0	0	0	0	3
163	86	0.243001981	1.60517146	293.207245	293.207586	293.205946	293.210612	0.000183922753	0.00228754484	0	0	0	0	3
164	86	0.244357097	1.61501914	293.210205	293.207618	293.205946	293.210612	0.000183922753	0.00228754484	0	0	0	0	3
165	87	0.245978951	1.62486682	293.20825	293.207619	293.205946	293.210612	0.000183922753	0.00228754484	0	0	0	0	3
166	87	0.247628175	1.63471449	293.208516	293.207613	293.205946	293.210612	0.000183922753	0.00228754484	0	0	0	0	3
167	88	0.249366701	1.64456217	293.208972	293.207629	293.205946	293.210612	0.000183922753	0.00228754484	0	0	0	0	3
168	88	0.250394944	1.65440985	293.208333	293.207644	293.205946	293.210612	0.000191300666	0.00228754484	0	0	0	0	3
169	89	0.251970356	1.66425753	293.207159	293.207648	293.205946	293.210612	0.0001950636	0.00228754484	0	0	0	0	3
170	89	0.253991631	1.6741052	293.207014	293.207659	293.205946	293.210612	0.000206307769	0.00228754484	0	0	0	0	3
171	90	0.256099793	1.68395288	293.207132	293.207671	293.205946	293.210612	0.000218352103	0.00228754484	0	0	0	0	3
172	90	0.258163303	1.69380056	293.206685	293.207679	293.205946	293.210612	0.000226686953	0.00228754484	0	0	0	0	3
173	90	0.259569987	1.70364824	293.206503	293.207716	293.20632	293.210612	0.000263659841	0.00228754484	0	0	0	0	3
174	91	0.261304905	1.71349592	293.206439	293.207719	293.20632	293.210612	0.00026621445	0.00228754484	0	0	0	0	3
175	91	0.263038127	1.72334359	293.206437	293.207729	293.20632	293.210612	0.000260746627	0.00228754484	0	0	0	0	3
176	92	0.264839712	1.73319127	293.206422	293.207725	293.20632	293.210612	0.00024177021	0.00228754484	0	0	0	0	3
177	92	0.266903878	1.74303895	293.20667	293.207714	293.20632	293.210612	0.000230746672	0.00228754484	0	0	0	0	3
178	92	0.269076562	1.75288663	293.207276	293.207716	293.20632	293.210612	0.000219209831	0.00228754484	0	0	0	0	3
179	93	0.27137349	1.7627343	293.20753	293.207716	293.20632	293.210612	0.000193525384	0.00228754484	0	0	0	0	3
180	93	0.273935377	1.77258198	293.207636	293.207696	293.20632	293.210612	0.000193525384	0.00228754484	0	0	0	0	3
181	94	0.275552638	1.78242966	293.207809	293.207676	293.20632	293.210612	0.000193525384	0.00228754484	0	0	0	0	3
182	94	0.277015968	1.79227734	293.208181	293.207678	293.20632	293.210612	0.000193525384	0.00228754484	0	0	0	0	3
183	95	0.278957878	1.80212501	293.208785	293.207685	293.20632	293.210612	0.000193525384	0.00228754484	0	0	0	0	3
184	96	0.280297539	1.81197269	293.209255	293.207711	293.20632	293.210612	0.00019094981	0.00228754484	0	0	0	0	3
185	96	0.281075066	1.82182037	293.207662	293.207692	293.20632	293.210612	0.00019094981	0.00228754484	0	0	0	0	3
186	97	0.282474639	1.83166805	293.208578	293.207699	293.20632	293.210612	0.00019094981	0.00228754484	0	0	0	0	3
187	97	0.284209585	1.84151572	293.208736	293.207717	293.20632	293.210612	0.000174605768	0.00228754484	0	0	0	0	3
188	98	0.285662823	1.8513634	293.208721	293.207705	293.20632	293.210612	0.000174605768	0.00228754484	0	0	0	0	3
189	99	0.287204852	1.86121108	293.207289	293.20768	293.20632	293.210612	0.000174605768	0.00228754484	0	0	0	0	3
190	99	0.28905929	1.87105876	293.208303	293.207683	293.20632	293.210612	0.000174605768	0.00228754484	0	0	0	0	3
191	100	0.291057273	1.88090644	293.208985	293.207676	293.20632	293.210205	0.000174605768	0.00228754484	0	0	0	0	3
192	100	0.293421037	1.89075411	293.209253	293.207713	293.20632	293.210205	0.000174605768	0.00228754484	0	0	0	0	3
193	101	0.294412116	1.90060179	293.208482	293.207728	293.20632	293.210205	0.000174605768	0.00228754484	0	0	0	0	3
194	101	0.29593171	1.91044947	293.206499	293.20772	293.20632	293.210205	0.000170411236	0.00228754484	0	0	0	0	3
195	102	0.297989554	1.92029715	293.207587	293.207724	293.20632	293.210205	0.000168721874	0.00228754484	0	0	0	0	3
196	102	0.30002087	1.93014482	293.206803	293.207723	293.20632	293.210205	0.000168721874	0.00228754484	0	0	0	0	3
197	103	0.301770153	1.9399925	293.206917	293.207732	293.20632	293.210205	0.000171762227	0.00228754484	0	0	0	0	3
198	103	0.304076905	1.94984018	293.206689	293.207736	293.20632	293.210205	0.000170010219	0.00228754484	0	0	0	0	3
199	104	0.306531221	1.95968786	293.206638	293.207732	293.20632	293.210205	0.000170010219	0.00228754484	0	0	0	0	3
200	104	0.307991719	1.96953553	293.206553	293.207742	293.206422	293.210205	0.000168952761	0.00228754484	0	0	0	0	3
201	105	0.309913433	1.97938321	293.206598	293.207742	293.206422	293.210205	0.000155670941	0.00228754484	0	0	0	0	3
202	105	0.312113462	1.98923089	293.20681	293.20773	293.206422	293.210205	0.000155670941	0.00228754484	0	0	0	0	3
203	106	0.314383637	1.99907857	293.207296	293.207727	293.206422	293.210205	0.000155670941	0.00228754484	0	0	0	0	3
204	106	0.316633241	2.00892625	293.207373	293.207724	293.206422	293.210205	0.000155670941	0.00228754484	0	0	0	0	3
205	107	0.319110964	2.01877392	293.20768	293.207721	293.206422	293.210205	0.000155670941	0.00228754484	0	0	0	0	3
206	107	0.320627765	2.0286216	293.207763	293.207697	293.206422	293.210205	0.000155670941	0.00228754484	0	0	0	0	3
207	108	0.322220094	2.03846928	293.208527	293.207691	293.206422	293.210205	0.000155670941	0.00228754484	0	0	0	0	3
208	108	0.323871002	2.04831696	293.208963	293.207699	293.206422	293.210205	0.000155670941	0.00228754484	0	0	0	0	3
209	109	0.324941597	2.05816463	293.209451	293.20771	293.206422	293.210205	0.000155670941	0.00228754484	0	0	0	0	3
210	109	0.325697804	2.06801231	293.207645	293.207708	293.206422	293.210205	0.000155670941	0.00228754484	0	0	0	0	3
211	110	0.327008689	2.07785999	293.207295	293.207663	293.206422	293.210205	0.000155670941	0.00228754484	0	0	0	0	3
212	111	0.32850683	2.08770767	293.208516	293.207659	293.206422	293.210205	0.000155670941	0.00228754484	0	0	0	0	3
213	111	0.329909241	2.09755534	293.206968	293.207644	293.206422	293.210205	0.000155670941	0.00228754484	0	0	0	0	3
214	112	0.331895746	2.10740302	293.20788	293.207652	293.206422	293.210205	0.000129444615	0.00228754484	0	0	0	0	3
215	112	0.334051683	2.1172507	293.207794	293.207617	293.206422	293.209451	0.000129444615	0.00228754484	0	0	0	0	3
216	113	0.336300334	2.12709838	293.207383	293.2076	293.206422	293.209451	0.000142136018	0.00228754484	0	0	0	0	3
217	114	0.338021426	2.13694606	293.209193	293.207614	293.206422	293.209451	0.000142136018	0.00228754484	0	0	0	0	3
218	114	0.340321587	2.14679373	293.20892	293.207621	293.206422	293.209451	0.000142136018	0.00228754484	0	0	0	0	3
219	115	0.342299004	2.15664141	293.208204	293.207625	293.206422	293.209451	0.000142136018	0.00228754484	0	0	0	0	3
220	115	0.344642652	2.16648909	293.207012	293.207618	293.206422	293.209451	0.000142136018	0.00228754484	0	0	0	0	3
221	116	0.346528518	2.17633677	293.207852	293.207636	293.206422	293.209451	0.000142136018	0.00228754484	0	0	0	0	3
222	116	0.348757601	2.18618444	293.207576	293.207646	293.206422	293.209451	0.000142136018	0.00228754484	0	0	0	0	3
223	117	0.350277587	2.19603212	293.206698	293.207652	293.206422	293.209451	0.000142136018	0.00228754484	0	0	0	0	3
224	117	0.352196476	2.2058798	293.20672	293.20765	293.206422	293.209451	0.000142136018	0.00228754484	0	0	0	0	3
225	117	0.354243375	2.21572748	293.20679	293.207653	293.206422	293.209451	0.000142136018	0.00228754484	0	0	0	0	3
226	118	0.356394151	2.22557515	293.206863	293.207658	293.206422	293.209451	0.000142136018	0.00228754484	0	0	0	0	3
227	118	0.358612458	2.23542283	293.207244	293.207672	293.206499	293.209451	0.000142136018	0.00228754484	0	0	0	0	3
228	119	0.360939043	2.24527051	293.207473	293.207689	293.206499	293.209451	0.000142136018	0.00228754484	0	0	0	0	3
229	119	0.363409928	2.25511819	293.207501	293.207693	293.206499	293.209451	0.000142136018	0.00228754484	0	0	0	0	3
230	120	0.365325073	2.26496586	293.208058	293.207705	293.206499	293.209451	0.000142136018	0.00228754484	0	0	0	0	3
231	120	0.367105982	2.27481354	293.2086	293.207724	293.206499	293.209451	0.000142136018	0.00228754484	0	0	0	0	3
232	121	0.369073136	2.28466122	293.209227	293.207754	293.206499	293.209451	0.000153909802	0.00228754484	0	0	0	0	3
233	121	0.369994897	2.2945089	293.208817	293.207758	293.206499	293.209451	0.000157731774	0.00228754484	0	0	0	0	3
234	122	0.37079848	2.30435658	293.208102	293.207739	293.206499	293.209451	0.000157731774	0.00228754484	0	0	0	0	3
235	122	0.372097242	2.31420425	293.209105	293.207736	293.206499	293.209451	0.000157731774	0.00228754484	0	0	0	0	3
236	123	0.373698776	2.32405193	293.209799	293.207772	293.206499	293.209799	0.000172508006	0.00228754484	0	0	0	0	3
237	124	0.375455626	2.33389961	293.209333	293.20779	293.206499	293.209799	0.000189883637	0.00228754484	0	0	0	0	3
238	124	0.377137377	2.34374729	293.207762	293.207772	293.206499	293.209799	0.000189883637	0.00228754484	0	0	0	0	3
239	125	0.379110881	2.35359496	293.20854	293.207773	293.206499	293.209799	0.000189883637	0.00228754484	0	0	0	0	3
240	125	0.380964403	2.36344264	293.206762	293.207761	293.206499	293.209799	0.000189883637	0.00228754484	0	0	0	0	3
241	126	0.381844925	2.37329032	293.210952	293.207781	293.206499	293.210952	0.000189883637	0.00228754484	0	0	0	0	3
242	126	0.383279984	2.383138	293.208495	293.207766	293.206499	293.210952	0.000189883637	0.00228754484	0	0	0	0	3
243	127	0.385029176	2.39298567	293.208861	293.207748	293.206499	293.210952	0.000189883637	0.00228754484	0	0	0	0	3
244	127	0.386170795	2.40283335	293.208542	293.20775	293.206499	293.210952	0.000189883637	0.00228754484	0	0	0	0	3
245	128	0.388037756	2.41268103	293.207562	293.207767	293.206553	293.210952	0.000189883637	0.00228754484	0	0	0	0	3
246	128	0.389759062	2.42252871	293.207093	293.207758	293.206553	293.210952	0.000189883637	0.00228754484	0	0	0	0	3
247	129	0.392122905	2.43237639	293.206943	293.207758	293.206553	293.210952	0.000189883637	0.00228754484	0	0	0	0	3
248	129	0.394057959	2.44222406	293.20694	293.207757	293.206553	293.210952	0.000189883637	0.00228754484	0	0	0	0	3
249	129	0.396442103	2.45207174	293.20644	293.20775	293.20644	293.210952	0.000189883637	0.00228754484	0	0	0	0	3
250	130	0.398332174	2.46191942	293.206931	293.207763	293.20644	293.210952	0.000189883637	0.00228754484	0	0	0	0	3
251	130	0.400379783	2.4717671	293.206647	293.207757	293.20644	293.210952	0.000189883637	0.00228754484	0	0	0	0	3
252	131	0.402541853	2.48161477	293.206845	293.20776	293.20644	293.210952	0.000189883637	0.00228754484	0	0	0	0	3
253	131	0.404844958	2.49146245	293.207488	293.207776	293.20644	293.210952	0.000189883637	0.00228754484	0	0	0	0	3
254	132	0.407077803	2.50131013	293.207638	293.207784	293.20644	293.210952	0.000189883637	0.00228754484	0	0	0	0	3
255	132	0.409226702	2.51115781	293.207716	293.207793	293.20644	293.210952	0.0001925412	0.00228754484	0	0	0	0	3
256	133	0.411012238	2.52100548	293.207944	293.207799	293.20644	293.210952	0.000198530276	0.00228754484	0	0	0	0	3
257	133	0.412651689	2.53085316	293.209219	293.207824	293.20644	293.210952	0.000224417814	0.00228754484	0	0	0	0	3
258	134	0.414039595	2.54070084	293.209042	293.207831	293.20644	293.210952	0.000230651302	0.00228754484	0	0	0	0	3
259	134	0.414904591	2.55054852	293.209837	293.207829	293.20644	293.210952	0.000230651302	0.00228754484	0	0	0	0	3
260	135	0.415663867	2.5603962	293.209161	293.207821	293.20644	293.210952	0.000230651302	0.00228754484	0	0	0	0	3
261	135	0.417060584	2.57024387	293.208085	293.207827	293.20644	293.210952	0.000230651302	0.00228754484	0	0	0	0	3
262	136	0.418507465	2.58009155	293.210488	293.207876	293.20644	293.210952	0.000276384085	0.00228754484	0	0	0	0	3
263	137	0.419863107	2.58993923	293.208068	293.207869	293.20644	293.210952	0.000276384085	0.00228754484	0	0	0	0	3
264	137	0.422012998	2.59978691	293.208374	293.207894	293.20644	293.210952	0.000294259539	0.00228754484	0	0	0	0	3
265	138	0.423932942	2.60963458	293.208402	293.207905	293.20644	293.210952	0.000305169254	0.00228754484	0	0	0	0	3
266	138	0.425981102	2.61948226	293.207998	293.20791	293.20644	293.210952	0.000309858978	0.00228754484	0	0	0	0	3
267	139	0.428131582	2.62932994	293.209155	293.207952	293.20644	293.210952	0.000338299277	0.00228754484	0	0	0	0	3
268	139	0.429889041	2.63917762	293.208298	293.207935	293.20644	293.210952	0.000334229744	0.00228754484	0	0	0	0	3
269	140	0.432302609	2.64902529	293.207669	293.207904	293.20644	293.210952	0.000334229744	0.00228754484	0	0	0	0	3
270	140	0.433995917	2.65887297	293.207074	293.207882	293.20644	293.210952	0.000334229744	0.00228754484	0	0	0	0	3
271	141	0.435663462	2.66872065	293.207504	293.207897	293.20644	293.210952	0.000316267754	0.00228754484	0	0	0	0	3
272	141	0.438128817	2.67856833	293.20674	293.207867	293.20644	293.210952	0.000306259356	0.00228754484	0	0	0	0	3
273	142	0.439616462	2.688416	293.206369	293.20785	293.206369	293.210952	0.00030223327	0.00228754484	0	0	0	0	3
274	142	0.442011498	2.69826368	293.206505	293.207834	293.206369	293.210952	0.00030223327	0.00228754484	0	0	0	0	3
275	142	0.444105198	2.70811136	293.206521	293.207827	293.206369	293.210952	0.000298566106	0.00228754484	0	0	0	0	3
276	143	0.446313	2.71795904	293.206648	293.207822	293.206369	293.210952	0.000294182212	0.00228754484	0	0	0	0	3
277	143	0.448619499	2.72780672	293.207151	293.207827	293.206369	293.210952	0.000280233228	0.00228754484	0	0	0	0	3
278	144	0.450992692	2.73765439	293.207423	293.207831	293.206369	293.210952	0.000263159763	0.00228754484	0	0	0	0	3
279	144	0.453402352	2.74750207	293.207607	293.207834	293.206369	293.210952	0.000258588733	0.00228754484	0	0	0	0	3
280	145	0.455018683	2.75734975	293.207776	293.207842	293.206369	293.210952	0.000247159978	0.00228754484	0	0	0	0	3
281	145	0.456585211	2.76719743	293.208483	293.207849	293.206369	293.210952	0.000228164188	0.00228754484	0	0	0	0	3
282	146	0.458416654	2.7770451	293.208885	293.207855	293.206369	293.210952	0.000215696025	0.00228754484	0	0	0	0	3
283	146	0.459865935	2.78689278	293.209522	293.207852	293.206369	293.210952	0.000215696025	0.00228754484	0	0	0	0	3
284	147	0.460740545	2.79674046	293.208556	293.207849	293.206369	293.210952	0.000215696025	0.00228754484	0	0	0	0	3
285	147	0.462051284	2.80658814	293.207588	293.207843	293.206369	293.210952	0.000215696025	0.00228754484	0	0	0	0	3
286	148	0.463694259	2.81643581	293.207425	293.207817	293.206369	293.210952	0.000203801672	0.00228754484	0	0	0	0	3
287	149	0.465105493	2.82628349	293.208089	293.207787	293.206369	293.210952	0.000203801672	0.00228754484	0	0	0	0	3
288	149	0.467016859	2.83613117	293.207801	293.207757	293.206369	293.210952	0.000203801672	0.00228754484	0	0	0	0	3
289	150	0.469258165	2.84597885	293.208001	293.207763	293.206369	293.210952	0.000203801672	0.00228754484	0	0	0	0	3
290	150	0.471384629	2.85582653	293.208421	293.207762	293.206369	293.210952	0.000203801672	0.00228754484	0	0	0	0	3
291	151	0.473822845	2.8656742	293.20905	293.207816	293.206369	293.210952	0.000203801672	0.00228754484	0	0	0	0	3
292	151	0.475580067	2.87552188	293.209144	293.207811	293.206369	293.210488	0.000203801672	0.00228754484	0	0	0	0	3
293	152	0.476128108	2.88536956	293.206235	293.207791	293.206235	293.210488	0.000203801672	0.00228754484	0	0	0	0	3
294	152	0.47797661	2.89521724	293.206774	293.207751	293.206235	293.210488	0.000202015871	0.00228754484	0	0	0	0	3
295	153	0.480382699	2.90506491	293.207282	293.207729	293.206235	293.210488	0.000222722106	0.00228754484	0	0	0	0	3
296	153	0.482746721	2.91491259	293.207201	293.207719	293.206235	293.210488	0.00023261027	0.00228754484	0	0	0	0	3
297	154	0.484778952	2.92476027	293.207043	293.207716	293.206235	293.210488	0.000235714502	0.00228754484	0	0	0	0	3
298	154	0.48658917	2.93460795	293.206427	293.207711	293.206235	293.210488	0.000241055965	0.00228754484	0	0	0	0	3
299	154	0.488824862	2.94445562	293.206856	293.207706	293.206235	293.210488	0.000245486104	0.00228754484	0	0	0	0	3
300	155	0.491126294	2.9543033	293.207155	293.207725	293.206235	293.210488	0.000245486104	0.00228754484	0	0	0	0	3
301	156	0.493391882	2.96415098	293.207457	293.207734	293.206235	293.210488	0.000245486104	0.00228754484	0	0	0	0	3
302	156	0.495689739	2.97399866	293.207757	293.207758	293.206235	293.210488	0.000245486104	0.00228754484	0	0	0	0	3
303	157	0.498097887	2.98384633	293.207713	293.207778	293.206235	293.210488	0.000245486104	0.00228754484	0	0	0	0	3
304	157	0.500306773	2.99369401	293.20803	293.207791	293.206235	293.210488	0.000245486104	0.00228754484	0	0	0	0	3
305	158	0.502130991	3.00354169	293.208712	293.207812	293.206235	293.210488	0.000245486104	0.00228754484	0	0	0	0	3
306	158	0.503614384	3.01338937	293.209459	293.20784	293.206235	293.210488	0.000245486104	0.00228754484	0	0	0	0	3
307	159	0.504484344	3.02323705	293.209917	293.207857	293.206235	293.210488	0.000245486104	0.00228754484	0	0	0	0	3
308	160	0.505260466	3.03308472	293.208813	293.207841	293.206235	293.210488	0.000245486104	0.00228754484	0	0	0	0	3
309	160	0.506543426	3.0429324	293.207944	293.207825	293.206235	293.210488	0.000245486104	0.00228754484	0	0	0	0	3
310	161	0.507990591	3.05278008	293.20966	293.207834	293.206235	293.210488	0.000245486104	0.00228754484	0	0	0	0	3
311	161	0.509267067	3.06262776	293.207012	293.207812	293.206235	293.210488	0.000245486104	0.00228754484	0	0	0	0	3
312	162	0.51113124	3.07247543	293.20867	293.207825	293.206235	293.210488	0.000245486104	0.00228754484	0	0	0	0	3
313	162	0.513007393	3.08232311	293.208756	293.207803	293.206235	293.209917	0.000245486104	0.00228754484	0	0	0	0	3
314	163	0.51461242	3.09217079	293.207971	293.207802	293.206235	293.209917	0.000245486104	0.00228754484	0	0	0	0	3
315	164	0.516824197	3.10201847	293.208417	293.207804	293.206235	293.209917	0.000245486104	0.00228754484	0	0	0	0	3
316	164	0.5186657	3.11186614	293.208213	293.207799	293.206235	293.209917	0.000245486104	0.00228754484	0	0	0	0	3
317	165	0.5205226	3.12171382	293.207659	293.207792	293.206235	293.209917	0.000245486104	0.00228754484	0	0	0	0	3
318	165	0.522747632	3.1315615	293.207199	293.207747	293.206235	293.209917	0.000228847967	0.00228754484	0	0	0	0	3
319	165	0.524174511	3.14140918	293.207187	293.207729	293.206235	293.209917	0.000197246949	0.00228754484	0	0	0	0	3
320	166	0.526781183	3.15125686	293.20765	293.207728	293.206235	293.209917	0.000190923829	0.00228754484	0	0	0	0	3
321	166	0.528760267	3.16110453	293.207265	293.20773	293.206235	293.209917	0.000190923829	0.00228754484	0	0	0	0	3
322	167	0.53154552	3.17095221	293.207217	293.207719	293.206235	293.209917	0.000160719963	0.00228754484	0	0	0	0	3
323	167	0.534068896	3.18079989	293.206968	293.207724	293.206235	293.209917	0.000150834317	0.00228754484	0	0	0	0	3
324	167	0.536398255	3.19064757	293.207008	293.207728	293.206235	293.209917	0.000150834317	0.00228754484	0	0	0	0	3
325	168	0.538750656	3.20049524	293.207415	293.207751	293.206235	293.209917	0.000150834317	0.00228754484	0	0	0	0	3
326	168	0.541063819	3.21034292	293.207594	293.207773	293.206235	293.209917	0.000150834317	0.00228754484	0	0	0	0	3
327	169	0.543584287	3.2201906	293.207771	293.207799	293.206235	293.209917	0.000150834317	0.00228754484	0	0	0	0	3
328	169	0.545874955	3.23003828	293.208083	293.207821	293.206235	293.209917	0.000150834317	0.00228754484	0	0	0	0	3
329	170	0.547549833	3.23988595	293.209091	293.207853	293.206235	293.209917	0.000150834317	0.00228754484	0	0	0	0	3
330	171	0.549256592	3.24973363	293.210659	293.207909	293.206235	293.210659	0.000202586364	0.00228754484	0	0	0	0	3
331	171	0.549794778	3.25958131	293.208131	293.207913	293.206235	293.210659	0.000206121241	0.00228754484	0	0	0	0	3
332	172	0.550529333	3.26942899	293.206813	293.207894	293.206235	293.210659	0.000206121241	0.00228754484	0	0	0	0	3
333	172	0.552043577	3.27927667	293.208626	293.207887	293.206235	293.210659	0.000206121241	0.00228754484	0	0	0	0	3
334	173	0.553476127	3.28912434	293.209123	293.20788	293.206235	293.210659	0.000206121241	0.00228754484	0	0	0	0	3
335	174	0.555066348	3.29897202	293.209265	293.207898	293.206235	293.210659	0.000206121241	0.00228754484	0	0	0	0	3
336	174	0.556742259	3.3088197	293.207525	293.207895	293.206235	293.210659	0.000206121241	0.00228754484	0	0	0	0	3
337	175	0.557623641	3.31866738	293.208913	293.207913	293.206235	293.210659	0.000206601607	0.00228754484	0	0	0	0	3
338	175	0.559271209	3.32851505	293.207778	293.207908	293.206235	293.210659	0.000206601607	0.00228754484	0	0	0	0	3
339	176	0.561481298	3.33836273	293.208698	293.207929	293.206235	293.210659	0.000222260903	0.00228754484	0	0	0	0	3
340	176	0.562869689	3.34821041	293.209055	293.207944	293.206235	293.210659	0.000237220836	0.00228754484	0	0	0	0	3
341	177	0.564093185	3.35805809	293.208855	293.207945	293.206235	293.210659	0.000238297225	0.00228754484	0	0	0	0	3
342	177	0.565987028	3.36790576	293.208136	293.207919	293.206235	293.210659	0.000238297225	0.00228754484	0	0	0	0	3
343	178	0.567643863	3.37775344	293.207042	293.20788	293.206235	293.210659	0.000238297225	0.00228754484	0	0	0	0	3
344	178	0.569202763	3.38760112	293.207367	293.207881	293.206427	293.210659	0.000238297225	0.00228754484	0	0	0	0	3
345	179	0.571455384	3.3974488	293.207168	293.207886	293.206427	293.210659	0.000238297225	0.00228754484	0	0	0	0	3
346	179	0.573201039	3.40729647	293.206997	293.207885	293.206427	293.210659	0.000238297225	0.00228754484	0	0	0	0	3
347	180	0.575653264	3.41714415	293.206749	293.207872	293.206427	293.210659	0.000238297225	0.00228754484	0	0	0	0	3
348	180	0.577470501	3.42699183	293.20673	293.207868	293.206427	293.210659	0.000238297225	0.00228754484	0	0	0	0	3
349	180	0.579424364	3.43683951	293.206649	293.207871	293.206649	293.210659	0.000238297225	0.00228754484	0	0	0	0	3
350	181	0.581693493	3.44668719	293.206917	293.207872	293.206649	293.210659	0.000225707852	0.00228754484	0	0	0	0	3
351	181	0.584138893	3.45653486	293.207456	293.207879	293.206649	293.210659	0.000225707852	0.00228754484	0	0	0	0	3
352	182	0.586440753	3.46638254	293.207539	293.20788	293.206649	293.210659	0.000225707852	0.00228754484	0	0	0	0	3
353	182	0.588904881	3.47623022	293.207701	293.207879	293.206649	293.210659	0.000225707852	0.00228754484	0	0	0	0	3
354	183	0.591197439	3.4860779	293.20835	293.207895	293.206649	293.210659	0.000225707852	0.00228754484	0	0	0	0	3
355	183	0.592870848	3.49592557	293.209098	293.207913	293.206649	293.210659	0.000225707852	0.00228754484	0	0	0	0	3
356	184	0.594391028	3.50577325	293.210033	293.207932	293.206649	293.210659	0.000225707852	0.00228754484	0	0	0	0	3
357	184	0.595118242	3.51562093	293.208356	293.207911	293.206649	293.210659	0.000225707852	0.00228754484	0	0	0	0	3
358	185	0.596349703	3.52546861	293.208871	293.207905	293.206649	293.210659	0.000225707852	0.00228754484	0	0	0	0	3
359	186	0.597831642	3.53531628	293.209806	293.207928	293.206649	293.210659	0.000225707852	0.00228754484	0	0	0	0	3
360	186	0.599342084	3.54516396	293.208537	293.207937	293.206649	293.210659	0.000225707852	0.00228754484	0	0	0	0	3
361	187	0.601107265	3.55501164	293.208437	293.20792	293.206649	293.210659	0.000225707852	0.00228754484	0	0	0	0	3
362	187	0.602457578	3.56485932	293.208605	293.207942	293.206649	293.210659	0.000225707852	0.00228754484	0	0	0	0	3
363	188	0.604595389	3.574707	293.200731	293.207763	293.200731	293.210659	0.000225707852	0.00228754484	0	0	0	0	3
364	188	0.604749723	3.58455467	293.261289	293.207833	293.200731	293.261289	0.000225707852	0.00228754484	0	0	0	0	3
365	189	0.605013497	3.59440235	293.211897	293.207842	293.200731	293.261289	0.000225707852	0.00228754484	0	0	0	0	3
366	190	0.60579408	3.60425003	293.223837	293.207968	293.200731	293.261289	0.000248978248	0.00228754484	0	0	0	0	3
367	190	0.60650495	3.61409771	293.226303	293.208111	293.200731	293.261289	0.000392227819	0.00228754484	0	0	0	0	3
368	191	0.607174665	3.62394538	293.214873	293.208173	293.200731	293.261289	0.000454180721	0.00228754484	0	0	0	0	3
369	191	0.607909576	3.63379306	293.213371	293.208243	293.200731	293.261289	0.000524478326	0.00228754484	0	0	0	0	3
370	192	0.608822469	3.64364074	293.211848	293.2083	293.200731	293.261289	0.000581156224	0.00228754484	0	0	0	0	3
371	193	0.609358771	3.65348842	293.209543	293.208329	293.200731	293.261289	0.000609745081	0.00228754484	0	0	0	0	3
372	193	0.610302085	3.66333609	293.212323	293.208401	293.200731	293.261289	0.000681768415	0.00228754484	0	0	0	0	3
373	194	0.611575686	3.67318377	293.211546	293.208492	293.200731	293.261289	0.000767605818	0.00228754484	0	0	0	0	3
374	194	0.612800877	3.68303145	293.210806	293.208577	293.200731	293.261289	0.000848861368	0.00228754484	0	0	0	0	3
375	195	0.614903301	3.69287913	293.211262	293.208695	293.200731	293.261289	0.00094465894	0.00228754484	0	0	0	0	3
376	195	0.61651004	3.70272681	293.211328	293.208788	293.200731	293.261289	0.00102562384	0.00228754484	0	0	0	0	3
377	195	0.618395557	3.71257448	293.211172	293.208882	293.200731	293.261289	0.00111946428	0.00228754484	0	0	0	0	3
378	196	0.620874126	3.72242216	293.210914	293.208984	293.200731	293.261289	0.00122085048	0.00228754484	0	0	0	0	3
379	196	0.62237309	3.73226984	293.21113	293.209053	293.200731	293.261289	0.00128986521	0.00228754484	0	0	0	0	3
380	197	0.624258452	3.74211752	293.211525	293.209113	293.200731	293.261289	0.00134979292	0.00228754484	0	0	0	0	3
381	197	0.626550955	3.75196519	293.211286	293.209143	293.200731	293.261289	0.00138008933	0.00228754484	0	0	0	0	3
382	197	0.629063703	3.76181287	293.211688	293.20923	293.200731	293.261289	0.00146764152	0.00228754484	0	0	0	0	3
383	198	0.631323472	3.77166055	293.211844	293.209326	293.200731	293.261289	0.00156273088	0.00228754484	0	0	0	0	3
384	198	0.633167365	3.78150823	293.212015	293.2094	293.200731	293.261289	0.00163693126	0.00228754484	0	0	0	0	3
385	199	0.635125776	3.7913559	293.212035	293.209468	293.200731	293.261289	0.00170499399	0.00228754484	0	0	0	0	3
386	199	0.637346428	3.80120358	293.213386	293.209577	293.200731	293.261289	0.00181464842	0.00228754484	0	0	0	0	3
387	200	0.638697066	3.81105126	293.213561	293.209685	293.200731	293.261289	0.00192228399	0.00228754484	0	0	0	0	3
388	200	0.639704412	3.82089894	293.213395	293.209739	293.200731	293.261289	0.00197610432	0.00228754484	0	0	0	0	3
389	201	0.640621587	3.83074661	293.212982	293.209815	293.200731	293.261289	0.00205238756	0.00228754484	0	0	0	0	3
390	202	0.64220789	3.84059429	293.213819	293.209924	293.200731	293.261289	0.00216165156	0.00228754484	0	0	0	0	3
391	202	0.643512816	3.85044197	293.211897	293.209971	293.200731	293.261289	0.00220855167	0.00228754484	0	0	0	0	3
392	203	0.645084605	3.86028965	293.21205	293.210029	293.200731	293.261289	0.00226575952	0.00228754484	0	0	0	0	3
393	203	0.646413773	3.87013733	293.212173	293.210109	293.200731	293.261289	0.00234576426	0.00228754484	0	0	0	0	3
394	204	0.648084672	3.879985	293.212044	293.210212	293.200731	293.261289	0.00244912863	0.00228754484	0	0	0	0	3
395	204	0.650078548	3.88983268	293.212231	293.210317	293.200731	293.261289	0.00255375091	0.00228754484	0	0	0	0	3
396	205	0.652544776	3.89968036	293.212576	293.210473	293.200731	293.261289	0.00270994043	0.00228754484	0	0	0	0	3
397	206	0.654247188	3.90952804	293.212655	293.210593	293.200731	293.261289	0.00283064428	0.00228754484	0	0	0	0	3
398	206	0.656474118	3.91937571	293.211799	293.210743	293.200731	293.261289	0.00298049482	0.00228754484	0	0	0	0	3
399	206	0.658702656	3.92922339	293.211611	293.210857	293.200731	293.261289	0.00309408947	0.00228754484	0	0	0	0	3
400	207	0.661117562	3.93907107	293.210973	293.210961	293.200731	293.261289	0.00319815347	0.00228754484	0	0	0	0	3
401	208	0.662879173	3.94891875	293.211025	293.211075	293.200731	293.261289	0.00331257629	0.00228754484	0	0	0	0	3
402	208	0.665469012	3.95876642	293.210602	293.211169	293.200731	293.261289	0.00340631932	0.00228754484	0	0	0	0	3
403	209	0.666963497	3.9686141	293.210487	293.21126	293.200731	293.261289	0.00349742538	0.00228754484	0	0	0	0	3
404	209	0.668931815	3.97846178	293.210412	293.211349	293.200731	293.261289	0.0035861643	0.00228754484	0	0	0	0	3
405	209	0.671209937	3.98830946	293.210782	293.211419	293.200731	293.261289	0.00365594732	0.00228754484	0	0	0	0	3
406	210	0.673579048	3.99815714	293.211224	293.211461	293.200731	293.261289	0.0036983473	0.00228754484	0	0	0	0	3
407	210	0.675825023	4.00800481	293.211307	293.211484	293.200731	293.261289	0.00372076551	0.00228754484	0	0	0	0	3
408	211	0.678337624	4.01785249	293.211542	293.211513	293.200731	293.261289	0.00374986569	0.00228754484	0	0	0	0	3
409	211	0.680470045	4.02770017	293.211803	293.211559	293.200731	293.261289	0.00379588848	0.00228754484	0	0	0	0	3
410	212	0.682214492	4.03754785	293.212724	293.211614	293.200731	293.261289	0.00385074913	0.00228754484	0	0	0	0	3
411	213	0.684193981	4.04739552	293.214555	293.211737	293.200731	293.261289	0.00397413424	0.00228754484	0	0	0	0	3
412	213	0.68459948	4.0572432	293.20955	293.211796	293.200731	293.261289	0.00403328185	0.00228754484	0	0	0	0	3
413	214	0.685562188	4.06709088	293.210733	293.211836	293.200731	293.261289	0.00407281944	0.00228754484	0	0	0	0	3
414	214	0.687104287	4.07693856	293.214337	293.21217	293.209543	293.261289	0.00433756313	0.00228754484	0	0	0	0	3
415	215	0.688051211	4.08678623	293.212877	293.212087	293.209543	293.226303	0.0043281682	0.00228754484	0	0	0	0	3
416	215	0.689657752	4.09663391	293.212586	293.212097	293.209543	293.226303	0.0042021338	0.00228754484	0	0	0	0	3
417	216	0.691124619	4.10648159	293.211592	293.211981	293.209543	293.226303	0.00405888423	0.00228754484	0	0	0	0	3
418	216	0.692529646	4.11632927	293.212418	293.21187	293.209543	293.214873	0.00399693133	0.00228754484	0	0	0	0	3
419	217	0.694401072	4.12617695	293.211875	293.211847	293.209543	293.214555	0.00392663372	0.00228754484	0	0	0	0	3
420	217	0.69669175	4.13602462	293.212057	293.21184	293.209543	293.214555	0.00386995583	0.00228754484	0	0	0	0	3
421	218	0.698502854	4.1458723	293.211856	293.21184	293.209543	293.214555	0.00384136697	0.00228754484	0	0	0	0	3
422	218	0.701076732	4.15571998	293.211559	293.211846	293.20955	293.214555	0.00376934363	0.00228754484	0	0	0	0	3
423	219	0.703168134	4.16556766	293.210771	293.211817	293.20955	293.214555	0.00367810863	0.00228754484	0	0	0	0	3
424	219	0.705123012	4.17541533	293.21068	293.211796	293.20955	293.214555	0.0035932486	0.00228754484	0	0	0	0	3
425	220	0.707397988	4.18526301	293.210309	293.211773	293.20955	293.214555	0.0034748025	0.00228754484	0	0	0	0	3
426	220	0.70945682	4.19511069	293.209877	293.211744	293.20955	293.214555	0.0033816694	0.00228754484	0	0	0	0	3
427	220	0.711170462	4.20495837	293.210056	293.21172	293.20955	293.214555	0.00328782897	0.00228754484	0	0	0	0	3
428	221	0.71342138	4.21480604	293.210223	293.211696	293.20955	293.214555	0.00318644277	0.00228754484	0	0	0	0	3
429	221	0.715734192	4.22465372	293.210391	293.211684	293.20955	293.214555	0.00311742804	0.00228754484	0	0	0	0	3
430	222	0.718107104	4.2345014	293.210827	293.211672	293.20955	293.214555	0.00305750032	0.00228754484	0	0	0	0	3
431	222	0.720405019	4.24434908	293.210936	293.211657	293.20955	293.214555	0.00302720391	0.00228754484	0	0	0	0	3
432	223	0.722879423	4.25419675	293.211257	293.211655	293.20955	293.214555	0.00293965172	0.00228754484	0	0	0	0	3
433	223	0.724346657	4.26404443	293.211513	293.211652	293.20955	293.214555	0.00284456236	0.00228754484	0	0	0	0	3
434	224	0.725835935	4.27389211	293.211927	293.211652	293.20955	293.214555	0.00277036198	0.00228754484	0	0	0	0	3
435	224	0.72765794	4.28373979	293.212778	293.211667	293.20955	293.214555	0.00270229926	0.00228754484	0	0	0	0	3
436	225	0.729006274	4.29358747	293.212371	293.211669	293.20955	293.214555	0.00259264482	0.00228754484	0	0	0	0	3
437	225	0.729786594	4.30343514	293.212158	293.211632	293.20955	293.214555	0.00248500926	0.00228754484	0	0	0	0	3
438	226	0.731188322	4.31328282	293.212308	293.211614	293.20955	293.214555	0.00243118892	0.00228754484	0	0	0	0	3
439	226	0.732665908	4.3231305	293.21242	293.211608	293.20955	293.214555	0.00235490568	0.00228754484	0	0	0	0	3
440	227	0.734232939	4.33297818	293.210914	293.211583	293.20955	293.214555	0.00224564168	0.00228754484	0	0	0	0	3
441	228	0.734913743	4.34282585	293.211418	293.211543	293.20955	293.214555	0.00219874158	0.00228754484	0	0	0	0	3
442	228	0.736116205	4.35267353	293.211234	293.211534	293.20955	293.214555	0.00214153373	0.00228754484	0	0	0	0	3
443	229	0.737347043	4.36252121	293.213198	293.211548	293.20955	293.214555	0.00206152898	0.00228754484	0	0	0	0	3
444	229	0.737727154	4.37236889	293.228681	293.21161	293.20955	293.228681	0.00195816461	0.00228754484	0	0	0	0	3
445	230	0.738110507	4.38221656	293.221127	293.211642	293.20955	293.228681	0.00185354233	0.00228754484	0	0	0	0	3
446	230	0.738604203	4.39206424	293.218199	293.211665	293.20955	293.228681	0.00169735281	0.00228754484	0	0	0	0	3
447	231	0.739056507	4.40191192	293.211834	293.21164	293.20955	293.228681	0.00157664897	0.00228754484	0	0	0	0	3
448	231	0.739593325	4.4117596	293.217048	293.211654	293.20955	293.228681	0.00142679842	0.00229723589	0	0	0	0	3
449	232	0.740188349	4.42160728	293.210615	293.211643	293.20955	293.228681	0.00131320377	0.00230972137	0	0	0	0	3
450	232	0.740841668	4.43145495	293.214168	293.211664	293.20955	293.228681	0.00120913977	0.00232213509	0	0	0	0	3
451	233	0.741537722	4.44130263	293.209614	293.211667	293.20955	293.228681	0.00109471695	0.00233447768	0	0	0	0	3
452	233	0.742263344	4.45115031	293.208189	293.211649	293.208189	293.228681	0.00100097392	0.00234674973	0	0	0	0	3
453	234	0.743055513	4.46099799	293.20988	293.211666	293.208189	293.228681	0.000909867865	0.00235895186	0	0	0	0	3
454	235	0.743961924	4.47084566	293.209865	293.211668	293.208189	293.228681	0.000821128945	0.00237108466	0	0	0	0	3
455	235	0.7450504	4.48069334	293.210469	293.211683	293.208189	293.228681	0.000751345926	0.00238314872	0	0	0	0	3
456	236	0.746090557	4.49054102	293.210548	293.211695	293.208189	293.228681	0.000708945947	0.00239514462	0	0	0	0	3
457	236	0.747487991	4.5003887	293.21069	293.211691	293.208189	293.228681	0.000686527734	0.00240707294	0	0	0	0	3
458	237	0.749122624	4.51023637	293.210805	293.211683	293.208189	293.228681	0.000657427557	0.00241893424	0	0	0	0	3
459	237	0.750881762	4.52008405	293.209934	293.211645	293.208189	293.228681	0.00063602957	0.00243072909	0	0	0	0	3
460	238	0.752789925	4.52993173	293.209539	293.211585	293.208189	293.228681	0.00063602957	0.00244245805	0	0	0	0	3
461	238	0.7548993	4.53977941	293.210136	293.211516	293.208189	293.228681	0.000654226144	0.00245412167	0	0	0	0	3
462	239	0.756629563	4.54962709	293.20989	293.211394	293.208189	293.228681	0.000776105169	0.00246572049	0	0	0	0	3
463	239	0.759581053	4.55947476	293.209775	293.21134	293.208189	293.228681	0.000829855401	0.00247725505	0	0	0	0	3
464	239	0.761945809	4.56932244	293.210197	293.211313	293.208189	293.228681	0.000857586472	0.00248872589	0	0	0	0	3
465	240	0.764513393	4.57917012	293.210741	293.211233	293.208189	293.228681	0.000863886334	0.00249788417	0	0	0	0	3
466	240	0.76691102	4.5890178	293.210669	293.211196	293.208189	293.228681	0.000900782148	0.002497185	0	0	0	0	3
467	241	0.769229703	4.59886547	293.21121	293.211169	293.208189	293.228681	0.000812378349	0.00249648966	0	0	0	0	3
468	241	0.771482103	4.60871315	293.21201	293.211185	293.208189	293.228681	0.000701165783	0.00249579811	0	0	0	0	3
469	242	0.773692216	4.61856083	293.213327	293.211222	293.208189	293.228681	0.000678219927	0.00249511034	0	0	0	0	3
470	242	0.774176578	4.62840851	293.210795	293.211204	293.208189	293.228681	0.000676801257	0.0024944263	0	0	0	0	3
471	243	0.775158476	4.63825618	293.212106	293.21119	293.208189	293.228681	0.000676801257	0.00249374598	0	0	0	0	3
472	243	0.776687872	4.64810386	293.212848	293.211207	293.208189	293.228681	0.000676801257	0.00249306932	0	0	0	0	3
473	244	0.778125409	4.65795154	293.211692	293.211204	293.208189	293.228681	0.000647745317	0.00249239632	0	0	0	0	3
474	245	0.780055667	4.66779922	293.211962	293.211235	293.208189	293.228681	0.000627672739	0.00249172694	0	0	0	0	3
475	245	0.78134454	4.67764689	293.21116	293.211248	293.208189	293.228681	0.000604732028	0.00249106114	0	0	0	0	3
476	246	0.783481958	4.68749457	293.210902	293.211267	293.208189	293.228681	0.000574806757	0.0024903989	0	0	0	0	3
477	246	0.785409597	4.69734225	293.211875	293.21132	293.208189	293.228681	0.00055132621	0.0024897402	0	0	0	0	3
478	247	0.787282143	4.70718993	293.212075	293.211367	293.208189	293.228681	0.000526745414	0.002489085	0	0	0	0	3
479	247	0.788987909	4.71703761	293.211271	293.211399	293.208189	293.228681	0.00052616846	0.00248843328	0	0	0	0	3
480	248	0.790510852	4.72688528	293.210955	293.211421	293.208189	293.228681	0.00052616846	0.002487785	0	0	0	0	3
481	248	0.791651332	4.73673296	293.210045	293.211418	293.208189	293.228681	0.00052616846	0.00248714015	0	0	0	0	3
482	249	0.793359514	4.74658064	293.209872	293.211397	293.208189	293.228681	0.00052616846	0.00248649869	0	0	0	0	3
483	249	0.795702445	4.75642832	293.210172	293.211363	293.208189	293.228681	0.00052616846	0.00248586059	0	0	0	0	3
484	250	0.797479181	4.76627599	293.210102	293.211329	293.208189	293.228681	0.00052616846	0.00248522584	0	0	0	0	3
485	250	0.799929376	4.77612367	293.21016	293.211278	293.208189	293.228681	0.00052616846	0.0024845944	0	0	0	0	3
486	250	0.802040252	4.78597135	293.210135	293.211209	293.208189	293.228681	0.00052616846	0.00248396625	0	0	0	0	3
487	251	0.804639606	4.79581903	293.210073	293.21115	293.208189	293.228681	0.000545414051	0.00248334137	0	0	0	0	3
488	251	0.806788553	4.8056667	293.210311	293.211116	293.208189	293.228681	0.000579021124	0.00248271972	0	0	0	0	3
489	252	0.809094829	4.81551438	293.210844	293.211086	293.208189	293.228681	0.000608501049	0.00248210128	0	0	0	0	3
490	252	0.811427304	4.82536206	293.210829	293.211054	293.208189	293.228681	0.000641136537	0.00248148603	0	0	0	0	3
491	252	0.813819378	4.83520974	293.210931	293.211053	293.208189	293.228681	0.000642080268	0.00248087395	0	0	0	0	3
492	253	0.81600343	4.84505742	293.211756	293.211069	293.208189	293.228681	0.000642080268	0.002480265	0	0	0	0	3
493	254	0.817764599	4.85490509	293.212668	293.211101	293.208189	293.228681	0.000642080268	0.00247965917	0	0	0	0	3
494	254	0.818634681	4.86475277	293.212177	293.211081	293.208189	293.228681	0.000642080268	0.00247905643	0	0	0	0	3
495	255	0.819431725	4.87460045	293.211763	293.211005	293.208189	293.221127	0.000689604864	0.00247845676	0	0	0	0	3
496	255	0.820717143	4.88444813	293.212647	293.210984	293.208189	293.218199	0.000711034059	0.00247786013	0	0	0	0	3
497	256	0.82196094	4.8942958	293.213064	293.210972	293.208189	293.217048	0.000722736137	0.00247726652	0	0	0	0	3
498	256	0.823523142	4.90414348	293.211694	293.210981	293.208189	293.217048	0.000722736137	0.00247667591	0	0	0	0	3
499	257	0.825362063	4.91399116	293.211127	293.210946	293.208189	293.214168	0.000748845586	0.00247608828	0	0	0	0	3
500	257	0.827037815	4.92383884	293.211445	293.210958	293.208189	293.214168	0.000748845586	0.0024755036	0	0	0	0	3
501	259	0.829009355	4.93368651	293.210933	293.210934	293.208189	293.213327	0.000761293888	0.00247492185	0	0	0	0	3
502	259	0.831309524	4.94353419	293.211637	293.210962	293.208189	293.213327	0.000761293888	0.002474343	0	0	0	0	3
503	259	0.832832345	4.95338187	293.211091	293.210986	293.209539	293.213327	0.000761293888	0.00247376705	0	0	0	0	3
504	260	0.835278	4.96322955	293.211076	293.210998	293.209539	293.213327	0.000761293888	0.00247319396	0	0	0	0	3
505	260	0.837316329	4.97307722	293.210338	293.210995	293.209539	293.213327	0.000761293888	0.00247262371	0	0	0	0	3
506	261	0.839744749	4.9829249	293.210392	293.210985	293.209539	293.213327	0.000761293888	0.00247205629	0	0	0	0	3
507	261	0.841970813	4.99277258	293.209922	293.210965	293.209539	293.213327	0.000757385365	0.00247149167	0	0	0	0	3
508	262	0.844029124	5.00262026	293.209864	293.210946	293.209539	293.213327	0.000749395361	0.00247092983	0	0	0	0	3
509	262	0.846256143	5.01246794	293.209832	293.210923	293.209539	293.213327	0.000722775208	0.00247037075	0	0	0	0	3
510	263	0.848111409	5.02231561	293.20966	293.210917	293.209539	293.213327	0.000668760711	0.00246981442	0	0	0	0	3
511	263	0.850229025	5.03216329	293.210055	293.210925	293.20966	293.213327	0.000599373124	0.0024692608	0	0	0	0	3
512	263	0.852392459	5.04201097	293.210471	293.210932	293.20966	293.213327	0.000504138207	0.00246870988	0	0	0	0	3
513	264	0.854685069	5.05185865	293.21065	293.210944	293.20966	293.213327	0.000504138207	0.00246816165	0	0	0	0	3
514	264	0.857150611	5.06170632	293.2106	293.21097	293.20966	293.213327	0.000504138207	0.00246761607	0	0	0	0	3
515	265	0.85891479	5.071554	293.210965	293.210989	293.20966	293.213327	0.000504138207	0.00246707314	0	0	0	0	3
516	265	0.860475488	5.08140168	293.211577	293.211005	293.20966	293.213327	0.000504138207	0.00246653283	0	0	0	0	3
517	266	0.862219674	5.09124936	293.212189	293.211035	293.20966	293.213327	0.000504138207	0.00246599512	0	0	0	0	3
518	267	0.863729964	5.10109703	293.212554	293.211055	293.20966	293.213327	0.000504138207	0.00246546	0	0	0	0	3
519	267	0.864484111	5.11094471	293.212237	293.211042	293.20966	293.213327	0.000504138207	0.00246492745	0	0	0	0	3
520	268	0.865761486	5.12079239	293.210955	293.210986	293.20966	293.213064	0.000504138207	0.00246439744	0	0	0	0	3
521	268	0.86738564	5.13064007	293.212595	293.211015	293.20966	293.213064	0.000504138207	0.00246386997	0	0	0	0	3
522	269	0.868747021	5.14048775	293.211318	293.211008	293.20966	293.213064	0.000504138207	0.002463345	0	0	0	0	3
523	269	0.87083551	5.15033542	293.211134	293.210981	293.20966	293.213064	0.000504138207	0.00246282253	0	0	0	0	3
524	270	0.872696087	5.1601831	293.210022	293.210951	293.20966	293.213064	0.000504138207	0.00246230254	0	0	0	0	3
525	271	0.873714203	5.17003078	293.21103	293.210931	293.20966	293.213064	0.000504138207	0.00246178501	0	0	0	0	3
526	271	0.87530412	5.17987846	293.213296	293.210968	293.20966	293.213296	0.000504138207	0.00246126991	0	0	0	0	3
527	272	0.876952624	5.18972613	293.212305	293.210993	293.20966	293.213296	0.000504138207	0.00246075724	0	0	0	0	3
528	272	0.878716666	5.19957381	293.212072	293.210995	293.20966	293.213296	0.000504138207	0.00246024698	0	0	0	0	3
529	273	0.880434592	5.20942149	293.211	293.210973	293.20966	293.213296	0.000504138207	0.0024597391	0	0	0	0	3
530	273	0.882559757	5.21926917	293.209939	293.210945	293.20966	293.213296	0.000504138207	0.0024592336	0	0	0	0	3
531	273	0.883939396	5.22911684	293.209775	293.210927	293.20966	293.213296	0.000501949516	0.00245873046	0	0	0	0	3
532	274	0.886146344	5.23896452	293.209825	293.210912	293.20966	293.213296	0.000485435594	0.00245822966	0	0	0	0	3
533	274	0.887797424	5.2488122	293.209741	293.21091	293.20966	293.213296	0.000452471779	0.00245773118	0	0	0	0	3
534	275	0.889993688	5.25865988	293.209454	293.210895	293.209454	293.213296	0.000434393996	0.00245723501	0	0	0	0	3
535	275	0.891928835	5.26850756	293.209383	293.210879	293.209383	293.213296	0.00039976291	0.00245674113	0	0	0	0	3
536	275	0.893954976	5.27835523	293.209698	293.210872	293.209383	293.213296	0.000337304011	0.00245624952	0	0	0	0	3
537	276	0.89612977	5.28820291	293.209812	293.210864	293.209383	293.213296	0.000285492688	0.00245576018	0	0	0	0	3
538	276	0.898438456	5.29805059	293.210337	293.210873	293.209383	293.213296	0.000251885614	0.00245527308	0	0	0	0	3
539	277	0.900667859	5.30789827	293.210428	293.210875	293.209383	293.213296	0.000236760028	0.00245478821	0	0	0	0	3
540	277	0.902653225	5.31774594	293.210633	293.210871	293.209383	293.213296	0.000236760028	0.00245430555	0	0	0	0	3
541	278	0.904160635	5.32759362	293.210674	293.210869	293.209383	293.213296	0.000236760028	0.0024538251	0	0	0	0	3
542	278	0.905882441	5.3374413	293.21156	293.21088	293.209383	293.213296	0.000236760028	0.00245334682	0	0	0	0	3
543	279	0.90772587	5.34728898	293.212101	293.210884	293.209383	293.213296	0.000236760028	0.00245287072	0	0	0	0	3
544	280	0.908633554	5.35713665	293.212697	293.210867	293.209383	293.213296	0.000216525229	0.00245239677	0	0	0	0	3
545	280	0.909352214	5.36698433	293.209631	293.210845	293.209383	293.213296	0.000210385077	0.00245192496	0	0	0	0	3
546	281	0.910686642	5.37683201	293.210249	293.210828	293.209383	293.213296	0.000227119319	0.00244959271	0	0	0	0	3
547	281	0.912148229	5.38667969	293.214399	293.21086	293.209383	293.214399	0.000227119319	0.00244655059	0	0	0	0	3
548	282	0.913170982	5.39652736	293.209544	293.210815	293.209383	293.214399	0.000240416202	0.00244323944	0	0	0	0	3
549	282	0.914717152	5.40637504	293.210852	293.2108	293.209383	293.214399	0.000254831634	0.0024399431	0	0	0	0	3
550	283	0.916435473	5.41622272	293.210629	293.210791	293.209383	293.214399	0.000264665956	0.00243601422	0	0	0	0	3
551	283	0.917611472	5.4260704	293.211563	293.210789	293.209383	293.214399	0.000266756928	0.00243210284	0	0	0	0	3
552	284	0.919714594	5.43591808	293.211073	293.210792	293.209383	293.214399	0.000266756928	0.00242820885	0	0	0	0	3
553	284	0.921976847	5.44576575	293.210964	293.210775	293.209383	293.214399	0.000280439657	0.00242433212	0	0	0	0	3
554	285	0.92371185	5.45561343	293.210396	293.210762	293.209383	293.214399	0.000292967872	0.00242018349	0	0	0	0	3
555	286	0.925791764	5.46546111	293.210552	293.210749	293.209383	293.214399	0.000306257758	0.00241605319	0	0	0	0	3
556	286	0.928107957	5.47530879	293.210002	293.210739	293.209383	293.214399	0.000316090984	0.00241194107	0	0	0	0	3
557	286	0.930523648	5.48515646	293.209923	293.210727	293.209383	293.214399	0.000328530335	0.00240784703	0	0	0	0	3
558	287	0.932178742	5.49500414	293.20996	293.210733	293.209383	293.214399	0.000328530335	0.00240377095	0	0	0	0	3
559	287	0.934856226	5.50485182	293.209801	293.210725	293.209383	293.214399	0.000330517117	0.00239971271	0	0	0	0	3
560	288	0.936296388	5.5146995	293.209494	293.210727	293.209383	293.214399	0.000330517117	0.00239567219	0	0	0	0	3
561	288	0.938963719	5.52454717	293.209629	293.210717	293.209383	293.214399	0.00033857661	0.00239164927	0	0	0	0	3
562	289	0.941618166	5.53439485	293.209904	293.210708	293.209383	293.214399	0.000346844229	0.00238764384	0	0	0	0	3
563	289	0.94408934	5.54424253	293.210292	293.210703	293.209383	293.214399	0.00035247097	0.0023836558	0	0	0	0	3
564	289	0.946549237	5.55409021	293.210179	293.21069	293.209383	293.214399	0.000365169076	0.00237968501	0	0	0	0	3
565	290	0.948863798	5.56393789	293.21065	293.210692	293.209383	293.214399	0.000365169076	0.00237573138	0	0	0	0	3
566	290	0.950898829	5.57378556	293.211598	293.210706	293.209383	293.214399	0.000365169076	0.00237179479	0	0	0	0	3
567	291	0.95272984	5.58363324	293.211833	293.210714	293.209383	293.214399	0.000365169076	0.00236787513	0	0	0	0	3
568	292	0.953503818	5.59348092	293.212117	293.210698	293.209383	293.214399	0.000365169076	0.0023639723	0	0	0	0	3
569	292	0.954448483	5.6033286	293.211812	293.210678	293.209383	293.214399	0.000363325672	0.00236008618	0	0	0	0	3
570	293	0.955737215	5.61317627	293.211682	293.21068	293.209383	293.214399	0.000336300674	0.00235621666	0	0	0	0	3
571	294	0.957311615	5.62302395	293.21211	293.2107	293.209383	293.214399	0.000336300674	0.00235236365	0	0	0	0	3
572	294	0.958777696	5.63287163	293.211303	293.210676	293.209383	293.214399	0.000331226397	0.00234852703	0	0	0	0	3
573	295	0.960794414	5.64271931	293.210879	293.210671	293.209383	293.214399	0.000323698628	0.00234470671	0	0	0	0	3
574	295	0.962887774	5.65256698	293.210885	293.210666	293.209383	293.214399	0.000329343313	0.00234090257	0	0	0	0	3
575	296	0.964706479	5.66241466	293.211864	293.210702	293.209383	293.214399	0.000329343313	0.00233711452	0	0	0	0	3
576	296	0.966637359	5.67226234	293.211603	293.210718	293.209383	293.214399	0.000329343313	0.00233334245	0	0	0	0	3
577	297	0.968399717	5.68211002	293.21097	293.210678	293.209383	293.214399	0.000329343313	0.00232958626	0	0	0	0	3
578	297	0.970540185	5.6919577	293.210258	293.21064	293.209383	293.214399	0.000355046329	0.00232584585	0	0	0	0	3
579	298	0.972632492	5.70180537	293.209421	293.210586	293.209383	293.214399	0.000387506142	0.00232212113	0	0	0	0	3
580	298	0.974467978	5.71165305	293.209595	293.210559	293.209383	293.214399	0.000385517039	0.002318412	0	0	0	0	3
581	299	0.976357878	5.72150073	293.209365	293.210549	293.209365	293.214399	0.000378078755	0.00231472243	0	0	0	0	3
582	299	0.97874254	5.73134841	293.208904	293.210519	293.208904	293.214399	0.000393076901	0.0023111533	0	0	0	0	3
583	300	0.980598481	5.74119608	293.208581	293.210497	293.208581	293.214399	0.000413266139	0.0023076726	0	0	0	0	3
584	300	0.982730766	5.75104376	293.208894	293.210474	293.208581	293.214399	0.000420542999	0.00230420634	0	0	0	0	3
585	300	0.984931092	5.76089144	293.209277	293.21047	293.208581	293.214399	0.00041363968	0.00230075443	0	0	0	0	3
586	301	0.987133611	5.77073912	293.209642	293.210473	293.208581	293.214399	0.00041363968	0.00229731679	0	0	0	0	3
587	301	0.989385069	5.78058679	293.209907	293.210476	293.208581	293.214399	0.00041363968	0.00229389332	0	0	0	0	3
588	302	0.991818328	5.79043447	293.209988	293.210479	293.208581	293.214399	0.00041363968	0.00229048394	0	0	0	0	3
589	302	0.993936962	5.80028215	293.210259	293.210477	293.208581	293.214399	0.00041363968	0.00228754484	0	0	0	0	3
590	303	0.995885233	5.81012983	293.211155	293.210492	293.208581	293.214399	0.00041363968	0.00228754484	0	0	0	0	3
591	303	0.997160154	5.8199775	293.211496	293.210503	293.208581	293.214399	0.00041363968	0.00228754484	0	0	0	0	3
592	304	0.998194891	5.82982518	293.211932	293.210516	293.208581	293.214399	0.00041363968	0.00228754484	0	0	0	0	3
593	305	0.998929599	5.83967286	293.20992	293.210492	293.208581	293.214399	0.00041363968	0.00228754484	0	0	0	0	3
594	305	1	5.84952054	293.210662	293.210462	293.208581	293.214399	0.000405510583	0.00228754484	0	0	0	0	3
