Iteration	CPUTime	PhysTime	Travels	Value	AvValue	MinValue	MaxValue	Delta	Criteria	PrevAvRefValue	Progress	CriteriaType	CriteriaVarType	CriteriaPercentage
1	3	0.000171001836	0.00984767767	132153.48	132153.48	132153.48	132153.48	0	0	0	0	0	0	3
2	3	0.000331710224	0.0196953553	104017.951	118522.258	104017.951	132153.48	13631.2215	0	0	0	0	0	3
3	4	0.000488878734	0.029543033	103202.324	113597.088	103202.324	132153.48	18556.3921	0	0	0	0	0	3
4	4	0.000643661688	0.0393907107	105207.409	111579.6	103202.324	132153.48	20573.8793	0	0	0	0	0	3
5	5	0.000801443904	0.0492383884	104206.559	110128.052	103202.324	132153.48	22025.4279	0	0	0	0	0	3
6	5	0.00107003424	0.059086066	104103.045	108615.709	103202.324	132153.48	23537.7707	0	0	0	0	0	3
7	5	0.0013851141	0.0689337437	103120.98	107365.791	103120.98	132153.48	24787.6883	0	0	0	0	0	3
8	6	0.00173024776	0.0787814214	102290.796	106353.479	102290.796	132153.48	25800.0012	0	0	0	0	0	3
9	6	0.00208106873	0.0886290991	102009.372	105621.161	102009.372	132153.48	26532.3189	0	0	0	0	0	3
10	7	0.00244932859	0.0984767767	101756.657	105040.128	101756.657	132153.48	27113.3522	0	0	0	0	0	3
11	7	0.00300443486	0.108324454	101529.572	104391.509	101529.572	132153.48	27761.9706	0	0	0	0	0	3
12	8	0.00354422222	0.118172132	102459.338	104097.238	101529.572	132153.48	28056.2416	0	0	0	0	0	3
13	8	0.00408180258	0.12801981	101953.371	103814.887	101529.572	132153.48	28338.5926	0	0	0	0	0	3
14	9	0.00461731342	0.137867487	100033.781	103376.359	100033.781	132153.48	28777.1211	0	0	0	0	0	3
15	9	0.0050994637	0.147715165	100526.716	103106.927	100033.781	132153.48	29046.5526	0	0	0	0	0	3
16	10	0.00562450728	0.157562843	100983.488	102908.706	100033.781	132153.48	29244.7741	0	0	0	0	0	3
17	10	0.00611401693	0.16741052	100715.463	102733.107	100033.781	132153.48	29420.3728	0	0	0	0	0	3
18	11	0.00666296052	0.177258198	100860.887	102578.86	100033.781	132153.48	29574.62	0	0	0	0	0	3
19	12	0.00733664098	0.187105876	100486.952	102386.772	100033.781	132153.48	29766.7076	0	0	0	0	0	3
20	12	0.007962789	0.196953553	94136.3821	101738.009	94136.3821	132153.48	30415.4709	0	0	0	0	0	3
21	13	0.00897365026	0.206801231	95153.1784	100996.243	94136.3821	132153.48	31157.237	0	0	0	0	0	3
22	13	0.00989405776	0.216648909	92670.9763	100221.774	92670.9763	132153.48	31931.7057	0	0	0	0	0	3
23	14	0.0103586548	0.226496586	99044.7193	100168.982	92670.9763	132153.48	31984.4979	0	0	0	0	0	3
24	15	0.0108371262	0.236344264	76687.774	99132.2598	76687.774	132153.48	33021.22	0	0	0	0	0	3
25	15	0.0112200883	0.246191942	94888.4951	98987.4124	76687.774	132153.48	33166.0674	0	0	0	0	0	3
26	16	0.0118385858	0.25603962	99723.9227	99025.8908	76687.774	132153.48	33166.0674	0	0	0	0	0	3
27	16	0.012825171	0.265887297	103845.591	99396.6496	76687.774	132153.48	33166.0674	0	0	0	0	0	3
28	17	0.0140127618	0.275734975	86530.1328	98306.2038	76687.774	132153.48	33847.2761	0	0	0	0	0	3
29	17	0.014891468	0.285582653	100406.059	98430.1106	76687.774	132153.48	33847.2761	0	0	0	0	0	3
30	18	0.01620345	0.29543033	97737.5184	98374.0319	76687.774	132153.48	33847.2761	0	0	0	0	0	3
31	18	0.0181945626	0.305278008	99103.5795	98453.8696	76687.774	132153.48	33847.2761	0	0	0	0	0	3
32	19	0.0204151633	0.315125686	97862.2098	98389.5135	76687.774	132153.48	33847.2761	0	0	0	0	0	3
33	20	0.0219395162	0.324973363	97574.439	98332.8823	76687.774	132153.48	33847.2761	0	0	0	0	0	3
34	20	0.0243300956	0.334821041	95549.874	98059.4349	76687.774	132153.48	34094.045	0	0	0	0	0	3
35	20	0.0252528937	0.344668719	100516.486	98149.2211	76687.774	132153.48	34094.045	0	0	0	0	0	3
36	21	0.0275890882	0.354516396	104358.063	98674.9747	76687.774	132153.48	34094.045	0	0	0	0	0	3
37	21	0.0294179899	0.364364074	102122.991	98889.3361	76687.774	132153.48	34094.045	0	0	0	0	0	3
38	22	0.0316427054	0.374211752	103123.682	99187.0418	76687.774	132153.48	34094.045	0	0	0	0	0	3
39	22	0.0340597306	0.384059429	104160.256	99539.9625	76687.774	132153.48	34094.045	0	0	0	0	0	3
40	23	0.0358949734	0.393907107	104501.083	99793.6153	76687.774	132153.48	34094.045	0	0	0	0	0	3
41	23	0.03761349	0.403754785	106017.488	100077.977	76687.774	132153.48	34094.045	0	0	0	0	0	3
42	24	0.0398581686	0.413602462	106634.064	100447.194	76687.774	132153.48	34094.045	0	0	0	0	0	3
43	24	0.0418886315	0.42345014	105205.767	100677.855	76687.774	132153.48	34094.045	0	0	0	0	0	3
44	25	0.0440099962	0.433297818	103933.6	100834.788	76687.774	132153.48	34094.045	0	0	0	0	0	3
45	25	0.0462783759	0.443145495	102126.158	100898.086	76687.774	132153.48	34094.045	0	0	0	0	0	3
46	26	0.0486528739	0.452993173	102945.606	100998.015	76687.774	132153.48	34094.045	0	0	0	0	0	3
47	26	0.0502267998	0.462840851	99912.6542	100964.004	76687.774	132153.48	34094.045	0	0	0	0	0	3
48	27	0.0525414327	0.472688528	98457.7727	100853.596	76687.774	132153.48	34094.045	0	0	0	0	0	3
49	27	0.0542511769	0.482536206	93767.5004	100630.275	76687.774	132153.48	34094.045	0	0	0	0	0	3
50	28	0.0553920146	0.492383884	93567.9635	100484.822	76687.774	132153.48	34094.045	0	0	0	0	0	3
51	28	0.056142207	0.502231561	91428.756	100363.811	76687.774	132153.48	34094.045	0	0	0	0	0	3
52	29	0.0569837923	0.512079239	98952.7404	100247.224	76687.774	106634.064	20462.8235	0	0	0	0	0	3
53	30	0.0586247094	0.521926917	94903.5355	100086.407	76687.774	106634.064	15537.6528	0	0	0	0	0	3
54	30	0.0596820105	0.531774594	98181.507	100044.108	76687.774	106634.064	13520.1656	0	0	0	0	0	3
55	31	0.0613649362	0.541622272	113518.677	100404.402	76687.774	113518.677	12068.6171	0	0	0	0	0	3
56	31	0.0616321404	0.55146995	21623.0938	100048.486	21623.0938	113518.677	10556.2742	0	0	0	0	0	3
57	32	0.062492664	0.561317627	70663.6308	99619.0783	21623.0938	113518.677	9306.35661	0	0	0	0	0	3
58	32	0.0632192593	0.571165305	104478.926	99658.3408	21623.0938	113518.677	8294.04381	0	0	0	0	0	3
59	33	0.0640064671	0.581012983	85630.8131	99466.4356	21623.0938	113518.677	7561.72607	0	0	0	0	0	3
60	33	0.0648524845	0.59086066	88195.8875	99300.3219	21623.0938	113518.677	6980.69271	0	0	0	0	0	3
61	34	0.0655942157	0.600708338	95225.5794	99238.1327	21623.0938	113518.677	6332.0744	0	0	0	0	0	3
62	34	0.0665950679	0.610556016	98081.3211	99199.9228	21623.0938	113518.677	6037.8034	0	0	0	0	0	3
63	35	0.0675428314	0.620403693	96537.9134	99133.0097	21623.0938	113518.677	5755.45236	0	0	0	0	0	3
64	36	0.0686213274	0.630251371	100949.988	99139.8804	21623.0938	113518.677	5316.92386	0	0	0	0	0	3
65	37	0.069671385	0.640099049	111226.267	99327.6121	21623.0938	113518.677	5047.49236	0	0	0	0	0	3
66	37	0.0714644078	0.649946726	100077.571	99339.1625	21623.0938	113518.677	4849.27085	0	0	0	0	0	3
67	38	0.072644538	0.659794404	102096.917	99374.8409	21623.0938	113518.677	4673.67217	0	0	0	0	0	3
68	38	0.0738764011	0.669642082	104194.815	99452.7794	21623.0938	113518.677	4519.42493	0	0	0	0	0	3
69	39	0.0758249122	0.679489759	104103.402	99572.6259	21623.0938	113518.677	4327.33739	0	0	0	0	0	3
70	39	0.077159036	0.689337437	99905.9503	99570.173	21623.0938	113518.677	3678.57408	0	0	0	0	0	3
71	40	0.0789742696	0.699185115	102717.424	99698.5375	21623.0938	113518.677	2938.58037	0	0	0	0	0	3
72	40	0.0810194402	0.709032792	103898.318	99881.5322	21623.0938	113518.677	2938.58037	0	0	0	0	0	3
73	40	0.0828057227	0.71888047	105994.011	100122.307	21623.0938	113518.677	2938.58037	0	0	0	0	0	3
74	41	0.084924187	0.728728148	106784.703	100318.305	21623.0938	113518.677	2938.58037	0	0	0	0	0	3
75	41	0.0871784155	0.738575825	105663.088	100624.232	21623.0938	113518.677	2938.58037	0	0	0	0	0	3
76	42	0.0895336111	0.748423503	103820.185	100748.395	21623.0938	113518.677	2938.58037	0	0	0	0	0	3
77	42	0.0919824422	0.758271181	102647.657	100814.334	21623.0938	113518.677	2938.58037	0	0	0	0	0	3
78	43	0.0942044898	0.768118859	102110.604	100812.98	21623.0938	113518.677	2938.58037	0	0	0	0	0	3
79	43	0.0956288114	0.777966536	101390.728	101030.891	21623.0938	113518.677	2971.45658	0	0	0	0	0	3
80	44	0.0970884216	0.787814214	99994.9319	101019.175	21623.0938	113518.677	2971.45658	0	0	0	0	0	3
81	44	0.0989238183	0.797661892	96292.2754	100966.343	21623.0938	113518.677	2971.45658	0	0	0	0	0	3
82	45	0.100269765	0.807509569	91941.1659	100863.53	21623.0938	113518.677	2971.45658	0	0	0	0	0	3
83	45	0.100965641	0.817357247	93051.8353	100878.784	21623.0938	113518.677	2971.45658	0	0	0	0	0	3
84	46	0.101765254	0.827204925	97741.9888	100910.463	21623.0938	113518.677	2971.45658	0	0	0	0	0	3
85	46	0.10324547	0.837052602	96683.6285	100993.568	21623.0938	113518.677	2881.67035	0	0	0	0	0	3
86	47	0.104892294	0.84690028	100352.84	100985.847	21623.0938	113518.677	2355.91676	0	0	0	0	0	3
87	48	0.106472237	0.856747958	98108.0753	100828.337	21623.0938	113518.677	2141.55533	0	0	0	0	0	3
88	48	0.108475571	0.866595635	97702.1077	100719.168	21623.0938	113518.677	1897.88176	0	0	0	0	0	3
89	49	0.110239065	0.876443313	99656.4633	100627.262	21623.0938	113518.677	1897.88176	0	0	0	0	0	3
90	49	0.112476502	0.886290991	98641.5477	100461.708	21623.0938	113518.677	1897.88176	0	0	0	0	0	3
91	50	0.114549979	0.896138668	95504.9232	100236.789	21623.0938	113518.677	1897.88176	0	0	0	0	0	3
92	50	0.116355026	0.905986346	98310.9753	100066.48	21623.0938	113518.677	1897.88176	0	0	0	0	0	3
93	51	0.118618292	0.915834024	101675.759	99925.5467	21623.0938	113518.677	1897.88176	0	0	0	0	0	3
94	51	0.119795205	0.925681701	106244.674	99883.3907	21623.0938	113518.677	1897.88176	0	0	0	0	0	3
95	51	0.121754244	0.935529379	104462.228	99888.2547	21623.0938	113518.677	1897.88176	0	0	0	0	0	3
96	52	0.124059027	0.945377057	104749.077	99967.024	21623.0938	113518.677	1897.88176	0	0	0	0	0	3
97	52	0.125862081	0.955224734	107074.102	100041.391	21623.0938	113518.677	1897.88176	0	0	0	0	0	3
98	53	0.12804952	0.965072412	104620.692	100172.709	21623.0938	113518.677	1897.88176	0	0	0	0	0	3
99	53	0.130160979	0.97492009	105489.509	100368.48	21623.0938	113518.677	1897.88176	0	0	0	0	0	3
100	54	0.132432475	0.984767767	104473.508	100632.105	21623.0938	113518.677	1897.88176	0	0	0	0	0	3
101	55	0.134790042	0.994615445	102480.131	100788.481	21623.0938	113518.677	1897.88176	0	0	0	0	0	3
102	55	0.136969736	1.00446312	102204.802	100913.546	21623.0938	113518.677	1897.88176	10060.3608	0	0	0	0	3
103	55	0.139480356	1.0143108	101093.436	100939.024	21623.0938	113518.677	1897.88176	10060.3608	0	0	0	0	3
104	56	0.141782141	1.02415848	99977.2017	101031.497	21623.0938	113518.677	1898.48722	10060.3608	0	0	0	0	3
105	57	0.143367784	1.03400616	95071.7591	100954.582	21623.0938	113518.677	1898.48722	10060.3608	0	0	0	0	3
106	57	0.144930867	1.04385383	96305.8759	100614.602	21623.0938	111226.267	1898.48722	10060.3608	0	0	0	0	3
107	58	0.145724966	1.05370151	88802.2989	100754.051	70663.6308	111226.267	1898.48722	10060.3608	0	0	0	0	3
108	58	0.146556352	1.06354919	94343.6966	100998.676	85630.8131	111226.267	1898.48722	10060.3608	0	0	0	0	3
109	59	0.147848201	1.07339687	90285.2601	100805.257	85630.8131	111226.267	1898.48722	10060.3608	0	0	0	0	3
110	59	0.149410781	1.08324454	91296.4484	100771.15	88195.8875	111226.267	1898.48722	10060.3608	0	0	0	0	3
111	60	0.151005734	1.09309222	95584.2642	100798.614	88802.2989	111226.267	1898.48722	10060.3608	0	0	0	0	3
112	60	0.152595452	1.1029399	99668.0727	100825.469	88802.2989	111226.267	1898.48722	10060.3608	0	0	0	0	3
113	61	0.154132809	1.11278758	98623.1135	100818.166	88802.2989	111226.267	1898.48722	10060.3608	0	0	0	0	3
114	61	0.156026464	1.12263525	98255.1897	100809.161	88802.2989	111226.267	1891.6165	10060.3608	0	0	0	0	3
115	62	0.157990846	1.13248293	95596.568	100692.887	88802.2989	111226.267	1703.88483	10060.3608	0	0	0	0	3
116	62	0.159510527	1.14233061	97576.0959	100517.048	88802.2989	107074.102	1692.33439	10060.3608	0	0	0	0	3
117	63	0.161638966	1.15217829	101413.019	100546.935	88802.2989	107074.102	1656.656	10060.3608	0	0	0	0	3
118	63	0.163632742	1.16202597	102357.103	100566.497	88802.2989	107074.102	1578.71747	10060.3608	0	0	0	0	3
119	64	0.1657748	1.17187364	104599.825	100611.873	88802.2989	107074.102	1461.32387	10060.3608	0	0	0	0	3
120	64	0.167856485	1.18172132	104401.913	100623.678	88802.2989	107074.102	1461.32387	10060.3608	0	0	0	0	3
121	65	0.169851676	1.191569	105910.757	100747.811	88802.2989	107074.102	1332.95936	10060.3608	0	0	0	0	3
122	65	0.172660453	1.20141668	107515.098	100912.537	88802.2989	107515.098	1149.96471	10060.3608	0	0	0	0	3
123	65	0.174485086	1.21126435	105622.697	100939.155	88802.2989	107515.098	1148.10618	10060.3608	0	0	0	0	3
124	66	0.176864464	1.22111203	105486.295	100958.185	88802.2989	107515.098	1148.10618	10060.3608	0	0	0	0	3
125	66	0.179114308	1.23095971	103732.076	100893.396	88802.2989	107515.098	1148.10618	10060.3608	0	0	0	0	3
126	67	0.181480945	1.24080739	102201.865	100812.218	88802.2989	107515.098	1148.10618	10060.3608	0	0	0	0	3
127	67	0.184026171	1.25065506	101971.067	100768.46	88802.2989	107515.098	1148.10618	10060.3608	0	0	0	0	3
128	68	0.186123033	1.26050274	100838.483	100721.137	88802.2989	107515.098	1148.10618	10060.3608	0	0	0	0	3
129	68	0.188023411	1.27035042	96540.0714	100603.538	88802.2989	107515.098	1148.10618	10060.3608	0	0	0	0	3
130	69	0.189463818	1.2801981	94340.8111	100495.453	88802.2989	107515.098	1148.10618	10060.3608	0	0	0	0	3
131	69	0.190335741	1.29004578	97050.1896	100471.073	88802.2989	107515.098	1148.10618	10060.3608	0	0	0	0	3
132	70	0.191194276	1.29989345	92535.8186	100480.361	88802.2989	107515.098	1148.10618	10060.3608	0	0	0	0	3
133	70	0.192384939	1.30974113	100922.821	100610.851	88802.2989	107515.098	1148.10618	10060.3608	0	0	0	0	3
134	71	0.193986386	1.31958881	95745.5697	100583.639	88802.2989	107515.098	1148.10618	10060.3608	0	0	0	0	3
135	72	0.195542456	1.32943649	98650.0507	100575.784	88802.2989	107515.098	1148.10618	10060.3608	0	0	0	0	3
136	72	0.197622287	1.33928416	99837.3597	100620.556	88802.2989	107515.098	1148.10618	10060.3608	0	0	0	0	3
137	73	0.199079115	1.34913184	92416.6536	100498.344	88802.2989	107515.098	1148.10618	10060.3608	0	0	0	0	3
138	73	0.200903034	1.35897952	96882.2436	100468.491	88802.2989	107515.098	1148.10618	10060.3608	0	0	0	0	3
139	74	0.203017782	1.3688272	98565.3538	100484.54	88802.2989	107515.098	1148.10618	10060.3608	0	0	0	0	3
140	74	0.204100461	1.37867487	87410.4059	100349.29	87410.4059	107515.098	1148.10618	10060.3608	0	0	0	0	3
141	75	0.205410541	1.38852255	98906.6013	100370.068	87410.4059	107515.098	1148.10618	10060.3608	0	0	0	0	3
142	75	0.207276445	1.39837023	101824.165	100508.118	87410.4059	107515.098	1148.10618	10060.3608	0	0	0	0	3
143	76	0.209126502	1.40821791	103106.966	100602.695	87410.4059	107515.098	1148.10618	10060.3608	0	0	0	0	3
144	76	0.21067782	1.41806558	101982.42	100599.564	87410.4059	107515.098	1148.10618	10060.3608	0	0	0	0	3
145	77	0.213235504	1.42791326	103301.499	100602.42	87410.4059	107515.098	1143.24215	10060.3608	0	0	0	0	3
146	77	0.215097851	1.43776094	105530.24	100619.73	87410.4059	107515.098	1064.47287	10060.3608	0	0	0	0	3
147	78	0.217214238	1.44760862	106162.978	100643.501	87410.4059	107515.098	990.106015	10060.3608	0	0	0	0	3
148	78	0.218939482	1.4574563	106398.342	100625.6	87410.4059	107515.098	858.787499	10060.3608	0	0	0	0	3
149	78	0.220756871	1.46730397	106675.62	100649.937	87410.4059	107515.098	682.206747	10060.3608	0	0	0	0	3
150	79	0.22277129	1.47715165	105161.407	100637.729	87410.4059	107515.098	682.206747	10060.3608	0	0	0	0	3
151	79	0.225052676	1.48699933	102395.512	100586.954	87410.4059	107515.098	682.206747	10060.3608	0	0	0	0	3
152	80	0.227197952	1.49684701	102100.916	100573.801	87410.4059	107515.098	682.206747	10060.3608	0	0	0	0	3
153	80	0.229514109	1.50669468	101597.152	100560.998	87410.4059	107515.098	682.206747	10060.3608	0	0	0	0	3
154	81	0.231545971	1.51654236	100221.657	100538.99	87410.4059	107515.098	682.206747	10060.3608	0	0	0	0	3
155	81	0.233215696	1.52639004	95023.2996	100452.407	87410.4059	107515.098	649.38567	10060.3608	0	0	0	0	3
156	82	0.234725394	1.53623772	95208.111	100459.133	87410.4059	107515.098	649.38567	10060.3608	0	0	0	0	3
157	82	0.235519424	1.54608539	92539.8771	100461.382	87410.4059	107515.098	649.38567	10060.3608	0	0	0	0	3
158	83	0.23625548	1.55593307	95397.9728	100522.483	87410.4059	107515.098	649.38567	10060.3608	0	0	0	0	3
159	83	0.237569661	1.56578075	100430.018	100577.59	87410.4059	107515.098	608.894957	10060.3608	0	0	0	0	3
160	84	0.239155994	1.57562843	90888.1407	100554.87	87410.4059	107515.098	608.894957	10060.3608	0	0	0	0	3
161	85	0.24043853	1.58547611	95220.3876	100638.639	87410.4059	107515.098	608.894957	10060.3608	0	0	0	0	3
162	85	0.242322127	1.59532378	99733.4272	100708.248	87410.4059	107515.098	608.894957	10060.3608	0	0	0	0	3
163	86	0.243001981	1.60517146	102911.785	100743.109	87410.4059	107515.098	608.894957	10060.3608	0	0	0	0	3
164	86	0.244357097	1.61501914	89722.3593	100613.707	87410.4059	107515.098	608.894957	10060.3608	0	0	0	0	3
165	87	0.245978951	1.62486682	98510.3019	100625.434	87410.4059	107515.098	608.894957	10060.3608	0	0	0	0	3
166	87	0.247628175	1.63471449	97300.2622	100674.461	87410.4059	107515.098	608.894957	10060.3608	0	0	0	0	3
167	88	0.249366701	1.64456217	95130.668	100619.601	87410.4059	107515.098	608.894957	10060.3608	0	0	0	0	3
168	88	0.250394944	1.65440985	97933.5798	100569.456	87410.4059	107515.098	608.894957	10060.3608	0	0	0	0	3
169	89	0.251970356	1.66425753	103183.752	100575.732	87410.4059	107515.098	608.894957	10060.3608	0	0	0	0	3
170	89	0.253991631	1.6741052	103736.547	100550.443	87410.4059	107515.098	608.894957	10060.3608	0	0	0	0	3
171	90	0.256099793	1.68395288	103141.802	100521.494	87410.4059	107515.098	608.894957	10060.3608	0	0	0	0	3
172	90	0.258163303	1.69380056	105142.247	100507.706	87410.4059	107515.098	608.894957	10060.3608	0	0	0	0	3
173	90	0.259569987	1.70364824	105982.987	100369.859	87410.4059	106675.62	608.894957	10060.3608	0	0	0	0	3
174	91	0.261304905	1.71349592	106307.148	100378.109	87410.4059	106675.62	608.894957	10060.3608	0	0	0	0	3
175	91	0.263038127	1.72334359	106345.928	100357.096	87410.4059	106675.62	544.106335	10060.3608	0	0	0	0	3
176	92	0.264839712	1.73319127	106463.454	100396.85	87410.4059	106675.62	462.928196	10060.3608	0	0	0	0	3
177	92	0.266903878	1.74303895	105412.961	100468.052	87410.4059	106675.62	419.170058	10060.3608	0	0	0	0	3
178	92	0.269076562	1.75288663	102742.921	100481.186	87410.4059	106675.62	393.819153	10060.3608	0	0	0	0	3
179	93	0.27137349	1.7627343	101661.371	100504.196	87410.4059	106675.62	393.819153	10060.3608	0	0	0	0	3
180	93	0.273935377	1.77258198	101268.545	100614.675	87410.4059	106675.62	393.819153	10060.3608	0	0	0	0	3
181	94	0.275552638	1.78242966	100535.897	100718.167	87410.4059	106675.62	393.819153	10060.3608	0	0	0	0	3
182	94	0.277015968	1.79227734	98898.3414	100724.342	87410.4059	106675.62	393.819153	10060.3608	0	0	0	0	3
183	95	0.278957878	1.80212501	96142.7659	100703.07	87410.4059	106675.62	393.819153	10060.3608	0	0	0	0	3
184	96	0.280297539	1.81197269	93944.8992	100597.109	87410.4059	106675.62	393.819153	10060.3608	0	0	0	0	3
185	96	0.281075066	1.82182037	101188.117	100691.599	87410.4059	106675.62	393.819153	10060.3608	0	0	0	0	3
186	97	0.282474639	1.83166805	97123.832	100670.703	87410.4059	106675.62	393.819153	10060.3608	0	0	0	0	3
187	97	0.284209585	1.84151572	96399.2203	100605.132	87410.4059	106675.62	393.819153	10060.3608	0	0	0	0	3
188	98	0.285662823	1.8513634	96370.9931	100671.842	87410.4059	106675.62	393.819153	10060.3608	0	0	0	0	3
189	99	0.287204852	1.86121108	102915.919	100792.029	87410.4059	106675.62	442.738847	10060.3608	0	0	0	0	3
190	99	0.28905929	1.87105876	98377.452	100794.716	87410.4059	106675.62	445.425632	10060.3608	0	0	0	0	3
191	100	0.291057273	1.88090644	95241.9889	100833.777	89722.3593	106675.62	476.681458	10060.3608	0	0	0	0	3
192	100	0.293421037	1.89075411	93838.3895	100674.584	89722.3593	106675.62	476.681458	10060.3608	0	0	0	0	3
193	101	0.294412116	1.90060179	97230.9025	100610.799	89722.3593	106675.62	476.681458	10060.3608	0	0	0	0	3
194	101	0.29593171	1.91044947	106127.887	100654.179	89722.3593	106675.62	476.681458	10060.3608	0	0	0	0	3
195	102	0.297989554	1.92029715	101088.16	100640.808	89722.3593	106675.62	476.681458	10060.3608	0	0	0	0	3
196	102	0.30002087	1.93014482	104577.476	100654.536	89722.3593	106675.62	476.681458	10060.3608	0	0	0	0	3
197	103	0.301770153	1.9399925	104043.107	100618.162	89722.3593	106675.62	476.681458	10060.3608	0	0	0	0	3
198	103	0.304076905	1.94984018	105080.744	100601.573	89722.3593	106675.62	476.681458	10060.3608	0	0	0	0	3
199	104	0.306531221	1.95968786	105360.535	100620.744	89722.3593	106675.62	476.681458	10060.3608	0	0	0	0	3
200	104	0.307991719	1.96953553	105779.678	100580.972	89722.3593	106463.454	476.681458	10060.3608	0	0	0	0	3
201	105	0.309913433	1.97938321	105630.822	100586.451	89722.3593	106463.454	476.681458	10060.3608	0	0	0	0	3
202	105	0.312113462	1.98923089	104746.092	100644.16	89722.3593	106463.454	476.681458	10060.3608	0	0	0	0	3
203	106	0.314383637	1.99907857	102620.09	100659.765	89722.3593	106463.454	476.681458	10060.3608	0	0	0	0	3
204	106	0.316633241	2.00892625	102333.325	100678.059	89722.3593	106463.454	476.681458	10060.3608	0	0	0	0	3
205	107	0.319110964	2.01877392	101050.505	100699.188	89722.3593	106463.454	476.681458	10060.3608	0	0	0	0	3
206	107	0.320627765	2.0286216	100725.543	100808.065	89722.3593	106463.454	476.681458	10060.3608	0	0	0	0	3
207	108	0.322220094	2.03846928	97317.4506	100841.164	89722.3593	106463.454	484.068467	10060.3608	0	0	0	0	3
208	108	0.323871002	2.04831696	95307.4118	100812.367	89722.3593	106463.454	484.068467	10060.3608	0	0	0	0	3
209	109	0.324941597	2.05816463	93047.917	100763.574	89722.3593	106463.454	484.068467	10060.3608	0	0	0	0	3
210	109	0.325697804	2.06801231	101265.539	100772.855	89722.3593	106463.454	484.068467	10060.3608	0	0	0	0	3
211	110	0.327008689	2.07785999	102956.46	100983.923	89722.3593	106463.454	626.827733	10060.3608	0	0	0	0	3
212	111	0.32850683	2.08770767	97449.4352	101007.732	89722.3593	106463.454	650.636309	10060.3608	0	0	0	0	3
213	111	0.329909241	2.09755534	104495.784	101090.986	89722.3593	106463.454	733.890101	10060.3608	0	0	0	0	3
214	112	0.331895746	2.10740302	100422.418	101062.12	89722.3593	106463.454	733.890101	10060.3608	0	0	0	0	3
215	112	0.334051683	2.1172507	100853.474	101228.427	93047.917	106463.454	871.33155	10060.3608	0	0	0	0	3
216	113	0.336300334	2.12709838	102688.192	101313.578	93047.917	106463.454	956.481973	10060.3608	0	0	0	0	3
217	114	0.338021426	2.13694606	94496.5154	101257.003	93047.917	106463.454	956.481973	10060.3608	0	0	0	0	3
218	114	0.340321587	2.14679373	95611.1115	101231.324	93047.917	106463.454	956.481973	10060.3608	0	0	0	0	3
219	115	0.342299004	2.15664141	98759.6952	101215.04	93047.917	106463.454	956.481973	10060.3608	0	0	0	0	3
220	115	0.344642652	2.16648909	104044.588	101253.131	93047.917	106463.454	956.481973	10060.3608	0	0	0	0	3
221	116	0.346528518	2.17633677	100232.909	101178.094	93047.917	106463.454	956.481973	10060.3608	0	0	0	0	3
222	116	0.348757601	2.18618444	101435.422	101139.606	93047.917	106463.454	956.481973	10060.3608	0	0	0	0	3
223	117	0.350277587	2.19603212	105417.2	101120.525	93047.917	106463.454	956.481973	10060.3608	0	0	0	0	3
224	117	0.352196476	2.2058798	105332.498	101133.938	93047.917	106463.454	956.481973	10060.3608	0	0	0	0	3
225	117	0.354243375	2.21572748	105050.102	101123.618	93047.917	106463.454	956.481973	10060.3608	0	0	0	0	3
226	118	0.356394151	2.22557515	104747.849	101110.159	93047.917	106463.454	916.727765	10060.3608	0	0	0	0	3
227	118	0.358612458	2.23542283	103066.04	101053.579	93047.917	106127.887	845.525924	10060.3608	0	0	0	0	3
228	119	0.360939043	2.24527051	102064.463	100982.897	93047.917	106127.887	832.391873	10060.3608	0	0	0	0	3
229	119	0.363409928	2.25511819	102014.016	100969.368	93047.917	106127.887	809.382041	10060.3608	0	0	0	0	3
230	120	0.365325073	2.26496586	99547.7165	100923.471	93047.917	106127.887	732.605434	10060.3608	0	0	0	0	3
231	120	0.367105982	2.27481354	97141.2462	100841.687	93047.917	106127.887	732.605434	10060.3608	0	0	0	0	3
232	121	0.369073136	2.28466122	94218.1483	100707.652	93047.917	106127.887	732.605434	10060.3608	0	0	0	0	3
233	121	0.369994897	2.2945089	96049.228	100689.946	93047.917	106127.887	732.605434	10060.3608	0	0	0	0	3
234	122	0.37079848	2.30435658	99348.7976	100774.358	93047.917	106127.887	732.605434	10060.3608	0	0	0	0	3
235	122	0.372097242	2.31420425	94892.1824	100790.803	93047.917	106127.887	732.605434	10060.3608	0	0	0	0	3
236	123	0.373698776	2.32405193	91742.6818	100631.019	91742.6818	106127.887	732.605434	10060.3608	0	0	0	0	3
237	124	0.375455626	2.33389961	93706.6073	100552.975	91742.6818	106127.887	760.602704	10060.3608	0	0	0	0	3
238	124	0.377137377	2.34374729	100839.22	100635.705	91742.6818	106127.887	760.602704	10060.3608	0	0	0	0	3
239	125	0.379110881	2.35359496	97347.7255	100632.589	91742.6818	106127.887	760.602704	10060.3608	0	0	0	0	3
240	125	0.380964403	2.36344264	105377.824	100688.844	91742.6818	106127.887	760.602704	10060.3608	0	0	0	0	3
241	126	0.381844925	2.37329032	86687.7735	100602.172	86687.7735	106127.887	760.602704	10060.3608	0	0	0	0	3
242	126	0.383279984	2.383138	97740.1581	100673.764	86687.7735	106127.887	760.602704	10060.3608	0	0	0	0	3
243	127	0.385029176	2.39298567	96021.0296	100761.296	86687.7735	106127.887	760.602704	10060.3608	0	0	0	0	3
244	127	0.386170795	2.40283335	97398.291	100757.587	86687.7735	106127.887	760.602704	10060.3608	0	0	0	0	3
245	128	0.388037756	2.41268103	101711.493	100688.321	86687.7735	105779.678	760.602704	10060.3608	0	0	0	0	3
246	128	0.389759062	2.42252871	103776.67	100737.283	86687.7735	105779.678	760.602704	10060.3608	0	0	0	0	3
247	129	0.392122905	2.43237639	104404.173	100746.7	86687.7735	105779.678	760.602704	10060.3608	0	0	0	0	3
248	129	0.394057959	2.44222406	104417.045	100761.176	86687.7735	105779.678	760.602704	10060.3608	0	0	0	0	3
249	129	0.396442103	2.45207174	106718.481	100807.069	86687.7735	106718.481	760.602704	10060.3608	0	0	0	0	3
250	130	0.398332174	2.46191942	104542.056	100762.23	86687.7735	106718.481	760.602704	10060.3608	0	0	0	0	3
251	130	0.400379783	2.4717671	105872.44	100796.171	86687.7735	106718.481	760.602704	10060.3608	0	0	0	0	3
252	131	0.402541853	2.48161477	105042.896	100794.993	86687.7735	106718.481	760.602704	10060.3608	0	0	0	0	3
253	131	0.404844958	2.49146245	102194.173	100736.005	86687.7735	106718.481	760.602704	10060.3608	0	0	0	0	3
254	132	0.407077803	2.50131013	101567.512	100709.891	86687.7735	106718.481	760.602704	10060.3608	0	0	0	0	3
255	132	0.409226702	2.51115781	101298.159	100684.101	86687.7735	106718.481	760.602704	10060.3608	0	0	0	0	3
256	133	0.411012238	2.52100548	100335.443	100667.449	86687.7735	106718.481	760.602704	10060.3608	0	0	0	0	3
257	133	0.412651689	2.53085316	94598.9564	100558.378	86687.7735	106718.481	760.602704	10060.3608	0	0	0	0	3
258	134	0.414039595	2.54070084	95328.3318	100535.527	86687.7735	106718.481	778.050812	10060.3608	0	0	0	0	3
259	134	0.414904591	2.55054852	91691.1533	100546.301	86687.7735	106718.481	778.050812	10060.3608	0	0	0	0	3
260	135	0.415663867	2.5603962	94816.6749	100586.835	86687.7735	106718.481	778.050812	10060.3608	0	0	0	0	3
261	135	0.417060584	2.57024387	99740.6614	100568.282	86687.7735	106718.481	778.050812	10060.3608	0	0	0	0	3
262	136	0.418507465	2.58009155	88769.9824	100347.499	86687.7735	106718.481	966.079073	10060.3608	0	0	0	0	3
263	137	0.419863107	2.58993923	99718.0917	100385.684	86687.7735	106718.481	966.079073	10060.3608	0	0	0	0	3
264	137	0.422012998	2.59978691	98296.675	100274.34	86687.7735	106718.481	1039.23777	10060.3608	0	0	0	0	3
265	138	0.423932942	2.60963458	98157.2077	100226.979	86687.7735	106718.481	1086.59832	10060.3608	0	0	0	0	3
266	138	0.425981102	2.61948226	99909.824	100205.221	86687.7735	106718.481	1108.35707	10060.3608	0	0	0	0	3
267	139	0.428131582	2.62932994	94590.8682	100012.945	86687.7735	106718.481	1244.05822	10060.3608	0	0	0	0	3
268	139	0.429889041	2.63917762	98369.3916	100084.851	86687.7735	106718.481	1240.18539	10060.3608	0	0	0	0	3
269	140	0.432302609	2.64902529	101056.378	100222.218	86687.7735	106718.481	1240.18539	10060.3608	0	0	0	0	3
270	140	0.433995917	2.65887297	103665.036	100317.333	86687.7735	106718.481	1240.18539	10060.3608	0	0	0	0	3
271	141	0.435663462	2.66872065	101668.323	100246.113	86687.7735	106718.481	1165.14862	10060.3608	0	0	0	0	3
272	141	0.438128817	2.67856833	105090.684	100376.773	86687.7735	106718.481	1126.66066	10060.3608	0	0	0	0	3
273	142	0.439616462	2.688416	106792.677	100455.849	86687.7735	106792.677	1120.99251	10060.3608	0	0	0	0	3
274	142	0.442011498	2.69826368	106227.023	100524.318	86687.7735	106792.677	1120.99251	10060.3608	0	0	0	0	3
275	142	0.444105198	2.70811136	106224.624	100553.787	86687.7735	106792.677	1110.67278	10060.3608	0	0	0	0	3
276	143	0.446313	2.71795904	105725.532	100577.841	86687.7735	106792.677	1097.21342	10060.3608	0	0	0	0	3
277	143	0.448619499	2.72780672	103532.415	100554.485	86687.7735	106792.677	1040.63332	10060.3608	0	0	0	0	3
278	144	0.450992692	2.73765439	102383.357	100541.158	86687.7735	106792.677	969.951451	10060.3608	0	0	0	0	3
279	144	0.453402352	2.74750207	101674.372	100532.361	86687.7735	106792.677	956.422872	10060.3608	0	0	0	0	3
280	145	0.455018683	2.75734975	100967.713	100500.078	86687.7735	106792.677	910.525282	10060.3608	0	0	0	0	3
281	145	0.456585211	2.76719743	97817.1569	100474.011	86687.7735	106792.677	828.741569	10060.3608	0	0	0	0	3
282	146	0.458416654	2.7770451	95984.0965	100448.957	86687.7735	106792.677	794.123408	10060.3608	0	0	0	0	3
283	146	0.459865935	2.78689278	93068.2609	100466.142	86687.7735	106792.677	794.123408	10060.3608	0	0	0	0	3
284	147	0.460740545	2.79674046	97456.7077	100482.002	86687.7735	106792.677	794.123408	10060.3608	0	0	0	0	3
285	147	0.462051284	2.80658814	101912.42	100512.527	86687.7735	106792.677	794.123408	10060.3608	0	0	0	0	3
286	148	0.463694259	2.81643581	102655.092	100630.65	86687.7735	106792.677	794.123408	10060.3608	0	0	0	0	3
287	149	0.465105493	2.82628349	99687.8715	100771.82	86687.7735	106792.677	794.123408	10060.3608	0	0	0	0	3
288	149	0.467016859	2.83613117	101025.666	100912.684	86687.7735	106792.677	899.739119	10060.3608	0	0	0	0	3
289	150	0.469258165	2.84597885	100171.581	100895.994	86687.7735	106792.677	899.739119	10060.3608	0	0	0	0	3
290	150	0.471384629	2.85582653	98245.6319	100910.805	86687.7735	106792.677	899.739119	10060.3608	0	0	0	0	3
291	151	0.473822845	2.8656742	95304.098	100674.423	86687.7735	106792.677	899.739119	10060.3608	0	0	0	0	3
292	151	0.475580067	2.87552188	94551.5717	100691.026	88769.9824	106792.677	899.739119	10060.3608	0	0	0	0	3
293	152	0.476128108	2.88536956	107821.805	100778.725	88769.9824	107821.805	899.739119	10060.3608	0	0	0	0	3
294	152	0.47797661	2.89521724	105321.512	100958.606	88769.9824	107821.805	945.660467	10060.3608	0	0	0	0	3
295	153	0.480382699	2.90506491	102982.971	101053.449	88769.9824	107821.805	1040.50333	10060.3608	0	0	0	0	3
296	153	0.482746721	2.91491259	103358.896	101098.023	88769.9824	107821.805	1085.07762	10060.3608	0	0	0	0	3
297	154	0.484778952	2.92476027	104110.717	101113.932	88769.9824	107821.805	1100.9871	10060.3608	0	0	0	0	3
298	154	0.48658917	2.93460795	106917.931	101142.82	88769.9824	107821.805	1129.87455	10060.3608	0	0	0	0	3
299	154	0.488824862	2.94445562	105037.331	101167.84	88769.9824	107821.805	1154.89516	10060.3608	0	0	0	0	3
300	155	0.491126294	2.9543033	103731.804	101090.396	88769.9824	107821.805	1154.89516	10060.3608	0	0	0	0	3
301	156	0.493391882	2.96415098	102418.253	101053.414	88769.9824	107821.805	1154.89516	10060.3608	0	0	0	0	3
302	156	0.495689739	2.97399866	101102.766	100951.074	88769.9824	107821.805	1154.89516	10060.3608	0	0	0	0	3
303	157	0.498097887	2.98384633	101376.459	100869.211	88769.9824	107821.805	1154.89516	10060.3608	0	0	0	0	3
304	157	0.500306773	2.99369401	100013.577	100817.447	88769.9824	107821.805	1154.89516	10060.3608	0	0	0	0	3
305	158	0.502130991	3.00354169	96979.9516	100726.18	88769.9824	107821.805	1154.89516	10060.3608	0	0	0	0	3
306	158	0.503614384	3.01338937	93540.7871	100600.233	88769.9824	107821.805	1154.89516	10060.3608	0	0	0	0	3
307	159	0.504484344	3.02323705	91417.7551	100519.828	88769.9824	107821.805	1154.89516	10060.3608	0	0	0	0	3
308	160	0.505260466	3.03308472	96471.208	100590.715	88769.9824	107821.805	1154.89516	10060.3608	0	0	0	0	3
309	160	0.506543426	3.0429324	100460.864	100667.87	88769.9824	107821.805	1154.89516	10060.3608	0	0	0	0	3
310	161	0.507990591	3.05278008	92612.5605	100626.053	88769.9824	107821.805	1154.89516	10060.3608	0	0	0	0	3
311	161	0.509267067	3.06262776	104667.038	100728.284	88769.9824	107821.805	1154.89516	10060.3608	0	0	0	0	3
312	162	0.51113124	3.07247543	97222.2215	100673.469	88769.9824	107821.805	1154.89516	10060.3608	0	0	0	0	3
313	162	0.513007393	3.08232311	96892.9315	100780.666	91417.7551	107821.805	1154.89516	10060.3608	0	0	0	0	3
314	163	0.51461242	3.09217079	100459.773	100790.433	91417.7551	107821.805	1154.89516	10060.3608	0	0	0	0	3
315	164	0.516824197	3.10201847	98370.7081	100790.532	91417.7551	107821.805	1154.89516	10060.3608	0	0	0	0	3
316	164	0.5186657	3.11186614	99212.8497	100813.233	91417.7551	107821.805	1154.89516	10060.3608	0	0	0	0	3
317	165	0.5205226	3.12171382	101632.461	100848.895	91417.7551	107821.805	1154.89516	10060.3608	0	0	0	0	3
318	165	0.522747632	3.1315615	103625.533	101056.427	91417.7551	107821.805	1082.98947	10060.3608	0	0	0	0	3
319	165	0.524174511	3.14140918	103636.878	101145.565	91417.7551	107821.805	945.622373	10060.3608	0	0	0	0	3
320	166	0.526781183	3.15125686	101488.526	101157.305	91417.7551	107821.805	921.727577	10060.3608	0	0	0	0	3
321	166	0.528760267	3.16110453	103258.791	101156.384	91417.7551	107821.805	921.727577	10060.3608	0	0	0	0	3
322	167	0.53154552	3.17095221	103501.115	101215.592	91417.7551	107821.805	838.818895	10060.3608	0	0	0	0	3
323	167	0.534068896	3.18079989	104686.85	101207.314	91417.7551	107821.805	766.634823	10060.3608	0	0	0	0	3
324	167	0.536398255	3.19064757	104547.64	101201.856	91417.7551	107821.805	766.634823	10060.3608	0	0	0	0	3
325	168	0.538750656	3.20049524	102741.43	101114.882	91417.7551	107821.805	766.634823	10060.3608	0	0	0	0	3
326	168	0.541063819	3.21034292	101961.005	101024.73	91417.7551	107821.805	766.634823	10060.3608	0	0	0	0	3
327	169	0.543584287	3.2201906	101222.717	100923.164	91417.7551	107821.805	766.634823	10060.3608	0	0	0	0	3
328	169	0.545874955	3.23003828	99868.716	100836.448	91417.7551	107821.805	766.634823	10060.3608	0	0	0	0	3
329	170	0.547549833	3.23988595	95333.941	100702.981	91417.7551	107821.805	766.634823	10060.3608	0	0	0	0	3
330	171	0.549256592	3.24973363	88003.6994	100452.441	88003.6994	107821.805	766.634823	10060.3608	0	0	0	0	3
331	171	0.549794778	3.25958131	99452.2364	100437.974	88003.6994	107821.805	777.617432	10060.3608	0	0	0	0	3
332	172	0.550529333	3.26942899	105557.286	100521.705	88003.6994	107821.805	777.617432	10060.3608	0	0	0	0	3
333	172	0.552043577	3.27927667	97429.3496	100560.452	88003.6994	107821.805	777.617432	10060.3608	0	0	0	0	3
334	173	0.553476127	3.28912434	95144.0895	100593.558	88003.6994	107821.805	777.617432	10060.3608	0	0	0	0	3
335	174	0.555066348	3.29897202	94445.1557	100518.989	88003.6994	107821.805	777.617432	10060.3608	0	0	0	0	3
336	174	0.556742259	3.3088197	102126.562	100528.153	88003.6994	107821.805	777.617432	10060.3608	0	0	0	0	3
337	175	0.557623641	3.31866738	96035.0592	100448.789	88003.6994	107821.805	777.617432	10060.3608	0	0	0	0	3
338	175	0.559271209	3.32851505	101247.187	100474.161	88003.6994	107821.805	777.617432	10060.3608	0	0	0	0	3
339	176	0.561481298	3.33836273	97034.1499	100382.52	88003.6994	107821.805	833.071597	10060.3608	0	0	0	0	3
340	176	0.562869689	3.34821041	95373.1991	100313.275	88003.6994	107821.805	902.316461	10060.3608	0	0	0	0	3
341	177	0.564093185	3.35805809	96202.1095	100306.445	88003.6994	107821.805	909.146779	10060.3608	0	0	0	0	3
342	177	0.565987028	3.36790576	99304.2951	100418.19	88003.6994	107821.805	909.146779	10060.3608	0	0	0	0	3
343	178	0.567643863	3.37775344	104170.368	100597.693	88003.6994	107821.805	909.146779	10060.3608	0	0	0	0	3
344	178	0.569202763	3.38760112	102658.087	100589.665	88003.6994	106917.931	909.146779	10060.3608	0	0	0	0	3
345	179	0.571455384	3.3974488	103494.423	100566.093	88003.6994	106917.931	909.146779	10060.3608	0	0	0	0	3
346	179	0.573201039	3.40729647	104261.428	100572.94	88003.6994	106917.931	909.146779	10060.3608	0	0	0	0	3
347	180	0.575653264	3.41714415	105411.373	100629.759	88003.6994	106917.931	909.146779	10060.3608	0	0	0	0	3
348	180	0.577470501	3.42699183	105543.678	100649.779	88003.6994	106917.931	909.146779	10060.3608	0	0	0	0	3
349	180	0.579424364	3.43683951	105953.017	100639.169	88003.6994	105953.017	909.146779	10060.3608	0	0	0	0	3
350	181	0.581693493	3.44668719	104806.95	100635.124	88003.6994	105953.017	909.146779	10060.3608	0	0	0	0	3
351	181	0.584138893	3.45653486	102432.298	100605.751	88003.6994	105953.017	909.146779	10060.3608	0	0	0	0	3
352	182	0.586440753	3.46638254	102100.963	100598.609	88003.6994	105953.017	909.146779	10060.3608	0	0	0	0	3
353	182	0.588904881	3.47623022	101448.295	100608.642	88003.6994	105953.017	909.146779	10060.3608	0	0	0	0	3
354	183	0.591197439	3.4860779	98577.9931	100538.777	88003.6994	105953.017	909.146779	10060.3608	0	0	0	0	3
355	183	0.592870848	3.49592557	95199.4637	100454.784	88003.6994	105953.017	909.146779	10060.3608	0	0	0	0	3
356	184	0.594391028	3.50577325	90798.6063	100364.384	88003.6994	105953.017	909.146779	10060.3608	0	0	0	0	3
357	184	0.595118242	3.51562093	98438.8896	100459.701	88003.6994	105953.017	909.146779	10060.3608	0	0	0	0	3
358	185	0.596349703	3.52546861	96171.4361	100487.843	88003.6994	105953.017	909.146779	10060.3608	0	0	0	0	3
359	186	0.597831642	3.53531628	91947.7606	100384.804	88003.6994	105953.017	909.146779	10060.3608	0	0	0	0	3
360	186	0.599342084	3.54516396	97604.5985	100338.5	88003.6994	105953.017	909.146779	10060.3608	0	0	0	0	3
361	187	0.601107265	3.55501164	98038.8364	100414.978	88003.6994	105953.017	909.146779	10060.3608	0	0	0	0	3
362	187	0.602457578	3.56485932	97324.6371	100311.957	88003.6994	105953.017	909.146779	10060.3608	0	0	0	0	3
363	188	0.604595389	3.574707	139434.551	101268.436	88003.6994	139434.551	961.991222	10060.3608	0	0	0	0	3
364	188	0.604749723	3.58455467	-125192.21	100976.952	-125192.21	139434.551	961.991222	10060.3608	0	0	0	0	3
365	189	0.605013497	3.59440235	100071.452	100983.492	-125192.21	139434.551	961.991222	10060.3608	0	0	0	0	3
366	190	0.60579408	3.60425003	48205.5578	100585.395	-125192.21	139434.551	961.991222	10060.3608	0	0	0	0	3
367	190	0.60650495	3.61409771	36847.4343	100098.348	-125192.21	139434.551	1170.08804	10060.3608	0	0	0	0	3
368	191	0.607174665	3.62394538	88220.6476	99973.6727	-125192.21	139434.551	1294.76335	10060.3608	0	0	0	0	3
369	191	0.607909576	3.63379306	95258.5971	99837.5713	-125192.21	139434.551	1430.86479	10060.3608	0	0	0	0	3
370	192	0.608822469	3.64364074	101851.033	99795.2421	-125192.21	139434.551	1473.19393	10060.3608	0	0	0	0	3
371	193	0.609358771	3.65348842	113028.783	99827.7369	-125192.21	139434.551	1473.19393	10060.3608	0	0	0	0	3
372	193	0.610302085	3.66333609	100648.829	99753.9613	-125192.21	139434.551	1514.47482	10060.3608	0	0	0	0	3
373	194	0.611575686	3.67318377	104220.09	99694.6248	-125192.21	139434.551	1573.81127	10060.3608	0	0	0	0	3
374	194	0.612800877	3.68303145	107540.119	99656.711	-125192.21	139434.551	1611.72511	10060.3608	0	0	0	0	3
375	195	0.614903301	3.69287913	105297.902	99662.6653	-125192.21	139434.551	1611.72511	10060.3608	0	0	0	0	3
376	195	0.61651004	3.70272681	104733.266	99674.2992	-125192.21	139434.551	1611.72511	10060.3608	0	0	0	0	3
377	195	0.618395557	3.71257448	105152.121	99739.4601	-125192.21	139434.551	1611.72511	10060.3608	0	0	0	0	3
378	196	0.620874126	3.72242216	106298.993	99901.4445	-125192.21	139434.551	1611.72511	10060.3608	0	0	0	0	3
379	196	0.62237309	3.73226984	105374.482	100009.668	-125192.21	139434.551	1611.72511	10060.3608	0	0	0	0	3
380	197	0.624258452	3.74211752	103597.558	100199.943	-125192.21	139434.551	1611.72511	10060.3608	0	0	0	0	3
381	197	0.626550955	3.75196519	104747.706	100604.135	-125192.21	139434.551	1611.72511	10060.3608	0	0	0	0	3
382	197	0.629063703	3.76181287	102980.504	100687.284	-125192.21	139434.551	1611.72511	10060.3608	0	0	0	0	3
383	198	0.631323472	3.77166055	102304.797	100688.249	-125192.21	139434.551	1611.72511	10060.3608	0	0	0	0	3
384	198	0.633167365	3.78150823	101533.583	100768.293	-125192.21	139434.551	1611.72511	10060.3608	0	0	0	0	3
385	199	0.635125776	3.7913559	101438.5	100883.045	-125192.21	139434.551	1611.72511	10060.3608	0	0	0	0	3
386	199	0.637346428	3.80120358	95157.6125	100852.947	-125192.21	139434.551	1611.72511	10060.3608	0	0	0	0	3
387	200	0.638697066	3.81105126	94182.4415	100716.97	-125192.21	139434.551	1611.72511	10060.3608	0	0	0	0	3
388	200	0.639704412	3.82089894	94816.5897	100694.831	-125192.21	139434.551	1611.72511	10060.3608	0	0	0	0	3
389	201	0.640621587	3.83074661	96643.2222	100637.965	-125192.21	139434.551	1611.72511	10060.3608	0	0	0	0	3
390	202	0.64220789	3.84059429	92693.086	100580.509	-125192.21	139434.551	1611.72511	10060.3608	0	0	0	0	3
391	202	0.643512816	3.85044197	101389.801	100683.256	-125192.21	139434.551	1611.72511	10060.3608	0	0	0	0	3
392	203	0.645084605	3.86028965	100652.496	100750.354	-125192.21	139434.551	1611.72511	10060.3608	0	0	0	0	3
393	203	0.646413773	3.87013733	100021.65	100772.362	-125192.21	139434.551	1611.72511	10060.3608	0	0	0	0	3
394	204	0.648084672	3.879985	100542.83	100697.606	-125192.21	139434.551	1611.72511	10060.3608	0	0	0	0	3
395	204	0.650078548	3.88983268	99631.4392	100633.532	-125192.21	139434.551	1611.72511	10060.3608	0	0	0	0	3
396	205	0.652544776	3.89968036	97783.2965	100467.372	-125192.21	139434.551	1611.72511	10060.3608	0	0	0	0	3
397	206	0.654247188	3.90952804	97104.0573	100315.004	-125192.21	139434.551	1611.72511	10060.3608	0	0	0	0	3
398	206	0.656474118	3.91937571	100623.655	100168.877	-125192.21	139434.551	1611.72511	10060.3608	0	0	0	0	3
399	206	0.658702656	3.92922339	101121.92	100074.783	-125192.21	139434.551	1611.72511	10060.3608	0	0	0	0	3
400	207	0.661117562	3.93907107	103814.655	100044.746	-125192.21	139434.551	1611.72511	10060.3608	0	0	0	0	3
401	208	0.662879173	3.94891875	103561.908	99987.9607	-125192.21	139434.551	1611.72511	10060.3608	0	0	0	0	3
402	208	0.665469012	3.95876642	105476.087	100089.227	-125192.21	139434.551	1611.72511	10060.3608	0	0	0	0	3
403	209	0.666963497	3.9686141	105985.534	100141.153	-125192.21	139434.551	1611.72511	10060.3608	0	0	0	0	3
404	209	0.668931815	3.97846178	106364.72	100253.977	-125192.21	139434.551	1611.72511	10060.3608	0	0	0	0	3
405	209	0.671209937	3.98830946	104756.521	100430.195	-125192.21	139434.551	1611.72511	10060.3608	0	0	0	0	3
406	210	0.673579048	3.99815714	102787.118	100607.834	-125192.21	139434.551	1611.72511	10060.3608	0	0	0	0	3
407	210	0.675825023	4.00800481	102425.92	100841.093	-125192.21	139434.551	1611.72511	10060.3608	0	0	0	0	3
408	211	0.678337624	4.01785249	101384.273	100878.484	-125192.21	139434.551	1611.72511	10060.3608	0	0	0	0	3
409	211	0.680470045	4.02770017	100218.684	100930.667	-125192.21	139434.551	1611.72511	10060.3608	0	0	0	0	3
410	212	0.682214492	4.03754785	96005.1571	100986.6	-125192.21	139434.551	1611.72511	10060.3608	0	0	0	0	3
411	213	0.684193981	4.04739552	87120.7323	100723.329	-125192.21	139434.551	1611.72511	10060.3608	0	0	0	0	3
412	213	0.68459948	4.0572432	109989.763	100825.089	-125192.21	139434.551	1611.72511	10060.3608	0	0	0	0	3
413	214	0.685562188	4.06709088	104803.838	100928.057	-125192.21	139434.551	1611.72511	10060.3608	0	0	0	0	3
414	214	0.687104287	4.07693856	88384.706	99695.9148	-125192.21	113028.783	1329.88918	10060.3608	0	0	0	0	3
415	215	0.688051211	4.08678623	94969.4783	100058.841	36847.4343	113028.783	1329.88918	10060.3608	0	0	0	0	3
416	215	0.689657752	4.09663391	96131.7834	99984.2662	36847.4343	113028.783	1329.88918	10060.3608	0	0	0	0	3
417	216	0.691124619	4.10648159	100614.96	100468.767	36847.4343	113028.783	1329.88918	10060.3608	0	0	0	0	3
418	216	0.692529646	4.11632927	96923.8043	100936.606	87120.7323	113028.783	1329.88918	10060.3608	0	0	0	0	3
419	217	0.694401072	4.12617695	99271.7396	100998.519	87120.7323	113028.783	1341.80759	10060.3608	0	0	0	0	3
420	217	0.69669175	4.13602462	98233.3098	100974.686	87120.7323	113028.783	1341.80759	10060.3608	0	0	0	0	3
421	218	0.698502854	4.1458723	98946.2505	100924.801	87120.7323	113028.783	1341.80759	10060.3608	0	0	0	0	3
422	218	0.701076732	4.15571998	99961.0161	100826.979	87120.7323	109989.763	1341.80759	10060.3608	0	0	0	0	3
423	219	0.703168134	4.16556766	103329.995	100885.158	87120.7323	109989.763	1341.80759	10060.3608	0	0	0	0	3
424	219	0.705123012	4.17541533	103594.333	100896.369	87120.7323	109989.763	1341.80759	10060.3608	0	0	0	0	3
425	220	0.707397988	4.18526301	105161.261	100912.888	87120.7323	109989.763	1335.85326	10060.3608	0	0	0	0	3
426	220	0.70945682	4.19511069	107117.918	100950.496	87120.7323	109989.763	1324.21938	10060.3608	0	0	0	0	3
427	220	0.711170462	4.20495837	106308.77	100983.289	87120.7323	109989.763	1302.60379	10060.3608	0	0	0	0	3
428	221	0.71342138	4.21480604	105605.586	101010.061	87120.7323	109989.763	1314.14624	10060.3608	0	0	0	0	3
429	221	0.715734192	4.22465372	104902.594	100966.773	87120.7323	109989.763	1314.14624	10060.3608	0	0	0	0	3
430	222	0.718107104	4.2345014	102979.821	100947.656	87120.7323	109989.763	1314.14624	10060.3608	0	0	0	0	3
431	222	0.720405019	4.24434908	102536.95	100933.677	87120.7323	109989.763	1314.14624	10060.3608	0	0	0	0	3
432	223	0.722879423	4.25419675	101172.118	100849.033	87120.7323	109989.763	1314.14624	10060.3608	0	0	0	0	3
433	223	0.724346657	4.26404443	100040.688	100780.375	87120.7323	109989.763	1314.14624	10060.3608	0	0	0	0	3
434	224	0.725835935	4.27389211	98188.5091	100703.086	87120.7323	109989.763	1314.14624	10060.3608	0	0	0	0	3
435	224	0.72765794	4.28373979	94295.5479	100563.326	87120.7323	109989.763	1314.14624	10060.3608	0	0	0	0	3
436	225	0.729006274	4.29358747	96041.2385	100480.122	87120.7323	109989.763	1314.14624	10060.3608	0	0	0	0	3
437	225	0.729786594	4.30343514	97078.5571	100579.269	87120.7323	109989.763	1314.14624	10060.3608	0	0	0	0	3
438	226	0.731188322	4.31328282	96429.844	100609.796	87120.7323	109989.763	1314.14624	10060.3608	0	0	0	0	3
439	226	0.732665908	4.3231305	95890.91	100597.567	87120.7323	109989.763	1314.14624	10060.3608	0	0	0	0	3
440	227	0.734232939	4.33297818	102412.567	100666.693	87120.7323	109989.763	1314.14624	10060.3608	0	0	0	0	3
441	228	0.734913743	4.34282585	100459.944	100801.612	87120.7323	109989.763	1314.14624	10060.3608	0	0	0	0	3
442	228	0.736116205	4.35267353	101254.42	100799.204	87120.7323	109989.763	1314.14624	10060.3608	0	0	0	0	3
443	229	0.737347043	4.36252121	90070.2044	100658.571	87120.7323	109989.763	1314.14624	10060.3608	0	0	0	0	3
444	229	0.737727154	4.37236889	19391.1741	100329.551	19391.1741	109989.763	1314.14624	10060.3608	0	0	0	0	3
445	230	0.738110507	4.38221656	54256.4483	100129.401	19391.1741	109989.763	1314.14624	10060.3608	0	0	0	0	3
446	230	0.738604203	4.39206424	67190.9374	99956.9229	19391.1741	109989.763	1314.14624	10060.3608	0	0	0	0	3
447	231	0.739056507	4.40191192	96182.9297	99999.1561	19391.1741	109989.763	1314.14624	10060.3608	0	0	0	0	3
448	231	0.739593325	4.4117596	72304.1665	99882.7064	19391.1741	109989.763	1314.14624	10061.8558	0	0	0	0	3
449	232	0.740188349	4.42160728	101629.288	99875.4104	19391.1741	109989.763	1314.14624	10116.3469	0	0	0	0	3
450	232	0.740841668	4.43145495	85294.5881	99725.6176	19391.1741	109989.763	1314.14624	10170.5249	0	0	0	0	3
451	233	0.741537722	4.44130263	106197.979	99658.8492	19391.1741	109989.763	1351.21185	10224.3924	0	0	0	0	3
452	233	0.742263344	4.45115031	112943.573	99693.6673	19391.1741	112943.573	1351.21185	10277.952	0	0	0	0	3
453	234	0.743055513	4.46099799	105692.599	99561.9	19391.1741	112943.573	1448.16101	10331.2065	0	0	0	0	3
454	235	0.743961924	4.47084566	106247.556	99515.9241	19391.1741	112943.573	1494.13694	10384.1584	0	0	0	0	3
455	235	0.7450504	4.48069334	103706.201	99398.7438	19391.1741	112943.573	1611.31719	10436.8103	0	0	0	0	3
456	236	0.746090557	4.49054102	103383.92	99291.0997	19391.1741	112943.573	1718.96134	10489.1648	0	0	0	0	3
457	236	0.747487991	4.5003887	102747.226	99244.3834	19391.1741	112943.573	1765.67758	10541.2243	0	0	0	0	3
458	237	0.749122624	4.51023637	102195.518	99212.7095	19391.1741	112943.573	1797.35155	10592.9913	0	0	0	0	3
459	237	0.750881762	4.52008405	106132.862	99305.3045	19391.1741	112943.573	1797.35155	10644.4683	0	0	0	0	3
460	238	0.752789925	4.52993173	107947.397	99506.3947	19391.1741	112943.573	1797.35155	10695.6577	0	0	0	0	3
461	238	0.7548993	4.53977941	105271.224	99757.7252	19391.1741	112943.573	1797.35155	10746.5619	0	0	0	0	3
462	239	0.756629563	4.54962709	106405.539	100261.86	19391.1741	112943.573	1797.35155	10797.1834	0	0	0	0	3
463	239	0.759581053	4.55947476	107023.068	100475.392	19391.1741	112943.573	1797.35155	10847.5243	0	0	0	0	3
464	239	0.761945809	4.56932244	105205.566	100567.279	19391.1741	112943.573	1797.35155	10897.5872	0	0	0	0	3
465	240	0.764513393	4.57917012	102835.449	100885.206	19391.1741	112943.573	1797.35155	10939.4106	0	0	0	0	3
466	240	0.76691102	4.5890178	103257.7	101028.373	19391.1741	112943.573	1815.66305	10937.5196	0	0	0	0	3
467	241	0.769229703	4.59886547	100927.551	101124.296	19391.1741	112943.573	1911.58627	10935.6389	0	0	0	0	3
468	241	0.771482103	4.60871315	97360.7013	101028.101	19391.1741	112943.573	1911.58627	10933.7685	0	0	0	0	3
469	242	0.773692216	4.61856083	91094.8029	100828.661	19391.1741	112943.573	1911.58627	10931.9083	0	0	0	0	3
470	242	0.774176578	4.62840851	102700.255	100876.547	19391.1741	112943.573	1911.58627	10930.0582	0	0	0	0	3
471	243	0.775158476	4.63825618	96847.192	100903.29	19391.1741	112943.573	1911.58627	10928.2181	0	0	0	0	3
472	243	0.776687872	4.64810386	93379.5002	100801.449	19391.1741	112943.573	1911.58627	10926.388	0	0	0	0	3
473	244	0.778125409	4.65795154	98599.8484	100788.448	19391.1741	112943.573	1911.58627	10924.5425	0	0	0	0	3
474	245	0.780055667	4.66779922	97289.1937	100631.467	19391.1741	112943.573	1911.58627	10922.7071	0	0	0	0	3
475	245	0.78134454	4.67764689	100876.14	100559.615	19391.1741	112943.573	1911.58627	10920.8814	0	0	0	0	3
476	246	0.783481958	4.68749457	102025.094	100463.191	19391.1741	112943.573	1911.58627	10919.0655	0	0	0	0	3
477	246	0.785409597	4.69734225	97560.4132	100209.132	19391.1741	112943.573	1911.58627	10917.2593	0	0	0	0	3
478	247	0.787282143	4.70718993	96518.6138	99981.0035	19391.1741	112943.573	1911.58627	10915.4628	0	0	0	0	3
479	247	0.788987909	4.71703761	99997.9763	99813.8459	19391.1741	112943.573	1911.58627	10913.6757	0	0	0	0	3
480	248	0.790510852	4.72688528	101294.282	99686.6043	19391.1741	112943.573	1911.58627	10911.8981	0	0	0	0	3
481	248	0.791651332	4.73673296	105341.156	99668.0357	19391.1741	112943.573	1911.58627	10910.1299	0	0	0	0	3
482	249	0.793359514	4.74658064	106052.765	99727.1652	19391.1741	112943.573	1911.58627	10908.371	0	0	0	0	3
483	249	0.795702445	4.75642832	104623.894	99835.6104	19391.1741	112943.573	1911.58627	10906.6213	0	0	0	0	3
484	250	0.797479181	4.76627599	104939.513	99955.494	19391.1741	112943.573	1911.58627	10904.8808	0	0	0	0	3
485	250	0.799929376	4.77612367	104703.331	100148.016	19391.1741	112943.573	1911.58627	10903.1493	0	0	0	0	3
486	250	0.802040252	4.78597135	104841.094	100424.557	19391.1741	112943.573	1911.58627	10901.4269	0	0	0	0	3
487	251	0.804639606	4.79581903	105175.491	100665.979	19391.1741	112943.573	1911.58627	10899.7135	0	0	0	0	3
488	251	0.806788553	4.8056667	104149.322	100799.545	19391.1741	112943.573	1911.58627	10898.0089	0	0	0	0	3
489	252	0.809094829	4.81551438	101776.946	100907.101	19391.1741	112943.573	1911.58627	10896.3131	0	0	0	0	3
490	252	0.811427304	4.82536206	101890.586	101030.331	19391.1741	112943.573	1911.58627	10894.626	0	0	0	0	3
491	252	0.813819378	4.83520974	101501.215	101017.269	19391.1741	112943.573	1911.58627	10892.9477	0	0	0	0	3
492	253	0.81600343	4.84505742	97816.0508	100935.727	19391.1741	112943.573	1911.58627	10891.2779	0	0	0	0	3
493	254	0.817764599	4.85490509	93595.5599	100772.705	19391.1741	112943.573	1911.58627	10889.6167	0	0	0	0	3
494	254	0.818634681	4.86475277	95776.8436	100881.285	19391.1741	112943.573	1911.58627	10887.964	0	0	0	0	3
495	255	0.819431725	4.87460045	97695.0944	101229.316	54256.4483	112943.573	2016.60625	10886.3196	0	0	0	0	3
496	255	0.820717143	4.88444813	93650.5325	101329.372	67190.9374	112943.573	2116.66231	10884.6837	0	0	0	0	3
497	256	0.82196094	4.8942958	91654.2052	101387.196	72304.1665	112943.573	2174.487	10883.056	0	0	0	0	3
498	256	0.823523142	4.90414348	97744.9504	101347.701	72304.1665	112943.573	2174.487	10881.4365	0	0	0	0	3
499	257	0.825362063	4.91399116	100248.503	101505.915	85294.5881	112943.573	2293.2054	10879.8252	0	0	0	0	3
500	257	0.827037815	4.92383884	98755.9831	101452.01	85294.5881	112943.573	2293.2054	10878.2219	0	0	0	0	3
501	259	0.829009355	4.93368651	101030.219	101562.304	91094.8029	112943.573	2349.59462	10876.6268	0	0	0	0	3
502	259	0.831309524	4.94353419	97741.0874	101428.452	91094.8029	112943.573	2349.59462	10875.0395	0	0	0	0	3
503	259	0.832832345	4.95338187	100114.202	101314.098	91094.8029	107947.397	2349.59462	10873.4602	0	0	0	0	3
504	260	0.835278	4.96322955	99944.4188	101240.165	91094.8029	107947.397	2349.59462	10871.8888	0	0	0	0	3
505	260	0.837316329	4.97307722	103166.031	101233.596	91094.8029	107947.397	2349.59462	10870.3252	0	0	0	0	3
506	261	0.839744749	4.9829249	102804.543	101245.461	91094.8029	107947.397	2349.59462	10868.7693	0	0	0	0	3
507	261	0.841970813	4.99277258	104898.742	101307.081	91094.8029	107947.397	2349.59462	10867.2211	0	0	0	0	3
508	262	0.844029124	5.00262026	105173.782	101368.675	91094.8029	107947.397	2349.59462	10865.6805	0	0	0	0	3
509	262	0.846256143	5.01246794	105328.522	101445.549	91094.8029	107947.397	2256.99957	10864.1475	0	0	0	0	3
510	263	0.848111409	5.02231561	106125.496	101450.043	91094.8029	107947.397	2055.90941	10862.6219	0	0	0	0	3
511	263	0.850229025	5.03216329	104374.475	101386.36	91094.8029	107023.068	1894.26836	10861.1039	0	0	0	0	3
512	263	0.852392459	5.04201097	102523.3	101327.536	91094.8029	107023.068	1894.26836	10859.5933	0	0	0	0	3
513	264	0.854685069	5.05185865	101736.785	101247.499	91094.8029	107023.068	1894.26836	10858.09	0	0	0	0	3
514	264	0.857150611	5.06170632	102027.055	101092.487	91094.8029	106125.496	1894.26836	10856.594	0	0	0	0	3
515	265	0.85891479	5.071554	100422.597	100979.995	91094.8029	106125.496	1894.26836	10855.1052	0	0	0	0	3
516	265	0.860475488	5.08140168	97690.7579	100876.855	91094.8029	106125.496	1894.26836	10853.6237	0	0	0	0	3
517	266	0.862219674	5.09124936	94887.9587	100707.362	91094.8029	106125.496	1894.26836	10852.1493	0	0	0	0	3
518	267	0.863729964	5.10109703	93086.9776	100580.171	91094.8029	106125.496	1894.26836	10850.682	0	0	0	0	3
519	267	0.864484111	5.11094471	94545.8925	100609.212	91094.8029	106125.496	1894.26836	10849.2217	0	0	0	0	3
520	268	0.865761486	5.12079239	100378.083	100834.397	91654.2052	106125.496	1894.26836	10847.7684	0	0	0	0	3
521	268	0.86738564	5.13064007	92821.2781	100685.074	91654.2052	106125.496	1894.26836	10846.322	0	0	0	0	3
522	269	0.868747021	5.14048775	98532.457	100694.027	91654.2052	106125.496	1894.26836	10844.8825	0	0	0	0	3
523	269	0.87083551	5.15033542	99345.0287	100782.924	91654.2052	106125.496	1894.26836	10843.4499	0	0	0	0	3
524	270	0.872696087	5.1601831	104312.904	100885.557	91654.2052	106125.496	1894.26836	10842.0241	0	0	0	0	3
525	271	0.873714203	5.17003078	99865.5476	100948.588	91654.2052	106125.496	1894.26836	10840.6049	0	0	0	0	3
526	271	0.87530412	5.17987846	89670.7734	100758.747	89670.7734	106125.496	1894.26836	10839.1925	0	0	0	0	3
527	272	0.876952624	5.18972613	94002.2691	100610.628	89670.7734	106125.496	1894.26836	10837.7868	0	0	0	0	3
528	272	0.878716666	5.19957381	94869.7734	100565.107	89670.7734	106125.496	1894.26836	10836.3876	0	0	0	0	3
529	273	0.880434592	5.20942149	99530.2451	100627.364	89670.7734	106125.496	1894.26836	10834.995	0	0	0	0	3
530	273	0.882559757	5.21926917	104179.312	100719.508	89670.7734	106125.496	1894.26836	10833.6089	0	0	0	0	3
531	273	0.883939396	5.22911684	104880.68	100771.586	89670.7734	106125.496	1894.26836	10832.2292	0	0	0	0	3
532	274	0.886146344	5.23896452	104586.603	100805.535	89670.7734	106125.496	1835.13892	10830.856	0	0	0	0	3
533	274	0.887797424	5.2488122	104965.722	100783.358	89670.7734	106125.496	1726.69374	10829.4892	0	0	0	0	3
534	275	0.889993688	5.25865988	106276.107	100815.868	89670.7734	106276.107	1606.81013	10828.1286	0	0	0	0	3
535	275	0.891928835	5.26850756	106617.806	100857.17	89670.7734	106617.806	1414.28761	10826.7744	0	0	0	0	3
536	275	0.893954976	5.27835523	105215.915	100850.869	89670.7734	106617.806	1137.74687	10825.4264	0	0	0	0	3
537	276	0.89612977	5.28820291	104737.228	100851.179	89670.7734	106617.806	997.197243	10824.0846	0	0	0	0	3
538	276	0.898438456	5.29805059	102392.979	100769.292	89670.7734	106617.806	997.197243	10822.749	0	0	0	0	3
539	277	0.900667859	5.30789827	102000.212	100721.153	89670.7734	106617.806	997.197243	10821.4194	0	0	0	0	3
540	277	0.902653225	5.31774594	101115.91	100703.504	89670.7734	106617.806	997.197243	10820.096	0	0	0	0	3
541	278	0.904160635	5.32759362	100952.752	100677.697	89670.7734	106617.806	997.197243	10818.7785	0	0	0	0	3
542	278	0.905882441	5.3374413	96977.3498	100587.094	89670.7734	106617.806	997.197243	10817.4671	0	0	0	0	3
543	279	0.90772587	5.34728898	94419.1574	100529.115	89670.7734	106617.806	1033.18949	10816.1616	0	0	0	0	3
544	280	0.908633554	5.35713665	91642.1112	100574.725	89670.7734	106617.806	1033.18949	10814.862	0	0	0	0	3
545	280	0.909352214	5.36698433	105546.794	100660.131	89670.7734	106617.806	1033.18949	10813.5683	0	0	0	0	3
546	281	0.910686642	5.37683201	102836.887	100717.859	89670.7734	106617.806	1033.18949	10803.6837	0	0	0	0	3
547	281	0.912148229	5.38667969	83822.5285	100547.134	83822.5285	106617.806	1033.18949	10790.6615	0	0	0	0	3
548	282	0.913170982	5.39652736	105776.234	100727.039	83822.5285	106617.806	1033.18949	10776.4427	0	0	0	0	3
549	282	0.914717152	5.40637504	99957.3954	100765.074	83822.5285	106617.806	1033.18949	10762.2874	0	0	0	0	3
550	283	0.916435473	5.41622272	100959.341	100779.17	83822.5285	106617.806	1033.18949	10745.3806	0	0	0	0	3
551	283	0.917611472	5.4260704	96749.0574	100764.276	83822.5285	106617.806	1033.18949	10728.5492	0	0	0	0	3
552	284	0.919714594	5.43591808	98882.1815	100714.856	83822.5285	106617.806	920.928178	10711.7925	0	0	0	0	3
553	284	0.921976847	5.44576575	99282.8616	100754.569	83822.5285	106617.806	920.928178	10695.1102	0	0	0	0	3
554	285	0.92371185	5.45561343	101729.099	100783.904	83822.5285	106617.806	920.928178	10677.2916	0	0	0	0	3
555	286	0.925791764	5.46546111	100893.148	100809.097	83822.5285	106617.806	920.928178	10659.5516	0	0	0	0	3
556	286	0.928107957	5.47530879	103261.68	100818.751	83822.5285	106617.806	920.928178	10641.8898	0	0	0	0	3
557	286	0.930523648	5.48515646	103535.079	100837.912	83822.5285	106617.806	920.928178	10624.3056	0	0	0	0	3
558	287	0.932178742	5.49500414	103349.556	100783.785	83822.5285	106617.806	920.928178	10606.7986	0	0	0	0	3
559	287	0.934856226	5.50485182	104045.124	100780.441	83822.5285	106617.806	920.928178	10589.3682	0	0	0	0	3
560	288	0.936296388	5.5146995	105427.946	100742.286	83822.5285	106617.806	920.928178	10572.0139	0	0	0	0	3
561	288	0.938963719	5.52454717	104827.698	100752.3	83822.5285	106617.806	857.245433	10554.7352	0	0	0	0	3
562	289	0.941618166	5.53439485	103584.008	100750.618	83822.5285	106617.806	798.421379	10537.3116	0	0	0	0	3
563	289	0.94408934	5.54424253	101823.443	100737.706	83822.5285	106617.806	718.384762	10519.9637	0	0	0	0	3
564	289	0.946549237	5.55409021	102346.999	100755.866	83822.5285	106617.806	563.372267	10502.6908	0	0	0	0	3
565	290	0.948863798	5.56393789	100239.824	100708.669	83822.5285	106617.806	450.880268	10485.3967	0	0	0	0	3
566	290	0.950898829	5.57378556	95966.1729	100609.234	83822.5285	106617.806	419.473364	10468.1772	0	0	0	0	3
567	291	0.95272984	5.58363324	94790.383	100543.117	83822.5285	106617.806	419.473364	10451.0317	0	0	0	0	3
568	292	0.953503818	5.59348092	93520.5393	100591.629	83822.5285	106617.806	419.473364	10433.9599	0	0	0	0	3
569	292	0.954448483	5.6033286	94906.8768	100657.371	83822.5285	106617.806	419.473364	10416.9611	0	0	0	0	3
570	293	0.955737215	5.61317627	95501.4249	100635.063	83822.5285	106617.806	419.473364	10400.035	0	0	0	0	3
571	294	0.957311615	5.62302395	93471.4675	100515.455	83822.5285	106617.806	433.133066	10383.181	0	0	0	0	3
572	294	0.958777696	5.63287163	97044.6461	100596.513	83822.5285	106617.806	433.133066	10366.3988	0	0	0	0	3
573	295	0.960794414	5.64271931	98861.5718	100589.028	83822.5285	106617.806	433.133066	10349.6878	0	0	0	0	3
574	295	0.962887774	5.65256698	98687.0431	100573.999	83822.5285	106617.806	433.133066	10333.0477	0	0	0	0	3
575	296	0.964706479	5.66241466	94155.6678	100371.527	83822.5285	106617.806	577.06125	10316.4779	0	0	0	0	3
576	296	0.966637359	5.67226234	95159.2229	100268.762	83822.5285	106617.806	588.407365	10299.978	0	0	0	0	3
577	297	0.968399717	5.68211002	97815.1318	100403.31	83822.5285	106617.806	588.407365	10283.5476	0	0	0	0	3
578	297	0.970540185	5.6919577	100780.516	100524.688	83822.5285	106617.806	588.407365	10267.1862	0	0	0	0	3
579	298	0.972632492	5.70180537	104400.064	100717.244	83822.5285	106617.806	588.407365	10250.8935	0	0	0	0	3
580	298	0.974467978	5.71165305	103498.558	100793.219	83822.5285	106617.806	588.407365	10234.6689	0	0	0	0	3
581	299	0.976357878	5.72150073	104432.915	100789.836	83822.5285	106617.806	588.407365	10218.512	0	0	0	0	3
582	299	0.97874254	5.73134841	106487.967	100873.633	83822.5285	106617.806	604.870463	10202.4225	0	0	0	0	3
583	300	0.980598481	5.74119608	107948.505	100925.894	83822.5285	107948.505	657.132041	10186.7027	0	0	0	0	3
584	300	0.982730766	5.75104376	106570.44	100982.415	83822.5285	107948.505	713.652746	10171.0482	0	0	0	0	3
585	300	0.984931092	5.76089144	104868.158	100950.01	83822.5285	107948.505	713.652746	10155.4585	0	0	0	0	3
586	301	0.987133611	5.77073912	103236.921	100887.712	83822.5285	107948.505	713.652746	10139.9332	0	0	0	0	3
587	301	0.989385069	5.78058679	102051.901	100823.284	83822.5285	107948.505	713.652746	10124.4719	0	0	0	0	3
588	302	0.991818328	5.79043447	101714.223	100756.984	83822.5285	107948.505	713.652746	10109.0742	0	0	0	0	3
589	302	0.993936962	5.80028215	100512.177	100712.003	83822.5285	107948.505	713.652746	10093.7398	0	0	0	0	3
590	303	0.995885233	5.81012983	96475.434	100595.155	83822.5285	107948.505	713.652746	10078.4683	0	0	0	0	3
591	303	0.997160154	5.8199775	94865.2572	100506.917	83822.5285	107948.505	713.652746	10063.2592	0	0	0	0	3
592	304	0.998194891	5.82982518	92785.4616	100414.805	83822.5285	107948.505	713.652746	10060.3608	0	0	0	0	3
593	305	0.998929599	5.83967286	101915.928	100490.267	83822.5285	107948.505	713.652746	10060.3608	0	0	0	0	3
594	305	1	5.84952054	98648.9736	100590.195	83822.5285	107948.505	713.652746	10060.3608	0	0	0	0	3
