Iteration	CPUTime	PhysTime	Travels	Value	AvValue	MinValue	MaxValue	Delta	Criteria	PrevAvRefValue	Progress	CriteriaType	CriteriaVarType	CriteriaPercentage
1	3	0.000171001836	0.00984767767	179.416859	179.416859	179.416859	179.416859	0	0	0	0	0	0	3
2	3	0.000331710224	0.0196953553	30.1844492	107.116103	30.1844492	179.416859	72.300756	0	0	0	0	0	3
3	4	0.000488878734	0.029543033	16.2180382	77.8934913	16.2180382	179.416859	101.523368	0	0	0	0	0	3
4	4	0.000643661688	0.0393907107	18.1628529	63.5299136	16.2180382	179.416859	115.886945	0	0	0	0	0	3
5	5	0.000801443904	0.0492383884	17.051075	54.3795113	16.2180382	179.416859	125.037348	0	0	0	0	0	3
6	5	0.00107003424	0.059086066	16.3147804	44.8248461	16.2180382	179.416859	134.592013	0	0	0	0	0	3
7	5	0.0013851141	0.0689337437	15.8883661	38.2424989	15.8883661	179.416859	141.17436	0	0	0	0	0	3
8	6	0.00173024776	0.0787814214	12.7458388	33.1566632	12.7458388	179.416859	146.260196	0	0	0	0	0	3
9	6	0.00208106873	0.0886290991	14.5350313	30.0174786	12.7458388	179.416859	149.39938	0	0	0	0	0	3
10	7	0.00244932859	0.0984767767	13.9737432	27.6052814	12.7458388	179.416859	151.811578	0	0	0	0	0	3
11	7	0.00300443486	0.108324454	13.8287545	25.0598987	12.7458388	179.416859	154.35696	0	0	0	0	0	3
12	8	0.00354422222	0.118172132	14.4090328	23.4377649	12.7458388	179.416859	155.979094	0	0	0	0	0	3
13	8	0.00408180258	0.12801981	12.7893959	22.0353565	12.7458388	179.416859	157.381503	0	0	0	0	0	3
14	9	0.00461731342	0.137867487	16.3413822	21.3749757	12.7458388	179.416859	158.041883	0	0	0	0	0	3
15	9	0.0050994637	0.147715165	18.7163804	21.1236076	12.7458388	179.416859	158.293251	0	0	0	0	0	3
16	10	0.00562450728	0.157562843	15.9094742	20.6368722	12.7458388	179.416859	158.779987	0	0	0	0	0	3
17	10	0.00611401693	0.16741052	15.9049774	20.2580201	12.7458388	179.416859	159.158839	0	0	0	0	0	3
18	11	0.00666296052	0.177258198	15.1794455	19.8396098	12.7458388	179.416859	159.577249	0	0	0	0	0	3
19	12	0.00733664098	0.187105876	14.1175798	19.3141895	12.7458388	179.416859	160.102669	0	0	0	0	0	3
20	12	0.007962789	0.196953553	12.33061	18.7650409	12.33061	179.416859	160.651818	0	0	0	0	0	3
21	13	0.00897365026	0.206801231	14.9999292	18.3409097	12.33061	179.416859	161.075949	0	0	0	0	0	3
22	13	0.00989405776	0.216648909	15.4776881	18.0745548	12.33061	179.416859	161.342304	0	0	0	0	0	3
23	14	0.0103586548	0.226496586	16.3661492	17.9979309	12.33061	179.416859	161.418928	0	0	0	0	0	3
24	15	0.0108371262	0.236344264	14.0690726	17.8244674	12.33061	179.416859	161.592392	0	0	0	0	0	3
25	15	0.0112200883	0.246191942	16.9774708	17.7955578	12.33061	179.416859	161.621301	0	0	0	0	0	3
26	16	0.0118385858	0.25603962	17.5157279	17.7809383	12.33061	179.416859	161.635921	0	0	0	0	0	3
27	16	0.012825171	0.265887297	20.89376	18.0203943	12.33061	179.416859	161.635921	0	0	0	0	0	3
28	17	0.0140127618	0.275734975	20.5353214	18.2335361	12.33061	179.416859	161.635921	0	0	0	0	0	3
29	17	0.014891468	0.285582653	17.4875639	18.1895182	12.33061	179.416859	161.635921	0	0	0	0	0	3
30	18	0.01620345	0.29543033	14.6026135	17.899089	12.33061	179.416859	161.635921	0	0	0	0	0	3
31	18	0.0181945626	0.305278008	13.8453809	17.4554736	12.33061	179.416859	161.961385	0	0	0	0	0	3
32	19	0.0204151633	0.315125686	11.7999887	16.8403145	11.7999887	179.416859	162.576545	0	0	0	0	0	3
33	20	0.0219395162	0.324973363	10.221391	16.3804331	10.221391	179.416859	163.036426	0	0	0	0	0	3
34	20	0.0243300956	0.334821041	11.563963	15.9071857	10.221391	179.416859	163.509673	0	0	0	0	0	3
35	20	0.0252528937	0.344668719	7.62449557	15.6045174	7.62449557	179.416859	163.812342	0	0	0	0	0	3
36	21	0.0275890882	0.354516396	5.73609451	14.768877	5.73609451	179.416859	164.647982	0	0	0	0	0	3
37	21	0.0294179899	0.364364074	7.85307275	14.3389249	5.73609451	179.416859	165.077934	0	0	0	0	0	3
38	22	0.0316427054	0.374211752	6.31446603	13.7747463	5.73609451	179.416859	165.642113	0	0	0	0	0	3
39	22	0.0340597306	0.384059429	9.83487922	13.4951564	5.73609451	179.416859	165.921703	0	0	0	0	0	3
40	23	0.0358949734	0.393907107	11.0632636	13.3708182	5.73609451	179.416859	166.046041	0	0	0	0	0	3
41	23	0.03761349	0.403754785	14.7454566	13.4336239	5.73609451	179.416859	166.046041	0	0	0	0	0	3
42	24	0.0398581686	0.413602462	16.5943487	13.6116253	5.73609451	179.416859	166.046041	0	0	0	0	0	3
43	24	0.0418886315	0.42345014	14.6631285	13.6625947	5.73609451	179.416859	166.046041	0	0	0	0	0	3
44	25	0.0440099962	0.433297818	14.2278271	13.68984	5.73609451	179.416859	166.046041	0	0	0	0	0	3
45	25	0.0462783759	0.443145495	13.8457048	13.6974798	5.73609451	179.416859	166.046041	0	0	0	0	0	3
46	26	0.0486528739	0.452993173	15.1024695	13.7660502	5.73609451	179.416859	166.046041	0	0	0	0	0	3
47	26	0.0502267998	0.462840851	13.7486311	13.7655044	5.73609451	179.416859	166.046041	0	0	0	0	0	3
48	27	0.0525414327	0.472688528	14.5089514	13.7982558	5.73609451	179.416859	166.046041	0	0	0	0	0	3
49	27	0.0542511769	0.482536206	13.6508978	13.7936117	5.73609451	179.416859	166.046041	0	0	0	0	0	3
50	28	0.0553920146	0.492383884	15.1312869	13.8211621	5.73609451	179.416859	166.046041	0	0	0	0	0	3
51	28	0.056142207	0.502231561	17.5585915	13.871103	5.73609451	179.416859	166.046041	0	0	0	0	0	3
52	29	0.0569837923	0.512079239	19.345513	13.453918	5.73609451	30.1844492	24.4483547	0	0	0	0	0	3
53	30	0.0586247094	0.521926917	19.3893705	13.5748733	5.73609451	20.89376	15.1576655	0	0	0	0	0	3
54	30	0.0596820105	0.531774594	17.5810276	13.6394127	5.73609451	20.89376	15.1576655	0	0	0	0	0	3
55	31	0.0613649362	0.541622272	20.5963127	13.8206967	5.73609451	20.89376	15.1576655	0	0	0	0	0	3
56	31	0.0616321404	0.55146995	11.7266414	13.8031194	5.73609451	20.89376	15.1576655	0	0	0	0	0	3
57	32	0.062492664	0.561317627	3.28329399	13.6447549	3.28329399	20.89376	17.6104661	0	0	0	0	0	3
58	32	0.0632192593	0.571165305	9.96779215	13.5901155	3.28329399	20.89376	17.6104661	0	0	0	0	0	3
59	33	0.0640064671	0.581012983	9.63632998	13.5448163	3.28329399	20.89376	16.6466604	0	0	0	0	0	3
60	33	0.0648524845	0.59086066	12.6404999	13.527094	3.28329399	20.89376	14.2344631	0	0	0	0	0	3
61	34	0.0655942157	0.600708338	17.5367595	13.5715886	3.28329399	20.89376	11.6890805	0	0	0	0	0	3
62	34	0.0665950679	0.610556016	16.7691301	13.6196698	3.28329399	20.89376	10.0669466	0	0	0	0	0	3
63	35	0.0675428314	0.620403693	11.701933	13.584612	3.28329399	20.89376	8.66453825	0	0	0	0	0	3
64	36	0.0686213274	0.630251371	2.76132408	13.4103718	2.76132408	20.89376	8.0041575	0	0	0	0	0	3
65	37	0.069671385	0.640099049	3.31676666	13.2233204	2.76132408	20.89376	7.90028722	0	0	0	0	0	3
66	37	0.0714644078	0.649946726	-0.348240129	12.8167413	-0.348240129	20.89376	7.82013081	0	0	0	0	0	3
67	38	0.072644538	0.659794404	2.86943436	12.6173541	-0.348240129	20.89376	7.64066592	0	0	0	0	0	3
68	38	0.0738764011	0.669642082	2.51631954	12.4099763	-0.348240129	20.89376	7.42963348	0	0	0	0	0	3
69	39	0.0758249122	0.679489759	5.55165103	12.1947741	-0.348240129	20.89376	7.11941544	0	0	0	0	0	3
70	39	0.077159036	0.689337437	8.69487159	12.1093479	-0.348240129	20.89376	6.65569302	0	0	0	0	0	3
71	40	0.0789742696	0.699185115	10.8725193	12.0757805	-0.348240129	20.89376	6.26512922	0	0	0	0	0	3
72	40	0.0810194402	0.709032792	10.3688475	11.9862974	-0.348240129	20.89376	6.24723865	0	0	0	0	0	3
73	40	0.0828057227	0.71888047	14.3701282	12.0006256	-0.348240129	20.89376	6.24723865	0	0	0	0	0	3
74	41	0.084924187	0.728728148	16.0528691	12.0885526	-0.348240129	20.89376	6.24723865	0	0	0	0	0	3
75	41	0.0871784155	0.738575825	14.8381506	12.1573306	-0.348240129	20.89376	6.24723865	0	0	0	0	0	3
76	42	0.0895336111	0.748423503	13.3792611	12.1705078	-0.348240129	20.89376	6.24723865	0	0	0	0	0	3
77	42	0.0919824422	0.758271181	13.0680731	12.1566824	-0.348240129	20.89376	6.24723865	0	0	0	0	0	3
78	43	0.0942044898	0.768118859	14.0920682	12.1036057	-0.348240129	20.5963127	6.24723865	0	0	0	0	0	3
79	43	0.0956288114	0.777966536	12.9728907	11.9960865	-0.348240129	20.5963127	6.20322081	0	0	0	0	0	3
80	44	0.0970884216	0.787814214	12.9396879	11.9541372	-0.348240129	20.5963127	5.94495183	0	0	0	0	0	3
81	44	0.0989238183	0.797661892	13.5607731	11.9477792	-0.348240129	20.5963127	5.5076944	0	0	0	0	0	3
82	45	0.100269765	0.807509569	13.5841662	11.9285791	-0.348240129	20.5963127	4.91173535	0	0	0	0	0	3
83	45	0.100965641	0.817357247	15.9268713	11.9666653	-0.348240129	20.5963127	4.45185395	0	0	0	0	0	3
84	46	0.101765254	0.827204925	17.352409	12.053942	-0.348240129	20.5963127	3.97860659	0	0	0	0	0	3
85	46	0.10324547	0.837052602	18.4909622	12.1895242	-0.348240129	20.5963127	3.67593827	0	0	0	0	0	3
86	47	0.104892294	0.84690028	18.0037325	12.3626492	-0.348240129	20.5963127	2.84029791	0	0	0	0	0	3
87	48	0.106472237	0.856747958	17.1629659	12.6550456	-0.348240129	20.5963127	2.41034582	0	0	0	0	0	3
88	48	0.108475571	0.866595635	16.455925	12.8624485	-0.348240129	20.5963127	1.94252387	0	0	0	0	0	3
89	49	0.110239065	0.876443313	11.5943863	13.0193409	-0.348240129	20.5963127	1.94252387	0	0	0	0	0	3
90	49	0.112476502	0.886290991	11.5579109	13.0757966	-0.348240129	20.5963127	1.94252387	0	0	0	0	0	3
91	50	0.114549979	0.896138668	10.75085	13.0614652	-0.348240129	20.5963127	1.94252387	0	0	0	0	0	3
92	50	0.116355026	0.905986346	7.42694986	12.8955485	-0.348240129	20.5963127	1.94252387	0	0	0	0	0	3
93	51	0.118618292	0.915834024	5.54434711	12.5788865	-0.348240129	20.5963127	1.94252387	0	0	0	0	0	3
94	51	0.119795205	0.925681701	5.6115482	12.4193116	-0.348240129	20.5963127	1.94252387	0	0	0	0	0	3
95	51	0.121754244	0.935529379	8.45358836	12.2700334	-0.348240129	20.5963127	1.94252387	0	0	0	0	0	3
96	52	0.124059027	0.945377057	11.4108403	12.1986213	-0.348240129	20.5963127	1.94252387	0	0	0	0	0	3
97	52	0.125862081	0.955224734	13.9203078	12.1495224	-0.348240129	20.5963127	1.94252387	0	0	0	0	0	3
98	53	0.12804952	0.965072412	13.6292822	12.1587743	-0.348240129	20.5963127	1.94252387	0	0	0	0	0	3
99	53	0.130160979	0.97492009	15.2735709	12.1734222	-0.348240129	20.5963127	1.94252387	0	0	0	0	0	3
100	54	0.132432475	0.984767767	15.3197962	12.2325268	-0.348240129	20.5963127	1.94252387	0	0	0	0	0	3
101	55	0.134790042	0.994615445	13.9754937	12.2426296	-0.348240129	20.5963127	1.94252387	0	0	0	0	0	3
102	55	0.136969736	1.00446312	14.5887228	12.2565577	-0.348240129	20.5963127	1.89211755	2.32548921	0	100	0	0	3
103	55	0.139480356	1.0143108	13.6845765	12.2276989	-0.348240129	20.5963127	1.89211755	2.32548921	0	100	0	0	3
104	56	0.141782141	1.02415848	14.5300021	12.1501075	-0.348240129	20.5963127	1.89211755	2.32548921	0	100	0	0	3
105	57	0.143367784	1.03400616	13.848882	12.11368	-0.348240129	20.5963127	1.89211755	2.32548921	0	100	0	0	3
106	57	0.144930867	1.04385383	16.6701744	12.0280774	-0.348240129	18.4909622	1.8745403	2.32548921	0	100	0	0	3
107	58	0.145724966	1.05370151	18.7663682	12.0926657	-0.348240129	18.7663682	1.71617576	2.32548921	0	100	0	0	3
108	58	0.146556352	1.06354919	17.3637752	12.2349745	-0.348240129	18.7663682	1.69109069	2.32548921	0	100	0	0	3
109	59	0.147848201	1.07339687	21.6517954	12.3981862	-0.348240129	21.6517954	1.69109069	2.33734445	0	100	0	0	3
110	59	0.149410781	1.08324454	20.2249526	12.566844	-0.348240129	21.6517954	1.69109069	2.34623588	0	100	0	0	3
111	60	0.151005734	1.09309222	17.2326832	12.6524993	-0.348240129	21.6517954	1.69109069	2.35315144	0	100	0	0	3
112	60	0.152595452	1.1029399	17.5836881	12.7009629	-0.348240129	21.6517954	1.69109069	2.35868388	0	100	0	0	3
113	61	0.154132809	1.11278758	14.3543163	12.6834865	-0.348240129	21.6517954	1.65603291	2.36321043	0	100	0	0	3
114	61	0.156026464	1.12263525	14.6543669	12.7361793	-0.348240129	21.6517954	1.4817927	2.36698255	0	100	0	0	3
115	62	0.157990846	1.13248293	13.9755964	12.8837971	-0.348240129	21.6517954	1.29474131	2.37017435	0	100	0	0	3
116	62	0.159510527	1.14233061	9.2001639	12.9333077	-0.348240129	21.6517954	1.14721745	2.37291017	0	100	0	0	3
117	63	0.161638966	1.15217829	7.2620988	13.0635362	2.51631954	21.6517954	1.14721745	2.37528122	0	100	0	0	3
118	63	0.163632742	1.16202597	5.00153684	13.0190968	2.51631954	21.6517954	1.14721745	2.37735589	0	100	0	0	3
119	64	0.1657748	1.17187364	5.7168699	12.9896751	5.00153684	21.6517954	1.14721745	2.37918648	0	100	0	0	3
120	64	0.167856485	1.18172132	8.49697719	13.045533	5.00153684	21.6517954	1.14721745	2.38081367	0	100	0	0	3
121	65	0.169851676	1.191569	12.0691068	13.0871346	5.00153684	21.6517954	1.15855551	2.38226957	0	100	0	0	3
122	65	0.172660453	1.20141668	14.826551	13.1821932	5.00153684	21.6517954	1.25361411	2.38357989	0	100	0	0	3
123	65	0.174485086	1.21126435	13.9147271	13.258054	5.00153684	21.6517954	1.32947489	2.38476541	0	100	0	0	3
124	66	0.176864464	1.22111203	15.3653251	13.2902415	5.00153684	21.6517954	1.36166238	2.38584316	0	100	0	0	3
125	66	0.179114308	1.23095971	14.018373	13.2454985	5.00153684	21.6517954	1.36166238	2.38682719	0	100	0	0	3
126	67	0.181480945	1.24080739	13.3808054	13.2108231	5.00153684	21.6517954	1.36166238	2.38772922	0	100	0	0	3
127	67	0.184026171	1.25065506	15.0180295	13.2553033	5.00153684	21.6517954	1.36166238	2.38855909	0	100	0	0	3
128	68	0.186123033	1.26050274	12.6479072	13.2466446	5.00153684	21.6517954	1.36166238	2.38932512	0	100	0	0	3
129	68	0.188023411	1.27035042	12.8149911	13.2178778	5.00153684	21.6517954	1.36166238	2.39003441	0	100	0	0	3
130	69	0.189463818	1.2801981	15.0685356	13.2500048	5.00153684	21.6517954	1.36166238	2.39069303	0	100	0	0	3
131	69	0.190335741	1.29004578	19.7871537	13.3159888	5.00153684	21.6517954	1.38740966	2.39130623	0	100	0	0	3
132	70	0.191194276	1.29989345	20.8886695	13.3815801	5.00153684	21.6517954	1.45300096	2.39187856	0	100	0	0	3
133	70	0.192384939	1.30974113	23.3333555	13.5072547	5.00153684	23.3333555	1.54058941	2.39835236	0	100	0	0	3
134	71	0.193986386	1.31958881	20.0258622	13.6013783	5.00153684	23.3333555	1.57330096	2.40442154	0	100	0	0	3
135	72	0.195542456	1.32943649	17.3660244	13.6318621	5.00153684	23.3333555	1.60378469	2.4101229	0	100	0	0	3
136	72	0.197622287	1.33928416	15.7600584	13.6025516	5.00153684	23.3333555	1.60378469	2.41548889	0	100	0	0	3
137	73	0.199079115	1.34913184	17.5263457	13.5862895	5.00153684	23.3333555	1.60378469	2.42054824	0	100	0	0	3
138	73	0.200903034	1.35897952	11.3178758	13.4826332	5.00153684	23.3333555	1.60378469	2.42532653	0	100	0	0	3
139	74	0.203017782	1.3688272	6.13901545	13.2553654	5.00153684	23.3333555	1.60378469	2.42984652	0	100	0	0	3
140	74	0.204100461	1.37867487	20.9143304	13.3749175	5.00153684	23.3333555	1.60378469	2.43412862	0	100	0	0	3
141	75	0.205410541	1.38852255	11.0009764	13.3851978	5.00153684	23.3333555	1.60378469	2.43819113	0	100	0	0	3
142	75	0.207276445	1.39837023	6.98848485	13.3153861	5.00153684	23.3333555	1.60378469	2.44205051	0	100	0	0	3
143	76	0.209126502	1.40821791	4.79171852	13.2599772	4.79171852	23.3333555	1.60378469	2.44572163	0	100	0	0	3
144	76	0.21067782	1.41806558	5.07671952	13.3117664	4.79171852	23.3333555	1.60378469	2.44921793	0	100	0	0	3
145	77	0.213235504	1.42791326	7.08547002	13.2383247	4.79171852	23.3333555	1.60378469	2.45255162	0	100	0	0	3
146	77	0.215097851	1.43776094	10.4002178	13.2821193	4.79171852	23.3333555	1.60378469	2.45573377	0	100	0	0	3
147	78	0.217214238	1.44760862	13.706166	13.3380511	4.79171852	23.3333555	1.60378469	2.45877449	0	100	0	0	3
148	78	0.218939482	1.4574563	15.2031833	13.3613432	4.79171852	23.3333555	1.60378469	2.46168301	0	100	0	0	3
149	78	0.220756871	1.46730397	15.6902277	13.4006754	4.79171852	23.3333555	1.60378469	2.46446776	0	100	0	0	3
150	79	0.22277129	1.47715165	15.0046757	13.3928641	4.79171852	23.3333555	1.60378469	2.46713649	0	100	0	0	3
151	79	0.225052676	1.48699933	12.9843464	13.3355439	4.79171852	23.3333555	1.60378469	2.46969628	0	100	0	0	3
152	80	0.227197952	1.49684701	12.9940884	13.3112901	4.79171852	23.3333555	1.60378469	2.47215368	0	100	0	0	3
153	80	0.229514109	1.50669468	13.9565926	13.2973531	4.79171852	23.3333555	1.60378469	2.47451471	0	100	0	0	3
154	81	0.231545971	1.51654236	14.2713482	13.3082894	4.79171852	23.3333555	1.60378469	2.47678494	0	100	0	0	3
155	81	0.233215696	1.52639004	14.1716998	13.2933008	4.79171852	23.3333555	1.60378469	2.47896949	0	100	0	0	3
156	82	0.234725394	1.53623772	15.8557363	13.3260025	4.79171852	23.3333555	1.60378469	2.48107314	0	100	0	0	3
157	82	0.235519424	1.54608539	17.7120242	13.3067441	4.79171852	23.3333555	1.53919635	2.48310029	0	100	0	0	3
158	83	0.23625548	1.55593307	17.7360672	13.2948669	4.79171852	23.3333555	1.39688759	2.48505504	0	100	0	0	3
159	83	0.237569661	1.56578075	20.7598675	13.3654887	4.79171852	23.3333555	1.23367588	2.4869412	0	100	0	0	3
160	84	0.239155994	1.57562843	21.3082635	13.3862452	4.79171852	23.3333555	1.06501802	2.48876233	0	100	0	0	3
161	85	0.24043853	1.58547611	17.1648238	13.3220904	4.79171852	23.3333555	0.979362803	2.49052172	0	100	0	0	3
162	85	0.242322127	1.59532378	13.3712651	13.2548015	4.79171852	23.3333555	0.948375541	2.49222246	0	100	0	0	3
163	86	0.243001981	1.60517146	21.4750445	13.2404977	4.79171852	23.3333555	0.948375541	2.49386744	0	100	0	0	3
164	86	0.244357097	1.61501914	19.797187	13.3199967	4.79171852	23.3333555	0.895682758	2.49545936	0	100	0	0	3
165	87	0.245978951	1.62486682	14.4535477	13.312344	4.79171852	23.3333555	0.748064969	2.49700074	0	100	0	0	3
166	87	0.247628175	1.63471449	11.3208016	13.2611668	4.79171852	23.3333555	0.698554389	2.49849396	0	100	0	0	3
167	88	0.249366701	1.64456217	9.8041209	13.2629615	4.79171852	23.3333555	0.642186936	2.49994122	0	100	0	0	3
168	88	0.250394944	1.65440985	10.6662595	13.376784	4.79171852	23.3333555	0.642186936	2.49659311	0	100	0	0	3
169	89	0.251970356	1.66425753	6.14623984	13.4368636	4.79171852	23.3333555	0.642186936	2.49334494	0	100	0	0	3
170	89	0.253991631	1.6741052	3.76811451	13.4027825	3.76811451	23.3333555	0.586329055	2.48817699	0	100	0	0	3
171	90	0.256099793	1.68395288	4.07932219	13.2957712	3.76811451	23.3333555	0.544727433	2.48315884	0	100	0	0	3
172	90	0.258163303	1.69380056	7.11352398	13.179029	3.76811451	23.3333555	0.452833109	2.47828406	0	100	0	0	3
173	90	0.259569987	1.70364824	10.9545999	13.0897799	3.76811451	23.3333555	0.542082138	2.4735466	0	100	0	0	3
174	91	0.261304905	1.71349592	11.6798201	13.0442674	3.76811451	23.3333555	0.587594673	2.46894073	0	100	0	0	3
175	91	0.263038127	1.72334359	13.4820604	12.9889851	3.76811451	23.3333555	0.642876992	2.46446106	0	100	0	0	3
176	92	0.264839712	1.73319127	14.1928993	12.9872702	3.76811451	23.3333555	0.644591863	2.46010245	0	100	0	0	3
177	92	0.266903878	1.74303895	14.4755076	13.0123292	3.76811451	23.3333555	0.644591863	2.45586008	0	100	0	0	3
178	92	0.269076562	1.75288663	12.7266627	12.9450088	3.76811451	23.3333555	0.686853228	2.45172934	0	100	0	0	3
179	93	0.27137349	1.7627343	12.9746228	12.9531144	3.76811451	23.3333555	0.686853228	2.4477059	0	100	0	0	3
180	93	0.273935377	1.77258198	13.5718854	12.9746214	3.76811451	23.3333555	0.686853228	2.44378563	0	100	0	0	3
181	94	0.275552638	1.78242966	12.7760921	12.9358572	3.76811451	23.3333555	0.696004848	2.4399646	0	100	0	0	3
182	94	0.277015968	1.79227734	13.8485916	12.8823482	3.76811451	23.3333555	0.749513812	2.43623909	0	100	0	0	3
183	95	0.278957878	1.80212501	14.7233961	12.8447636	3.76811451	23.3333555	0.787098434	2.43260558	0	100	0	0	3
184	96	0.280297539	1.81197269	16.1975822	12.7538012	3.76811451	21.4750445	0.878060812	2.42906068	0	100	0	0	3
185	96	0.281075066	1.82182037	16.7597967	12.6558431	3.76811451	21.4750445	0.976018963	2.42560121	0	100	0	0	3
186	97	0.282474639	1.83166805	20.7347091	12.7015982	3.76811451	21.4750445	0.946708474	2.4222241	0	100	0	0	3
187	97	0.284209585	1.84151572	19.2054896	12.758452	3.76811451	21.4750445	0.930446398	2.41892646	0	100	0	0	3
188	98	0.285662823	1.8513634	17.8353141	12.76344	3.76811451	21.4750445	0.826790104	2.41570551	0	100	0	0	3
189	99	0.287204852	1.86121108	16.537281	12.8614214	3.76811451	21.4750445	0.781020471	2.4125586	0	100	0	0	3
190	99	0.28905929	1.87105876	15.1257427	13.0754487	3.76811451	21.4750445	0.781020471	2.40948321	0	100	0	0	3
191	100	0.291057273	1.88090644	14.2901511	13.0057585	3.76811451	21.4750445	0.781020471	2.40647693	0	100	0	0	3
192	100	0.293421037	1.89075411	13.0199259	13.0359812	3.76811451	21.4750445	0.781020471	2.40353745	0	100	0	0	3
193	101	0.294412116	1.90060179	12.1863413	13.1558172	3.76811451	21.4750445	0.781020471	2.40066258	0	100	0	0	3
194	101	0.29593171	1.91044947	4.28016622	13.1787037	3.76811451	21.4750445	0.781020471	2.39785021	0	100	0	0	3
195	102	0.297989554	1.92029715	5.00927096	13.1301116	3.76811451	21.4750445	0.781020471	2.39509832	0	100	0	0	3
196	102	0.30002087	1.93014482	4.29533465	13.1014669	3.76811451	21.4750445	0.781020471	2.39240498	0	100	0	0	3
197	103	0.301770153	1.9399925	5.88196947	13.0138001	3.76811451	21.4750445	0.781020471	2.38976834	0	100	0	0	3
198	103	0.304076905	1.94984018	10.2769715	12.9242507	3.76811451	21.4750445	0.781020471	2.38718663	0	100	0	0	3
199	104	0.306531221	1.95968786	11.3369546	12.8348879	3.76811451	21.4750445	0.781020471	2.38465816	0	100	0	0	3
200	104	0.307991719	1.96953553	14.7523881	12.8075048	3.76811451	21.4750445	0.781020471	2.38218128	0	100	0	0	3
201	105	0.309913433	1.97938321	14.5467023	12.7950679	3.76811451	21.4750445	0.781020471	2.37975444	0	100	0	0	3
202	105	0.312113462	1.98923089	14.5554572	12.834593	3.76811451	21.4750445	0.781020471	2.37737614	0	100	0	0	3
203	106	0.314383637	1.99907857	13.6175355	12.8510551	3.76811451	21.4750445	0.781020471	2.37504493	0	100	0	0	3
204	106	0.316633241	2.00892625	14.0331206	12.8521867	3.76811451	21.4750445	0.781020471	2.37275944	0	100	0	0	3
205	107	0.319110964	2.01877392	14.9118952	12.8775375	3.76811451	21.4750445	0.781020471	2.37051832	0	100	0	0	3
206	107	0.320627765	2.0286216	13.4889428	12.863426	3.76811451	21.4750445	0.781020471	2.3683203	0	100	0	0	3
207	108	0.322220094	2.03846928	12.7163699	12.8091182	3.76811451	21.4750445	0.781020471	2.36616415	0	100	0	0	3
208	108	0.323871002	2.04831696	14.9243235	12.804579	3.76811451	21.4750445	0.781020471	2.36404868	0	100	0	0	3
209	109	0.324941597	2.05816463	17.307521	12.8180081	3.76811451	21.4750445	0.781020471	2.36197275	0	100	0	0	3
210	109	0.325697804	2.06801231	19.5259725	12.7571373	3.76811451	21.4750445	0.781020471	2.35993527	0	100	0	0	3
211	110	0.327008689	2.07785999	21.0419099	12.7263523	3.76811451	21.4750445	0.781020471	2.35793516	0	100	0	0	3
212	111	0.32850683	2.08770767	19.2758326	12.773129	3.76811451	21.4750445	0.781020471	2.35597143	0	100	0	0	3
213	111	0.329909241	2.09755534	17.9754843	12.8435639	3.76811451	21.4750445	0.781020471	2.35404308	0	100	0	0	3
214	112	0.331895746	2.10740302	15.8451529	12.8446273	3.76811451	21.0419099	0.781020471	2.35214916	0	100	0	0	3
215	112	0.334051683	2.1172507	15.1112842	12.7940696	3.76811451	21.0419099	0.781020471	2.35028876	0	100	0	0	3
216	113	0.336300334	2.12709838	10.9178866	12.7175615	3.76811451	21.0419099	0.781020471	2.34846101	0	100	0	0	3
217	114	0.338021426	2.13694606	12.6784617	12.742301	3.76811451	21.0419099	0.781020471	2.34666503	0	100	0	0	3
218	114	0.340321587	2.14679373	7.73913482	12.6719366	3.76811451	21.0419099	0.781020471	2.34490003	0	100	0	0	3
219	115	0.342299004	2.15664141	8.59187091	12.6065894	3.76811451	21.0419099	0.830274131	2.34316519	0	100	0	0	3
220	115	0.344642652	2.16648909	7.07055347	12.5764099	3.76811451	21.0419099	0.826372582	2.34145976	0	100	0	0	3
221	116	0.346528518	2.17633677	8.60461648	12.6878651	4.07932219	21.0419099	0.71936136	2.33978299	0	100	0	0	3
222	116	0.348757601	2.18618444	11.2537056	12.849226	4.28016622	21.0419099	0.602619082	2.33813417	0	100	0	0	3
223	117	0.350277587	2.19603212	13.8539114	12.9942934	4.28016622	21.0419099	0.602293815	2.3365126	0	100	0	0	3
224	117	0.352196476	2.2058798	15.3520923	13.0741146	4.28016622	21.0419099	0.602293815	2.33491762	0	100	0	0	3
225	117	0.354243375	2.21572748	15.8156879	13.1605236	4.28016622	21.0419099	0.602293815	2.33334857	0	100	0	0	3
226	118	0.356394151	2.22557515	15.8768659	13.2171342	4.28016622	21.0419099	0.640724362	2.33180482	0	100	0	0	3
227	118	0.358612458	2.23542283	14.4533027	13.2276306	4.28016622	21.0419099	0.65122078	2.33028578	0	100	0	0	3
228	119	0.360939043	2.24527051	14.5054262	13.2318533	4.28016622	21.0419099	0.65544339	2.32879085	0	100	0	0	3
229	119	0.363409928	2.25511819	15.1581092	13.2939434	4.28016622	21.0419099	0.717533575	2.32731946	0	100	0	0	3
230	120	0.365325073	2.26496586	13.4301114	13.3045259	4.28016622	21.0419099	0.728116025	2.32587106	0	100	0	0	3
231	120	0.367105982	2.27481354	13.347299	13.297992	4.28016622	21.0419099	0.728116025	2.32548921	0	100	0	0	3
232	121	0.369073136	2.28466122	14.6826119	13.336142	4.28016622	21.0419099	0.759732116	2.32548921	0	100	0	0	3
233	121	0.369994897	2.2945089	19.2519558	13.3867242	4.28016622	21.0419099	0.810314373	2.32548921	0	100	0	0	3
234	122	0.37079848	2.30435658	18.2758497	13.4012398	4.28016622	21.0419099	0.82482997	2.32548921	0	100	0	0	3
235	122	0.372097242	2.31420425	22.1275728	13.4838902	4.28016622	22.1275728	0.907480363	2.32548921	0	100	0	0	3
236	123	0.373698776	2.32405193	19.6615947	13.5632079	4.28016622	22.1275728	0.986798028	2.32548921	0	100	0	0	3
237	124	0.375455626	2.33389961	18.5300649	13.549108	4.28016622	22.1275728	0.986798028	2.32548921	0	100	0	0	3
238	124	0.377137377	2.34374729	16.5320711	13.4974883	4.28016622	22.1275728	0.986798028	2.32548921	0	100	0	0	3
239	125	0.379110881	2.35359496	16.0043629	13.4829715	4.28016622	22.1275728	0.986798028	2.32548921	0	100	0	0	3
240	125	0.380964403	2.36344264	8.0263332	13.3248667	4.28016622	22.1275728	0.986798028	2.32548921	0	100	0	0	3
241	126	0.381844925	2.37329032	19.4310291	13.3468205	4.28016622	22.1275728	0.986798028	2.32548921	0	100	0	0	3
242	126	0.383279984	2.383138	13.7700071	13.3329686	4.28016622	22.1275728	0.986798028	2.32548921	0	100	0	0	3
243	127	0.385029176	2.39298567	10.351327	13.2841137	4.28016622	22.1275728	0.986798028	2.32548921	0	100	0	0	3
244	127	0.386170795	2.40283335	7.40837417	13.2228675	4.28016622	22.1275728	0.986798028	2.32548921	0	100	0	0	3
245	128	0.388037756	2.41268103	4.31580309	13.1898635	4.29533465	22.1275728	0.986798028	2.32548921	0	100	0	0	3
246	128	0.389759062	2.42252871	3.00972408	13.1823582	3.00972408	22.1275728	0.986798028	2.32548921	0	100	0	0	3
247	129	0.392122905	2.43237639	5.27603783	13.1754425	3.00972408	22.1275728	0.986798028	2.32548921	0	100	0	0	3
248	129	0.394057959	2.44222406	9.14773948	13.2292365	3.00972408	22.1275728	0.986798028	2.32548921	0	100	0	0	3
249	129	0.396442103	2.45207174	12.3408102	13.280035	3.00972408	22.1275728	0.986798028	2.32548921	0	100	0	0	3
250	130	0.398332174	2.46191942	10.829918	13.2815386	3.00972408	22.1275728	0.986798028	2.32548921	0	100	0	0	3
251	130	0.400379783	2.4717671	13.7642978	13.2689865	3.00972408	22.1275728	0.986798028	2.32548921	0	100	0	0	3
252	131	0.402541853	2.48161477	14.2843423	13.2661781	3.00972408	22.1275728	0.986798028	2.32548921	0	100	0	0	3
253	131	0.404844958	2.49146245	12.4049836	13.2142014	3.00972408	22.1275728	0.986798028	2.32548921	0	100	0	0	3
254	132	0.407077803	2.50131013	12.3964133	13.1846243	3.00972408	22.1275728	0.986798028	2.32548921	0	100	0	0	3
255	132	0.409226702	2.51115781	14.157353	13.1865846	3.00972408	22.1275728	0.986798028	2.32548921	0	100	0	0	3
256	133	0.411012238	2.52100548	14.7532576	13.1705077	3.00972408	22.1275728	0.986798028	2.32548921	0	100	0	0	3
257	133	0.412651689	2.53085316	14.2386057	13.1842877	3.00972408	22.1275728	0.986798028	2.32548921	0	100	0	0	3
258	134	0.414039595	2.54070084	15.9044033	13.2335184	3.00972408	22.1275728	0.986798028	2.32548921	0	100	0	0	3
259	134	0.414904591	2.55054852	16.9778423	13.2384338	3.00972408	22.1275728	0.986798028	2.32548921	0	100	0	0	3
260	135	0.415663867	2.5603962	19.1975881	13.2402889	3.00972408	22.1275728	0.986798028	2.32548921	0	100	0	0	3
261	135	0.417060584	2.57024387	19.8924633	13.2899582	3.00972408	22.1275728	0.986798028	2.32548921	0	100	0	0	3
262	136	0.418507465	2.58009155	21.1982598	13.3039524	3.00972408	22.1275728	0.986798028	2.32548921	0	100	0	0	3
263	137	0.419863107	2.58993923	16.4333014	13.2524568	3.00972408	22.1275728	0.986798028	2.32548921	0	100	0	0	3
264	137	0.422012998	2.59978691	15.6921061	13.2374885	3.00972408	22.1275728	0.986798028	2.32548921	0	100	0	0	3
265	138	0.423932942	2.60963458	14.0287318	13.1977111	3.00972408	22.1275728	0.986798028	2.32548921	0	100	0	0	3
266	138	0.425981102	2.61948226	12.5836198	13.139152	3.00972408	22.1275728	0.986798028	2.32548921	0	100	0	0	3
267	139	0.428131582	2.62932994	15.7170027	13.2539111	3.00972408	22.1275728	0.986798028	2.32548921	0	100	0	0	3
268	139	0.429889041	2.63917762	9.96390564	13.2017529	3.00972408	22.1275728	0.986798028	2.32548921	0	100	0	0	3
269	140	0.432302609	2.64902529	7.45593935	13.1875868	3.00972408	22.1275728	0.986798028	2.32548921	0	100	0	0	3
270	140	0.433995917	2.65887297	4.81616909	13.1321025	3.00972408	22.1275728	0.986798028	2.32548921	0	100	0	0	3
271	141	0.435663462	2.66872065	5.76765595	13.153258	3.00972408	22.1275728	0.875342819	2.32548921	0	100	0	0	3
272	141	0.438128817	2.67856833	9.59403236	13.1511114	3.00972408	22.1275728	0.713981939	2.32548921	0	100	0	0	3
273	142	0.439616462	2.688416	11.2484376	13.1665086	3.00972408	22.1275728	0.568914447	2.32548921	0	100	0	0	3
274	142	0.442011498	2.69826368	13.7640528	13.1707197	3.00972408	22.1275728	0.489093247	2.32548921	0	100	0	0	3
275	142	0.444105198	2.70811136	14.9978608	13.1667992	3.00972408	22.1275728	0.431105406	2.32548921	0	100	0	0	3
276	143	0.446313	2.71795904	15.3489036	13.1602351	3.00972408	22.1275728	0.431105406	2.32548921	0	100	0	0	3
277	143	0.448619499	2.72780672	13.6351448	13.1087581	3.00972408	22.1275728	0.454449788	2.32548921	0	100	0	0	3
278	144	0.450992692	2.73765439	13.482825	13.0860814	3.00972408	22.1275728	0.477126507	2.32548921	0	100	0	0	3
279	144	0.453402352	2.74750207	15.2970679	13.1079874	3.00972408	22.1275728	0.477126507	2.32548921	0	100	0	0	3
280	145	0.455018683	2.75734975	12.3639297	13.0395632	3.00972408	22.1275728	0.523644745	2.32548921	0	100	0	0	3
281	145	0.456585211	2.76719743	12.3899645	13.0202166	3.00972408	22.1275728	0.54299132	2.32548921	0	100	0	0	3
282	146	0.458416654	2.7770451	13.8516752	13.030514	3.00972408	22.1275728	0.54299132	2.32548921	0	100	0	0	3
283	146	0.459865935	2.78689278	17.1577854	13.0606006	3.00972408	22.1275728	0.54299132	2.32548921	0	100	0	0	3
284	147	0.460740545	2.79674046	17.7475813	13.0428843	3.00972408	22.1275728	0.54299132	2.32548921	0	100	0	0	3
285	147	0.462051284	2.80658814	18.9398557	13.0815053	3.00972408	22.1275728	0.54299132	2.32548921	0	100	0	0	3
286	148	0.463694259	2.81643581	18.0217846	13.041854	3.00972408	21.1982598	0.54299132	2.32548921	0	100	0	0	3
287	149	0.465105493	2.82628349	18.1872685	13.0053102	3.00972408	21.1982598	0.543797867	2.32548921	0	100	0	0	3
288	149	0.467016859	2.83613117	15.8021031	12.9576866	3.00972408	21.1982598	0.539801631	2.32548921	0	100	0	0	3
289	150	0.469258165	2.84597885	14.1652446	12.9218129	3.00972408	21.1982598	0.561158591	2.32548921	0	100	0	0	3
290	150	0.471384629	2.85582653	11.7579811	12.8290642	3.00972408	21.1982598	0.517756334	2.32548921	0	100	0	0	3
291	151	0.473822845	2.8656742	8.86979234	12.8209702	3.00972408	21.1982598	0.525850313	2.32548921	0	100	0	0	3
292	151	0.475580067	2.87552188	11.8368116	12.7404274	3.00972408	21.1982598	0.592541188	2.32548921	0	100	0	0	3
293	152	0.476128108	2.88536956	5.82035475	12.6836681	3.00972408	21.1982598	0.620284227	2.32548921	0	100	0	0	3
294	152	0.47797661	2.89521724	7.70544221	12.6285558	3.00972408	21.1982598	0.675396548	2.32548921	0	100	0	0	3
295	153	0.480382699	2.90506491	6.29053684	12.5299443	3.00972408	21.1982598	0.774008061	2.32548921	0	100	0	0	3
296	153	0.482746721	2.91491259	8.50862144	12.5914906	3.00972408	21.1982598	0.774008061	2.32548921	0	100	0	0	3
297	154	0.484778952	2.92476027	10.549646	12.7213966	4.81616909	21.1982598	0.774008061	2.32548921	0	100	0	0	3
298	154	0.48658917	2.93460795	14.6245333	12.9441719	4.81616909	21.1982598	0.774008061	2.32548921	0	100	0	0	3
299	154	0.488824862	2.94445562	13.1458706	13.02645	4.81616909	21.1982598	0.774008061	2.32548921	0	100	0	0	3
300	155	0.491126294	2.9543033	13.1519876	13.0467658	4.81616909	21.1982598	0.774008061	2.32548921	0	100	0	0	3
301	156	0.493391882	2.96415098	12.9460634	13.0884432	4.81616909	21.1982598	0.774008061	2.32548921	0	100	0	0	3
302	156	0.495689739	2.97399866	13.2502879	13.0778254	4.81616909	21.1982598	0.774008061	2.32548921	0	100	0	0	3
303	157	0.498097887	2.98384633	14.4669806	13.0855352	4.81616909	21.1982598	0.774008061	2.32548921	0	100	0	0	3
304	157	0.500306773	2.99369401	14.2046938	13.1278502	4.81616909	21.1982598	0.774008061	2.32548921	0	100	0	0	3
305	158	0.502130991	3.00354169	15.2907958	13.1865423	4.81616909	21.1982598	0.774008061	2.32548921	0	100	0	0	3
306	158	0.503614384	3.01338937	16.5871885	13.2178846	4.81616909	21.1982598	0.774008061	2.32548921	0	100	0	0	3
307	159	0.504484344	3.02323705	19.9020679	13.2507661	4.81616909	21.1982598	0.774008061	2.32548921	0	100	0	0	3
308	160	0.505260466	3.03308472	20.8568381	13.2970223	4.81616909	21.1982598	0.774008061	2.32548921	0	100	0	0	3
309	160	0.506543426	3.0429324	21.3230161	13.3692164	4.81616909	21.3230161	0.839272088	2.32548921	0	100	0	0	3
310	161	0.507990591	3.05278008	20.2145837	13.4421052	4.81616909	21.3230161	0.912160899	2.32548921	0	100	0	0	3
311	161	0.509267067	3.06262776	18.9635703	13.4707155	4.81616909	21.3230161	0.940771232	2.32548921	0	100	0	0	3
312	162	0.51113124	3.07247543	16.7343461	13.4400429	4.81616909	21.3230161	0.940771232	2.32548921	0	100	0	0	3
313	162	0.513007393	3.08232311	17.3222635	13.3983331	4.81616909	21.3230161	0.940771232	2.32548921	0	100	0	0	3
314	163	0.51461242	3.09217079	15.1491768	13.3845686	4.81616909	21.3230161	0.940771232	2.32548921	0	100	0	0	3
315	164	0.516824197	3.10201847	12.1857219	13.304277	4.81616909	21.3230161	0.940771232	2.32548921	0	100	0	0	3
316	164	0.5186657	3.11186614	9.85318696	13.2225091	4.81616909	21.3230161	0.940771232	2.32548921	0	100	0	0	3
317	165	0.5205226	3.12171382	7.11978496	13.1164858	4.81616909	21.3230161	0.940771232	2.32548921	0	100	0	0	3
318	165	0.522747632	3.1315615	6.40188043	12.8994764	4.81616909	21.3230161	0.940771232	2.32548921	0	100	0	0	3
319	165	0.524174511	3.14140918	3.9668803	12.8190124	3.9668803	21.3230161	0.940771232	2.32548921	0	100	0	0	3
320	166	0.526781183	3.15125686	6.01166666	12.7682032	3.9668803	21.3230161	0.940771232	2.32548921	0	100	0	0	3
321	166	0.528760267	3.16110453	10.7958998	12.869105	3.9668803	21.3230161	0.940771232	2.32548921	0	100	0	0	3
322	167	0.53154552	3.17095221	12.2073307	12.973387	3.9668803	21.3230161	0.940771232	2.32548921	0	100	0	0	3
323	167	0.534068896	3.18079989	14.9329951	13.1117664	3.9668803	21.3230161	0.940771232	2.32548921	0	100	0	0	3
324	167	0.536398255	3.19064757	15.8070253	13.2052778	3.9668803	21.3230161	0.940771232	2.32548921	0	100	0	0	3
325	168	0.538750656	3.20049524	13.8040362	13.2060038	3.9668803	21.3230161	0.940771232	2.32548921	0	100	0	0	3
326	168	0.541063819	3.21034292	13.5409326	13.1753014	3.9668803	21.3230161	0.940771232	2.32548921	0	100	0	0	3
327	169	0.543584287	3.2201906	13.890367	13.1444949	3.9668803	21.3230161	0.940771232	2.32548921	0	100	0	0	3
328	169	0.545874955	3.23003828	14.0080388	13.1531979	3.9668803	21.3230161	0.940771232	2.32548921	0	100	0	0	3
329	170	0.547549833	3.23988595	14.1852776	13.1629987	3.9668803	21.3230161	0.940771232	2.32548921	0	100	0	0	3
330	171	0.549256592	3.24973363	15.159645	13.1449026	3.9668803	21.3230161	0.940771232	2.32548921	0	100	0	0	3
331	171	0.549794778	3.25958131	17.2900321	13.1817596	3.9668803	21.3230161	0.940771232	2.32548921	0	100	0	0	3
332	172	0.550529333	3.26942899	21.0286736	13.2563184	3.9668803	21.3230161	0.940771232	2.32548921	0	100	0	0	3
333	172	0.552043577	3.27927667	19.7827635	13.3502259	3.9668803	21.3230161	0.940771232	2.32548921	0	100	0	0	3
334	173	0.553476127	3.28912434	18.9657991	13.377214	3.9668803	21.3230161	0.940771232	2.32548921	0	100	0	0	3
335	174	0.555066348	3.29897202	17.1891874	13.4009564	3.9668803	21.3230161	0.940771232	2.32548921	0	100	0	0	3
336	174	0.556742259	3.3088197	13.0032762	13.3172469	3.9668803	21.3230161	0.940771232	2.32548921	0	100	0	0	3
337	175	0.557623641	3.31866738	19.2956135	13.2910548	3.9668803	21.3230161	0.940771232	2.32548921	0	100	0	0	3
338	175	0.559271209	3.32851505	11.1428728	13.180091	3.9668803	21.3230161	0.940771232	2.32548921	0	100	0	0	3
339	176	0.561481298	3.33836273	14.5199526	13.1583854	3.9668803	21.3230161	0.940771232	2.32548921	0	100	0	0	3
340	176	0.562869689	3.34821041	11.7536509	13.1134443	3.9668803	21.3230161	0.940771232	2.32548921	0	100	0	0	3
341	177	0.564093185	3.35805809	8.65939286	13.0857535	3.9668803	21.3230161	0.940771232	2.32548921	0	100	0	0	3
342	177	0.565987028	3.36790576	5.74327558	13.0464099	3.9668803	21.3230161	0.940771232	2.32548921	0	100	0	0	3
343	178	0.567643863	3.37775344	5.98897439	12.9424877	3.9668803	21.3230161	0.940771232	2.32548921	0	100	0	0	3
344	178	0.569202763	3.38760112	7.21069937	12.8884229	3.9668803	21.3230161	0.940771232	2.32548921	0	100	0	0	3
345	179	0.571455384	3.3974488	9.46619655	12.9084464	3.9668803	21.3230161	0.940771232	2.32548921	0	100	0	0	3
346	179	0.573201039	3.40729647	11.5957262	13.0553109	3.9668803	21.3230161	0.879224918	2.32548921	0	100	0	0	3
347	180	0.575653264	3.41714415	12.1705399	13.147649	3.9668803	21.3230161	0.749318923	2.32548921	0	100	0	0	3
348	180	0.577470501	3.42699183	15.3454904	13.2476985	3.9668803	21.3230161	0.702512303	2.32548921	0	100	0	0	3
349	180	0.579424364	3.43683951	15.8746537	13.2761396	3.9668803	21.3230161	0.702512303	2.32548921	0	100	0	0	3
350	181	0.581693493	3.44668719	14.4640294	13.3083003	3.9668803	21.3230161	0.702512303	2.32548921	0	100	0	0	3
351	181	0.584138893	3.45653486	13.2650533	13.311031	3.9668803	21.3230161	0.702512303	2.32548921	0	100	0	0	3
352	182	0.586440753	3.46638254	12.7762728	13.3066884	3.9668803	21.3230161	0.702512303	2.32548921	0	100	0	0	3
353	182	0.588904881	3.47623022	13.7334794	13.3193609	3.9668803	21.3230161	0.702512303	2.32548921	0	100	0	0	3
354	183	0.591197439	3.4860779	14.0115278	13.3067206	3.9668803	21.3230161	0.702512303	2.32548921	0	100	0	0	3
355	183	0.592870848	3.49592557	15.2730535	13.3208401	3.9668803	21.3230161	0.702512303	2.32548921	0	100	0	0	3
356	184	0.594391028	3.50577325	14.1728934	13.2959284	3.9668803	21.3230161	0.702512303	2.32548921	0	100	0	0	3
357	184	0.595118242	3.51562093	21.6571586	13.3090226	3.9668803	21.6571586	0.702512303	2.32548921	0	100	0	0	3
358	185	0.596349703	3.52546861	23.0741441	13.377489	3.9668803	23.0741441	0.702512303	2.32548921	0	100	0	0	3
359	186	0.597831642	3.53531628	20.8742767	13.4347951	3.9668803	23.0741441	0.702512303	2.32548921	0	100	0	0	3
360	186	0.599342084	3.54516396	17.143604	13.3861054	3.9668803	23.0741441	0.702512303	2.32548921	0	100	0	0	3
361	187	0.601107265	3.55501164	15.1443987	13.3133126	3.9668803	23.0741441	0.702512303	2.32548921	0	100	0	0	3
362	187	0.602457578	3.56485932	15.8907271	13.2732645	3.9668803	23.0741441	0.671839686	2.32548921	0	100	0	0	3
363	188	0.604595389	3.574707	-17.9345806	12.4904133	-17.9345806	23.0741441	0.944381751	2.32548921	0	100	0	0	3
364	188	0.604749723	3.58455467	147.053028	12.6179692	-17.9345806	147.053028	0.944381751	2.32548921	0	100	0	0	3
365	189	0.605013497	3.59440235	14.2847898	12.5778924	-17.9345806	147.053028	0.944381751	2.32548921	0	100	0	0	3
366	190	0.60579408	3.60425003	24.6508809	12.6935648	-17.9345806	147.053028	0.944381751	2.38284935	0	100	0	0	3
367	190	0.60650495	3.61409771	26.0669316	12.8613404	-17.9345806	147.053028	0.944381751	2.44201665	0	100	0	0	3
368	191	0.607174665	3.62394538	9.97459302	12.9620674	-17.9345806	147.053028	0.944381751	2.50073908	0	100	0	0	3
369	191	0.607909576	3.63379306	6.0816788	13.0740911	-17.9345806	147.053028	0.944381751	2.55902164	0	100	0	0	3
370	192	0.608822469	3.64364074	9.08769428	13.1846163	-17.9345806	147.053028	0.944381751	2.61686926	0	100	0	0	3
371	193	0.609358771	3.65348842	2.58602266	13.3422072	-17.9345806	147.053028	0.944381751	2.67428678	0	100	0	0	3
372	193	0.610302085	3.66333609	14.7419867	13.4202014	-17.9345806	147.053028	0.944381751	2.73127899	0	100	0	0	3
373	194	0.611575686	3.67318377	1.09088756	13.2662036	-17.9345806	147.053028	0.944381751	2.7878506	0	100	0	0	3
374	194	0.612800877	3.68303145	-3.77553386	12.9475869	-17.9345806	147.053028	0.944381751	2.84400623	0	100	0	0	3
375	195	0.614903301	3.69287913	-2.53591327	12.4480834	-17.9345806	147.053028	0.986711657	2.89975047	0	100	0	0	3
376	195	0.61651004	3.70272681	2.23244414	12.1959774	-17.9345806	147.053028	1.23881768	2.95508782	0	100	0	0	3
377	195	0.618395557	3.71257448	6.28142267	12.011537	-17.9345806	147.053028	1.4232581	3.01002271	0	100	0	0	3
378	196	0.620874126	3.72242216	8.95469512	11.8522389	-17.9345806	147.053028	1.58255617	3.06455953	0	100	0	0	3
379	196	0.62237309	3.73226984	10.7073575	11.7652517	-17.9345806	147.053028	1.66954339	3.11870257	0	100	0	0	3
380	197	0.624258452	3.74211752	12.6420934	11.7339634	-17.9345806	147.053028	1.70083171	3.1724561	0	100	0	0	3
381	197	0.626550955	3.75196519	14.1426594	11.7297603	-17.9345806	147.053028	1.70503474	3.2258243	0	100	0	0	3
382	197	0.629063703	3.76181287	12.7890208	11.7255871	-17.9345806	147.053028	1.70920793	3.2788113	0	100	0	0	3
383	198	0.631323472	3.77166055	12.0827966	11.6509973	-17.9345806	147.053028	1.78379778	3.33142116	0	100	0	0	3
384	198	0.633167365	3.78150823	13.8497066	11.5491863	-17.9345806	147.053028	1.88560881	3.38365791	0	100	0	0	3
385	199	0.635125776	3.7913559	14.3320605	11.4858099	-17.9345806	147.053028	1.94898513	3.43552549	0	100	0	0	3
386	199	0.637346428	3.80120358	12.7482086	11.409652	-17.9345806	147.053028	2.02514312	3.4870278	0	100	0	0	3
387	200	0.638697066	3.81105126	13.8537004	11.4173422	-17.9345806	147.053028	2.02514312	3.5381687	0	100	0	0	3
388	200	0.639704412	3.82089894	17.9026605	11.4123373	-17.9345806	147.053028	2.02514312	3.58895197	0	100	0	0	3
389	201	0.640621587	3.83074661	18.719202	11.5001751	-17.9345806	147.053028	2.02514312	3.63938135	0	100	0	0	3
390	202	0.64220789	3.84059429	19.812217	11.5808355	-17.9345806	147.053028	2.02514312	3.68946052	0	100	0	0	3
391	202	0.643512816	3.85044197	17.6267943	11.6756929	-17.9345806	147.053028	2.02514312	3.73919313	0	100	0	0	3
392	203	0.645084605	3.86028965	15.1432149	11.7885523	-17.9345806	147.053028	2.02514312	3.78858275	0	100	0	0	3
393	203	0.646413773	3.87013733	15.0712519	11.9851543	-17.9345806	147.053028	2.02514312	3.83763292	0	100	0	0	3
394	204	0.648084672	3.879985	14.1918848	12.1544951	-17.9345806	147.053028	2.02514312	3.88634714	0	100	0	0	3
395	204	0.650078548	3.88983268	14.1281679	12.298446	-17.9345806	147.053028	2.02514312	3.93472883	0	100	0	0	3
396	205	0.652544776	3.89968036	10.8535671	12.3331803	-17.9345806	147.053028	2.02514312	3.9827814	0	100	0	0	3
397	206	0.654247188	3.90952804	7.2132812	12.2415185	-17.9345806	147.053028	2.02514312	4.03050818	0	100	0	0	3
398	206	0.656474118	3.91937571	7.19615306	12.1046525	-17.9345806	147.053028	2.02514312	4.07791249	0	100	0	0	3
399	206	0.658702656	3.92922339	7.38642447	11.9027113	-17.9345806	147.053028	2.02514312	4.12499758	0	100	0	0	3
400	207	0.661117562	3.93907107	7.9057581	11.6895614	-17.9345806	147.053028	2.02514312	4.17176666	0	100	0	0	3
401	208	0.662879173	3.94891875	11.1060644	11.5993543	-17.9345806	147.053028	2.02514312	4.2182229	0	100	0	0	3
402	208	0.665469012	3.95876642	13.6283133	11.6138801	-17.9345806	147.053028	2.02514312	4.26436944	0	100	0	0	3
403	209	0.666963497	3.9686141	15.3097172	11.6492453	-17.9345806	147.053028	2.02514312	4.31020935	0	100	0	0	3
404	209	0.668931815	3.97846178	16.7617251	11.7108142	-17.9345806	147.053028	2.02514312	4.35574569	0	100	0	0	3
405	209	0.671209937	3.98830946	15.3117812	11.74742	-17.9345806	147.053028	2.02514312	4.40098146	0	100	0	0	3
406	210	0.673579048	3.99815714	14.1202717	11.7439721	-17.9345806	147.053028	2.02514312	4.44591962	0	100	0	0	3
407	210	0.675825023	4.00800481	14.4419923	11.7730421	-17.9345806	147.053028	2.02514312	4.49056311	0	100	0	0	3
408	211	0.678337624	4.01785249	14.2208901	11.7605762	-17.9345806	147.053028	2.02514312	4.53491481	0	100	0	0	3
409	211	0.680470045	4.02770017	13.5078169	11.6392456	-17.9345806	147.053028	2.02514312	4.57897757	0	100	0	0	3
410	212	0.682214492	4.03754785	13.7102186	11.5198724	-17.9345806	147.053028	2.01054949	4.62275421	0	100	0	0	3
411	213	0.684193981	4.04739552	15.120936	11.5037732	-17.9345806	147.053028	2.01054949	4.66624751	0	100	0	0	3
412	213	0.68459948	4.0572432	24.4066912	11.4894696	-17.9345806	147.053028	2.01054949	4.70946021	0	100	0	0	3
413	214	0.685562188	4.06709088	24.5157907	11.568857	-17.9345806	147.053028	2.01054949	4.75239501	0	100	0	0	3
414	214	0.687104287	4.07693856	21.8360087	12.5251868	-3.77553386	147.053028	2.01054949	4.79505459	0	100	0	0	3
415	215	0.688051211	4.08678623	18.6133037	12.3451515	-3.77553386	26.0669316	2.01054949	4.83744158	0	100	0	0	3
416	215	0.689657752	4.09663391	18.1933241	12.4501049	-3.77553386	26.0669316	2.01054949	4.87955859	0	100	0	0	3
417	216	0.691124619	4.10648159	14.6264928	12.3759081	-3.77553386	26.0669316	2.01054949	4.9214082	0	100	0	0	3
418	216	0.692529646	4.11632927	15.7974539	12.3186552	-3.77553386	24.5157907	2.01054949	4.96299293	0	100	0	0	3
419	217	0.694401072	4.12617695	12.3862434	12.3381027	-3.77553386	24.5157907	2.01054949	5.0043153	0	100	0	0	3
420	217	0.69669175	4.13602462	10.8852547	12.3524063	-3.77553386	24.5157907	2.01054949	5.04537777	0	100	0	0	3
421	218	0.698502854	4.1458723	8.32803282	12.3043665	-3.77553386	24.5157907	2.01054949	5.08618281	0	100	0	0	3
422	218	0.701076732	4.15571998	6.10042248	12.1870915	-3.77553386	24.5157907	2.01054949	5.12673281	0	100	0	0	3
423	219	0.703168134	4.16556766	5.90680512	12.0197034	-3.77553386	24.5157907	1.85655167	5.16703016	0	100	0	0	3
424	219	0.705123012	4.17541533	7.37868695	12.0715095	-3.77553386	24.5157907	1.53793494	5.20707722	0	100	0	0	3
425	220	0.707397988	4.18526301	10.2258869	12.2323697	-2.53591327	24.5157907	1.1155349	5.24687631	0	100	0	0	3
426	220	0.70945682	4.19511069	12.4652036	12.5658164	2.23244414	24.5157907	1.15616448	5.28642973	0	100	0	0	3
427	220	0.711170462	4.20495837	13.7517492	12.7626811	5.90680512	24.5157907	1.35302918	5.32573974	0	100	0	0	3
428	221	0.71342138	4.21480604	13.7065483	12.9136411	5.90680512	24.5157907	1.50398916	5.36480859	0	100	0	0	3
429	221	0.715734192	4.22465372	14.4356279	13.0541912	5.90680512	24.5157907	1.64453921	5.40363848	0	100	0	0	3
430	222	0.718107104	4.2345014	13.5621388	13.1035272	5.90680512	24.5157907	1.69387524	5.4422316	0	100	0	0	3
431	222	0.720405019	4.24434908	14.2740664	13.1405516	5.90680512	24.5157907	1.73089964	5.48059012	0	100	0	0	3
432	223	0.722879423	4.25419675	15.6400119	13.1809066	5.90680512	24.5157907	1.77125468	5.51871616	0	100	0	0	3
433	223	0.724346657	4.26404443	11.5001869	13.1653603	5.90680512	24.5157907	1.77125468	5.55661183	0	100	0	0	3
434	224	0.725835935	4.27389211	13.3165237	13.1936261	5.90680512	24.5157907	1.78397414	5.59427922	0	100	0	0	3
435	224	0.72765794	4.28373979	14.6576359	13.2090529	5.90680512	24.5157907	1.79940099	5.63172037	0	100	0	0	3
436	225	0.729006274	4.29358747	15.5330188	13.2190036	5.90680512	24.5157907	1.80935164	5.66893733	0	100	0	0	3
437	225	0.729786594	4.30343514	18.8731274	13.2780417	5.90680512	24.5157907	1.86570442	5.70593209	0	100	0	0	3
438	226	0.731188322	4.31328282	19.1515346	13.3586497	5.90680512	24.5157907	1.94631239	5.74270665	0	100	0	0	3
439	226	0.732665908	4.3231305	18.9867623	13.3988667	5.90680512	24.5157907	1.90939712	5.77926296	0	100	0	0	3
440	227	0.734232939	4.33297818	19.2918641	13.445387	5.90680512	24.5157907	1.95591743	5.81560296	0	100	0	0	3
441	228	0.734913743	4.34282585	16.5994513	13.3596058	5.90680512	24.5157907	1.95591743	5.85172857	0	100	0	0	3
442	228	0.736116205	4.35267353	14.1770439	13.310089	5.90680512	24.5157907	1.95591743	5.88764167	0	100	0	0	3
443	229	0.737347043	4.36252121	26.1315602	13.4499061	5.90680512	26.1315602	1.96043655	5.92334414	0	100	0	0	3
444	229	0.737727154	4.37236889	82.4433289	13.7135046	5.90680512	82.4433289	2.22403501	5.95883782	0	100	0	0	3
445	230	0.738110507	4.38221656	53.5780799	13.8743794	5.90680512	82.4433289	2.38490985	5.99412454	0	100	0	0	3
446	230	0.738604203	4.39206424	29.595279	13.9563367	5.90680512	82.4433289	2.46686718	6.02920611	0	100	0	0	3
447	231	0.739056507	4.40191192	8.17524405	14.0145638	5.90680512	82.4433289	2.52509428	6.0640843	0	100	0	0	3
448	231	0.739593325	4.4117596	15.6962788	14.1608078	5.90680512	82.4433289	2.67133827	6.09876089	0	100	0	0	3
449	232	0.740188349	4.42160728	-6.83588046	14.1968384	-6.83588046	82.4433289	2.70736889	6.13323761	0	100	0	0	3
450	232	0.740841668	4.43145495	18.2013808	14.4134653	-6.83588046	82.4433289	2.92399571	6.16751619	0	100	0	0	3
451	233	0.741537722	4.44130263	5.2672075	14.5297199	-6.83588046	82.4433289	3.04025031	6.20159833	0	100	0	0	3
452	233	0.742263344	4.45115031	12.1201044	14.5836687	-6.83588046	82.4433289	3.0941991	6.23548572	0	100	0	0	3
453	234	0.743055513	4.46099799	-0.217207001	14.4644393	-6.83588046	82.4433289	3.0941991	6.26918001	0	100	0	0	3
454	235	0.743961924	4.47084566	-13.6004662	14.1176585	-13.6004662	82.4433289	3.0941991	6.30268286	0	100	0	0	3
455	235	0.7450504	4.48069334	-5.44501901	13.7695454	-13.6004662	82.4433289	3.0941991	6.3359959	0	100	0	0	3
456	236	0.746090557	4.49054102	-5.93442752	13.44892	-13.6004662	82.4433289	3.0941991	6.36912072	0	100	0	0	3
457	236	0.747487991	4.5003887	-2.16847224	13.1321143	-13.6004662	82.4433289	3.0941991	6.40205893	0	100	0	0	3
458	237	0.749122624	4.51023637	3.95038759	12.8872126	-13.6004662	82.4433289	3.0941991	6.43481208	0	100	0	0	3
459	237	0.750881762	4.52008405	1.99749751	12.5769531	-13.6004662	82.4433289	3.0941991	6.46738175	0	100	0	0	3
460	238	0.752789925	4.52993173	6.48383728	12.3887385	-13.6004662	82.4433289	3.0941991	6.49976947	0	100	0	0	3
461	238	0.7548993	4.53977941	6.0497271	12.1730593	-13.6004662	82.4433289	3.0941991	6.53197675	0	100	0	0	3
462	239	0.756629563	4.54962709	12.0703253	12.0900469	-13.6004662	82.4433289	3.0941991	6.5640051	0	100	0	0	3
463	239	0.759581053	4.55947476	12.7394323	12.0490004	-13.6004662	82.4433289	3.01481162	6.59585601	0	100	0	0	3
464	239	0.761945809	4.56932244	12.6010673	11.9089654	-13.6004662	82.4433289	2.67470321	6.62753095	0	100	0	0	3
465	240	0.764513393	4.57917012	12.8861095	11.7436157	-13.6004662	82.4433289	2.84005294	6.65772425	0	100	0	0	3
466	240	0.76691102	4.5890178	13.0514569	11.7008898	-13.6004662	82.4433289	2.88277886	6.66831977	0	100	0	0	3
467	241	0.769229703	4.59886547	12.3804173	11.58961	-13.6004662	82.4433289	2.99405869	6.67885722	0	100	0	0	3
468	241	0.771482103	4.60871315	11.8381372	11.54114	-13.6004662	82.4433289	3.04252862	6.68933709	0	100	0	0	3
469	242	0.773692216	4.61856083	15.0479722	11.5629513	-13.6004662	82.4433289	3.04252862	6.69975985	0	100	0	0	3
470	242	0.774176578	4.62840851	22.4910791	11.6099888	-13.6004662	82.4433289	3.04252862	6.71012597	0	100	0	0	3
471	243	0.775158476	4.63825618	21.3186476	11.7526359	-13.6004662	82.4433289	3.04252862	6.7204359	0	100	0	0	3
472	243	0.776687872	4.64810386	20.552606	12.0041029	-13.6004662	82.4433289	3.04252862	6.7306901	0	100	0	0	3
473	244	0.778125409	4.65795154	16.4992555	12.2851888	-13.6004662	82.4433289	3.04252862	6.74088903	0	100	0	0	3
474	245	0.780055667	4.66779922	15.9588159	12.5509121	-13.6004662	82.4433289	3.04252862	6.75103312	0	100	0	0	3
475	245	0.78134454	4.67764689	15.4123083	12.7319508	-13.6004662	82.4433289	3.04252862	6.76112281	0	100	0	0	3
476	246	0.783481958	4.68749457	12.6559259	12.8047485	-13.6004662	82.4433289	3.04252862	6.77115856	0	100	0	0	3
477	246	0.785409597	4.69734225	12.87635	12.8157697	-13.6004662	82.4433289	3.04252862	6.78114077	0	100	0	0	3
478	247	0.787282143	4.70718993	12.0160008	12.7750198	-13.6004662	82.4433289	3.04252862	6.7910699	0	100	0	0	3
479	247	0.788987909	4.71703761	7.40622572	12.6260822	-13.6004662	82.4433289	3.04252862	6.80094634	0	100	0	0	3
480	248	0.790510852	4.72688528	7.36345125	12.462932	-13.6004662	82.4433289	3.04252862	6.81077053	0	100	0	0	3
481	248	0.791651332	4.73673296	4.22334758	12.2996914	-13.6004662	82.4433289	3.04252862	6.82054288	0	100	0	0	3
482	249	0.793359514	4.74658064	4.09921084	12.0454938	-13.6004662	82.4433289	3.04252862	6.8302638	0	100	0	0	3
483	249	0.795702445	4.75642832	5.92421372	11.7264185	-13.6004662	82.4433289	3.04252862	6.83993368	0	100	0	0	3
484	250	0.797479181	4.76627599	10.5618709	11.7026649	-13.6004662	82.4433289	3.04252862	6.84955294	0	100	0	0	3
485	250	0.799929376	4.77612367	10.8166818	11.6409278	-13.6004662	82.4433289	3.04252862	6.85912197	0	100	0	0	3
486	250	0.802040252	4.78597135	13.1909306	11.6110203	-13.6004662	82.4433289	3.04252862	6.86864116	0	100	0	0	3
487	251	0.804639606	4.79581903	14.3316162	11.6346028	-13.6004662	82.4433289	3.04252862	6.8781109	0	100	0	0	3
488	251	0.806788553	4.8056667	14.4196913	11.6389747	-13.6004662	82.4433289	3.04252862	6.88753157	0	100	0	0	3
489	252	0.809094829	4.81551438	13.2742454	11.5522146	-13.6004662	82.4433289	3.04252862	6.89690356	0	100	0	0	3
490	252	0.811427304	4.82536206	13.2445682	11.4628585	-13.6004662	82.4433289	3.12081019	6.90622723	0	100	0	0	3
491	252	0.813819378	4.83520974	12.9479179	11.3533433	-13.6004662	82.4433289	3.23032538	6.91550298	0	100	0	0	3
492	253	0.81600343	4.84505742	13.5221999	11.367714	-13.6004662	82.4433289	3.23032538	6.92473115	0	100	0	0	3
493	254	0.817764599	4.85490509	16.3957512	11.4347957	-13.6004662	82.4433289	3.23032538	6.93391212	0	100	0	0	3
494	254	0.818634681	4.86475277	19.669006	11.3003976	-13.6004662	82.4433289	3.28327103	6.94304625	0	100	0	0	3
495	255	0.819431725	4.87460045	19.9888511	11.0541804	-13.6004662	53.5780799	3.5294883	6.95213389	0	100	0	0	3
496	255	0.820717143	4.88444813	25.8249521	11.0866832	-13.6004662	29.595279	3.5294883	6.96117541	0	100	0	0	3
497	256	0.82196094	4.8942958	18.4149171	11.0864098	-13.6004662	25.8249521	3.5294883	6.97017114	0	100	0	0	3
498	256	0.823523142	4.90414348	18.4363353	11.2379347	-13.6004662	25.8249521	3.5294883	6.97912144	0	100	0	0	3
499	257	0.825362063	4.91399116	16.5285115	11.3234627	-13.6004662	25.8249521	3.5294883	6.98802665	0	100	0	0	3
500	257	0.827037815	4.92383884	16.2570154	11.5430685	-13.6004662	25.8249521	3.5294883	6.99688712	0	100	0	0	3
501	259	0.829009355	4.93368651	14.8696461	11.5681171	-13.6004662	25.8249521	3.5294883	7.00570316	0	100	0	0	3
502	259	0.831309524	4.94353419	13.9113279	11.6770105	-13.6004662	25.8249521	3.5294883	7.01447513	0	100	0	0	3
503	259	0.832832345	4.95338187	9.01431635	11.6286901	-13.6004662	25.8249521	3.41025891	7.02320335	0	100	0	0	3
504	260	0.835278	4.96322955	7.79173709	11.6286912	-13.6004662	25.8249521	3.06347812	7.03188814	0	100	0	0	3
505	260	0.837316329	4.97307722	6.30046195	11.7573116	-5.93442752	25.8249521	2.71536504	7.04052984	0	100	0	0	3
506	261	0.839744749	4.9829249	7.78918025	11.853284	-5.93442752	25.8249521	2.39473961	7.04912875	0	100	0	0	3
507	261	0.841970813	4.99277258	11.8792585	12.0468571	-2.16847224	25.8249521	2.07793396	7.0576852	0	100	0	0	3
508	262	0.844029124	5.00262026	11.8077256	12.2475256	1.99749751	25.8249521	1.83303219	7.0661995	0	100	0	0	3
509	262	0.846256143	5.01246794	14.7545013	12.4446343	1.99749751	25.8249521	1.76158929	7.07467196	0	100	0	0	3
510	263	0.848111409	5.02231561	15.5340648	12.6926005	4.09921084	25.8249521	1.76158929	7.08310289	0	100	0	0	3
511	263	0.850229025	5.03216329	14.6736713	12.8572416	4.09921084	25.8249521	1.80306125	7.09149259	0	100	0	0	3
512	263	0.852392459	5.04201097	13.3258811	13.0149293	4.09921084	25.8249521	1.96074896	7.09984136	0	100	0	0	3
513	264	0.854685069	5.05185865	13.7390994	13.0485292	4.09921084	25.8249521	1.99434884	7.10814951	0	100	0	0	3
514	264	0.857150611	5.06170632	14.9570526	13.106107	4.09921084	25.8249521	2.05192664	7.11641733	0	100	0	0	3
515	265	0.85891479	5.071554	14.4016144	13.1419927	4.09921084	25.8249521	2.08781237	7.12464511	0	100	0	0	3
516	265	0.860475488	5.08140168	13.8066834	13.1596495	4.09921084	25.8249521	2.10546916	7.13283314	0	100	0	0	3
517	266	0.862219674	5.09124936	14.9173083	13.1945371	4.09921084	25.8249521	2.14035675	7.14098171	0	100	0	0	3
518	267	0.863729964	5.10109703	16.2139058	13.2627677	4.09921084	25.8249521	2.20858736	7.14909111	0	100	0	0	3
519	267	0.864484111	5.11094471	19.3151356	13.3463489	4.09921084	25.8249521	2.29216849	7.15716161	0	100	0	0	3
520	268	0.865761486	5.12079239	19.5547638	13.3916375	4.09921084	25.8249521	2.33745717	7.1651935	0	100	0	0	3
521	268	0.86738564	5.13064007	20.3372394	13.4653783	4.09921084	25.8249521	2.41119792	7.17318705	0	100	0	0	3
522	269	0.868747021	5.14048775	16.6690347	13.4295863	4.09921084	25.8249521	2.41119792	7.18114253	0	100	0	0	3
523	269	0.87083551	5.15033542	15.3358705	13.3561626	4.09921084	25.8249521	2.41119792	7.18906022	0	100	0	0	3
524	270	0.872696087	5.1601831	11.6774313	13.2753583	4.09921084	25.8249521	2.41119792	7.19694039	0	100	0	0	3
525	271	0.873714203	5.17003078	15.3311515	13.242401	4.09921084	25.8249521	2.41119792	7.2047833	0	100	0	0	3
526	271	0.87530412	5.17987846	19.0812871	13.3114372	4.09921084	25.8249521	2.41119792	7.21258921	0	100	0	0	3
527	272	0.876952624	5.18972613	10.6545496	13.2795685	4.09921084	25.8249521	2.41119792	7.22035839	0	100	0	0	3
528	272	0.878716666	5.19957381	9.2417773	13.2115611	4.09921084	25.8249521	2.41119792	7.2280911	0	100	0	0	3
529	273	0.880434592	5.20942149	4.33275694	13.0718505	4.09921084	25.8249521	2.41119792	7.23578758	0	100	0	0	3
530	273	0.882559757	5.21926917	3.95157614	12.967996	3.95157614	25.8249521	2.41119792	7.2434481	0	100	0	0	3
531	273	0.883939396	5.22911684	5.51680991	12.9493234	3.95157614	25.8249521	2.41119792	7.25107291	0	100	0	0	3
532	274	0.886146344	5.23896452	7.34682048	12.9237916	3.95157614	25.8249521	2.41119792	7.25866225	0	100	0	0	3
533	274	0.887797424	5.2488122	10.3463038	13.0383468	3.95157614	25.8249521	2.41119792	7.26621638	0	100	0	0	3
534	275	0.889993688	5.25865988	12.6267358	13.2055301	3.95157614	25.8249521	2.41119792	7.27373553	0	100	0	0	3
535	275	0.891928835	5.26850756	14.5311287	13.2824209	3.95157614	25.8249521	2.41119792	7.28121995	0	100	0	0	3
536	275	0.893954976	5.27835523	13.5232812	13.3518654	3.95157614	25.8249521	2.41119792	7.28866989	0	100	0	0	3
537	276	0.89612977	5.28820291	14.338736	13.3782865	3.95157614	25.8249521	2.41119792	7.29608557	0	100	0	0	3
538	276	0.898438456	5.29805059	13.111016	13.3452895	3.95157614	25.8249521	2.41119792	7.30346723	0	100	0	0	3
539	277	0.900667859	5.30789827	13.0277447	13.313155	3.95157614	25.8249521	2.41119792	7.31081511	0	100	0	0	3
540	277	0.902653225	5.31774594	14.7981167	13.3456259	3.95157614	25.8249521	2.41119792	7.31812944	0	100	0	0	3
541	278	0.904160635	5.32759362	14.1135615	13.3606508	3.95157614	25.8249521	2.41119792	7.32541044	0	100	0	0	3
542	278	0.905882441	5.3374413	14.3012215	13.3889658	3.95157614	25.8249521	2.41119792	7.33265835	0	100	0	0	3
543	279	0.90772587	5.34728898	15.0041808	13.4182558	3.95157614	25.8249521	2.41119792	7.33987339	0	100	0	0	3
544	280	0.908633554	5.35713665	18.9844637	13.4161481	3.95157614	25.8249521	2.41119792	7.34705578	0	100	0	0	3
545	280	0.909352214	5.36698433	18.8984672	13.399607	3.95157614	25.8249521	2.41119792	7.35420575	0	100	0	0	3
546	281	0.910686642	5.37683201	20.6991751	13.448797	3.95157614	25.8249521	2.37896853	7.35420627	0	100	0	0	3
547	281	0.912148229	5.38667969	21.745555	13.4074313	3.95157614	21.745555	2.37896853	7.3483067	0	100	0	0	3
548	282	0.913170982	5.39652736	16.8954147	13.3782575	3.95157614	21.745555	2.2274436	7.34150811	0	100	0	0	3
549	282	0.914717152	5.40637504	15.3755868	13.3254741	3.95157614	21.745555	2.14191562	7.33473995	0	100	0	0	3
550	283	0.916435473	5.41622272	15.1363134	13.2949654	3.95157614	21.745555	1.92230978	7.32800199	0	100	0	0	3
551	283	0.917611472	5.4260704	15.6871926	13.2712234	3.95157614	21.745555	1.89726117	7.32129405	0	100	0	0	3
552	284	0.919714594	5.43591808	13.3461691	13.2382183	3.95157614	21.745555	1.83668818	7.31461593	0	100	0	0	3
553	284	0.921976847	5.44576575	9.94815778	13.1390512	3.95157614	21.745555	1.83668818	7.30796741	0	100	0	0	3
554	285	0.92371185	5.45561343	6.60151924	13.0833576	3.95157614	21.745555	1.83668711	7.30134832	0	100	0	0	3
555	286	0.925791764	5.46546111	3.92042853	13.0157808	3.92042853	21.745555	1.70806665	7.29475845	0	100	0	0	3
556	286	0.928107957	5.47530879	4.29730046	12.9441261	3.92042853	21.745555	1.61209431	7.28634905	0	100	0	0	3
557	286	0.930523648	5.48515646	7.46980929	12.9363502	3.92042853	21.745555	1.41852123	7.27797661	0	100	0	0	3
558	287	0.932178742	5.49500414	12.1860392	12.9486697	3.92042853	21.745555	1.21785269	7.26873677	0	100	0	0	3
559	287	0.934856226	5.50485182	12.0756419	12.9487897	3.92042853	21.745555	1.02074398	7.25853939	0	100	0	0	3
560	288	0.936296388	5.5146995	15.6373308	12.9471303	3.92042853	21.745555	0.772777786	7.24838654	0	100	0	0	3
561	288	0.938963719	5.52454717	14.8009679	12.9487301	3.92042853	21.745555	0.608136663	7.23781929	0	100	0	0	3
562	289	0.941618166	5.53439485	13.9159144	12.9368531	3.92042853	21.745555	0.541586635	7.22729799	0	100	0	0	3
563	289	0.94408934	5.54424253	13.6794991	12.9476885	3.92042853	21.745555	0.541586635	7.21682233	0	100	0	0	3
564	289	0.946549237	5.55409021	14.4637576	12.9685342	3.92042853	21.745555	0.541586635	7.20639202	0	100	0	0	3
565	290	0.948863798	5.56393789	13.65263	12.932341	3.92042853	21.745555	0.541586635	7.19600677	0	100	0	0	3
566	290	0.950898829	5.57378556	14.4861369	12.9385374	3.92042853	21.745555	0.541586635	7.18566628	0	100	0	0	3
567	291	0.95272984	5.58363324	17.0599856	13.0056507	3.92042853	21.745555	0.541586635	7.17537026	0	100	0	0	3
568	292	0.953503818	5.59348092	18.5883477	13.0164587	3.92042853	21.745555	0.541586635	7.16511844	0	100	0	0	3
569	292	0.954448483	5.6033286	18.9509719	13.0250243	3.92042853	21.745555	0.541586635	7.15491052	0	100	0	0	3
570	293	0.955737215	5.61317627	21.9303583	13.0988073	3.92042853	21.9303583	0.541586635	7.14474622	0	100	0	0	3
571	294	0.957311615	5.62302395	20.4010987	13.1343074	3.92042853	21.9303583	0.541586635	7.13462527	0	100	0	0	3
572	294	0.958777696	5.63287163	18.0504414	13.0851651	3.92042853	21.9303583	0.525005351	7.12454738	0	100	0	0	3
573	295	0.960794414	5.64271931	15.5039776	13.0851548	3.92042853	21.9303583	0.525005351	7.11451229	0	100	0	0	3
574	295	0.962887774	5.65256698	13.6009653	13.0458204	3.92042853	21.9303583	0.525005351	7.10451972	0	100	0	0	3
575	296	0.964706479	5.66241466	15.5592971	13.1231733	3.92042853	21.9303583	0.525005351	7.09456941	0	100	0	0	3
576	296	0.966637359	5.67226234	13.4978587	13.1067672	3.92042853	21.9303583	0.525005351	7.08466107	0	100	0	0	3
577	297	0.968399717	5.68211002	9.73155356	12.9408375	3.92042853	21.9303583	0.525005351	7.07479446	0	100	0	0	3
578	297	0.970540185	5.6919577	7.11869749	12.8479496	3.92042853	21.9303583	0.600847417	7.0649693	0	100	0	0	3
579	298	0.972632492	5.70180537	5.85954326	12.7599936	3.92042853	21.9303583	0.688803365	7.05518534	0	100	0	0	3
580	298	0.974467978	5.71165305	6.77291486	12.7970886	3.92042853	21.9303583	0.688803365	7.04544232	0	100	0	0	3
581	299	0.976357878	5.72150073	9.91943838	12.939519	3.92042853	21.9303583	0.688803365	7.03573997	0	100	0	0	3
582	299	0.97874254	5.73134841	11.4016902	13.008857	3.92042853	21.9303583	0.688803365	7.02607806	0	100	0	0	3
583	300	0.980598481	5.74119608	15.3230179	13.1866271	3.92042853	21.9303583	0.688803365	7.01645631	0	100	0	0	3
584	300	0.982730766	5.75104376	13.609977	13.2455348	3.92042853	21.9303583	0.688803365	7.00687449	0	100	0	0	3
585	300	0.984931092	5.76089144	13.7645447	13.2718789	3.92042853	21.9303583	0.688803365	6.99733235	0	100	0	0	3
586	301	0.987133611	5.77073912	13.2486725	13.2457463	3.92042853	21.9303583	0.688803365	6.98782964	0	100	0	0	3
587	301	0.989385069	5.78058679	13.2940956	13.2409944	3.92042853	21.9303583	0.688803365	6.97836611	0	100	0	0	3
588	302	0.991818328	5.79043447	13.6289002	13.2259092	3.92042853	21.9303583	0.688803365	6.96894153	0	100	0	0	3
589	302	0.993936962	5.80028215	13.9630322	13.2450398	3.92042853	21.9303583	0.688803365	6.95955565	0	100	0	0	3
590	303	0.995885233	5.81012983	15.0469817	13.2869976	3.92042853	21.9303583	0.688803365	6.95020824	0	100	0	0	3
591	303	0.997160154	5.8199775	15.4375622	13.2842642	3.92042853	21.9303583	0.688803365	6.94089907	0	100	0	0	3
592	304	0.998194891	5.82982518	17.1405562	13.3134042	3.92042853	21.9303583	0.688803365	6.93162788	0	100	0	0	3
593	305	0.998929599	5.83967286	19.9212111	13.3473007	3.92042853	21.9303583	0.688803365	6.92239446	0	100	0	0	3
594	305	1	5.84952054	19.5387615	13.3860224	3.92042853	21.9303583	0.688803365	6.91319858	0	100	0	0	3
