Iteration	CPUTime	PhysTime	Travels	Value	AvValue	MinValue	MaxValue	Delta	Criteria	PrevAvRefValue	Progress	CriteriaType	CriteriaVarType	CriteriaPercentage
1	3	0.000171001836	0.00984767767	-0.0092650943	-0.0092650943	-0.0092650943	-0.0092650943	0	0	0	0	0	0	3
2	3	0.000331710224	0.0196953553	-0.00931663557	-0.00929006523	-0.00931663557	-0.0092650943	2.49709336e-05	0	0	0	0	0	3
3	4	0.000488878734	0.029543033	-0.00935929514	-0.0093123218	-0.00935929514	-0.0092650943	4.72274984e-05	0	0	0	0	0	3
4	4	0.000643661688	0.0393907107	-0.00945351336	-0.00934627449	-0.00945351336	-0.0092650943	8.11801896e-05	0	0	0	0	0	3
5	5	0.000801443904	0.0492383884	-0.00953981186	-0.00938437666	-0.00953981186	-0.0092650943	0.000119282363	0	0	0	0	0	3
6	5	0.00107003424	0.059086066	-0.00964072071	-0.00944872183	-0.00964072071	-0.0092650943	0.000183627533	0	0	0	0	0	3
7	5	0.0013851141	0.0689337437	-0.00969098252	-0.00950383026	-0.00969098252	-0.0092650943	0.000238735961	0	0	0	0	0	3
8	6	0.00173024776	0.0787814214	-0.00971641914	-0.0095462355	-0.00971641914	-0.0092650943	0.000281141205	0	0	0	0	0	3
9	6	0.00208106873	0.0886290991	-0.00975863361	-0.009582041	-0.00975863361	-0.0092650943	0.000316946705	0	0	0	0	0	3
10	7	0.00244932859	0.0984767767	-0.00981500356	-0.00961706724	-0.00981500356	-0.0092650943	0.000351972939	0	0	0	0	0	3
11	7	0.00300443486	0.108324454	-0.00983184469	-0.00965675001	-0.00983184469	-0.0092650943	0.000391655713	0	0	0	0	0	3
12	8	0.00354422222	0.118172132	-0.00995157322	-0.00970165178	-0.00995157322	-0.0092650943	0.000436557481	0	0	0	0	0	3
13	8	0.00408180258	0.12801981	-0.0100113562	-0.00974244038	-0.0100113562	-0.0092650943	0.00047734608	0	0	0	0	0	3
14	9	0.00461731342	0.137867487	-0.00994090778	-0.00976545841	-0.0100113562	-0.0092650943	0.000500364107	0	0	0	0	0	3
15	9	0.0050994637	0.147715165	-0.00998016044	-0.00978575831	-0.0100113562	-0.0092650943	0.000520664015	0	0	0	0	0	3
16	10	0.00562450728	0.157562843	-0.0100160708	-0.00980725781	-0.0100160708	-0.0092650943	0.000542163514	0	0	0	0	0	3
17	10	0.00611401693	0.16741052	-0.0100226903	-0.0098245061	-0.0100226903	-0.0092650943	0.000559411796	0	0	0	0	0	3
18	11	0.00666296052	0.177258198	-0.00998779247	-0.00983795883	-0.0100226903	-0.0092650943	0.000572864526	0	0	0	0	0	3
19	12	0.00733664098	0.187105876	-0.00988452522	-0.00984223474	-0.0100226903	-0.0092650943	0.000577140444	0	0	0	0	0	3
20	12	0.007962789	0.196953553	-0.00920520547	-0.00979214242	-0.0100226903	-0.00920520547	0.000577140444	0	0	0	0	0	3
21	13	0.00897365026	0.206801231	-0.00831326904	-0.0096255507	-0.0100226903	-0.00831326904	0.000577140444	0	0	0	0	0	3
22	13	0.00989405776	0.216648909	-0.00717682335	-0.00939775468	-0.0100226903	-0.00717682335	0.000577140444	0	0	0	0	0	3
23	14	0.0103586548	0.226496586	-0.00707342504	-0.00929350595	-0.0100226903	-0.00707342504	0.000577140444	0	0	0	0	0	3
24	15	0.0108371262	0.236344264	-0.00581464231	-0.00913991015	-0.0100226903	-0.00581464231	0.000702324592	0	0	0	0	0	3
25	15	0.0112200883	0.246191942	-0.00545405447	-0.00901410519	-0.0100226903	-0.00545405447	0.00082812955	0	0	0	0	0	3
26	16	0.0118385858	0.25603962	-0.00533973519	-0.00882214066	-0.0100226903	-0.00533973519	0.00102009409	0	0	0	0	0	3
27	16	0.012825171	0.265887297	-0.00599669711	-0.00860479145	-0.0100226903	-0.00533973519	0.0012374433	0	0	0	0	0	3
28	17	0.0140127618	0.275734975	-0.00489953905	-0.00829076885	-0.0100226903	-0.00489953905	0.0015514659	0	0	0	0	0	3
29	17	0.014891468	0.285582653	-0.00465557035	-0.00807626539	-0.0100226903	-0.00465557035	0.00176596935	0	0	0	0	0	3
30	18	0.01620345	0.29543033	-0.00287534549	-0.00765515054	-0.0100226903	-0.00287534549	0.0021870842	0	0	0	0	0	3
31	18	0.0181945626	0.305278008	-0.00197066955	-0.00703307228	-0.0100226903	-0.00197066955	0.00280916246	0	0	0	0	0	3
32	19	0.0204151633	0.315125686	-0.00155169071	-0.00643685076	-0.0100226903	-0.00155169071	0.00340538398	0	0	0	0	0	3
33	20	0.0219395162	0.324973363	-0.00102936534	-0.00606113982	-0.0100226903	-0.00102936534	0.00378109492	0	0	0	0	0	3
34	20	0.0243300956	0.334821041	0.000820061066	-0.00538502014	-0.0100226903	0.000820061066	0.00445721461	0	0	0	0	0	3
35	20	0.0252528937	0.344668719	0.000837413348	-0.00515763828	-0.0100226903	0.000837413348	0.00468459647	0	0	0	0	0	3
36	21	0.0275890882	0.354516396	-1.62037223e-05	-0.00472227081	-0.0100226903	0.000837413348	0.00511996393	0	0	0	0	0	3
37	21	0.0294179899	0.364364074	-0.000848710466	-0.00448145351	-0.0100226903	0.000837413348	0.00536078124	0	0	0	0	0	3
38	22	0.0316427054	0.374211752	-0.00197254157	-0.0043050585	-0.0100226903	0.000837413348	0.00553717624	0	0	0	0	0	3
39	22	0.0340597306	0.384059429	-0.00326994953	-0.00423160271	-0.0100226903	0.000837413348	0.00561063203	0	0	0	0	0	3
40	23	0.0358949734	0.393907107	-0.00403836069	-0.00422172261	-0.0100226903	0.000837413348	0.00562051214	0	0	0	0	0	3
41	23	0.03761349	0.403754785	-0.00522982671	-0.00426778171	-0.0100226903	0.000837413348	0.00562051214	0	0	0	0	0	3
42	24	0.0398581686	0.413602462	-0.00687775241	-0.00441476652	-0.0100226903	0.000837413348	0.00562051214	0	0	0	0	0	3
43	24	0.0418886315	0.42345014	-0.00812879289	-0.0045947961	-0.0100226903	0.000837413348	0.00562051214	0	0	0	0	0	3
44	25	0.0440099962	0.433297818	-0.00902923307	-0.00480854432	-0.0100226903	0.000837413348	0.00562051214	0	0	0	0	0	3
45	25	0.0462783759	0.443145495	-0.00914003805	-0.0050208567	-0.0100226903	0.000837413348	0.00562051214	0	0	0	0	0	3
46	26	0.0486528739	0.452993173	-0.0100187084	-0.00526477629	-0.0100226903	0.000837413348	0.00562051214	0	0	0	0	0	3
47	26	0.0502267998	0.462840851	-0.00966971262	-0.00540281103	-0.0100226903	0.000837413348	0.00562051214	0	0	0	0	0	3
48	27	0.0525414327	0.472688528	-0.00878389787	-0.00555175967	-0.0100226903	0.000837413348	0.00562051214	0	0	0	0	0	3
49	27	0.0542511769	0.482536206	-0.00656016948	-0.00558354005	-0.0100226903	0.000837413348	0.00562051214	0	0	0	0	0	3
50	28	0.0553920146	0.492383884	-0.00551924121	-0.00558221577	-0.0100226903	0.000837413348	0.00562051214	0	0	0	0	0	3
51	28	0.056142207	0.502231561	-0.00485224616	-0.00557246165	-0.0100226903	0.000837413348	0.00562051214	0	0	0	0	0	3
52	29	0.0569837923	0.512079239	-0.00489098445	-0.0055512522	-0.0100226903	0.000837413348	0.00562051214	0	0	0	0	0	3
53	30	0.0586247094	0.521926917	-0.00499372819	-0.00552517738	-0.0100226903	0.000837413348	0.00562051214	0	0	0	0	0	3
54	30	0.0596820105	0.531774594	-0.00443141013	-0.00549546035	-0.0100226903	0.000837413348	0.00562051214	0	0	0	0	0	3
55	31	0.0613649362	0.541622272	-0.00975452816	-0.00560341354	-0.0100226903	0.000837413348	0.00562051214	0	0	0	0	0	3
56	31	0.0616321404	0.55146995	-0.00369217575	-0.00558480806	-0.0100226903	0.000837413348	0.00562051214	0	0	0	0	0	3
57	32	0.062492664	0.561317627	0.00285768258	-0.00544879399	-0.0100226903	0.00285768258	0.00562051214	0	0	0	0	0	3
58	32	0.0632192593	0.571165305	0.000189290854	-0.00536092613	-0.0100226903	0.00285768258	0.00562051214	0	0	0	0	0	3
59	33	0.0640064671	0.581012983	0.00176632995	-0.00524669538	-0.0100226903	0.00285768258	0.00562051214	0	0	0	0	0	3
60	33	0.0648524845	0.59086066	0.00355795823	-0.00510281187	-0.0100226903	0.00355795823	0.00562051214	0	0	0	0	0	3
61	34	0.0655942157	0.600708338	0.00338442864	-0.00497563511	-0.0100226903	0.00355795823	0.00562051214	0	0	0	0	0	3
62	34	0.0665950679	0.610556016	0.00252141127	-0.00481524752	-0.0100226903	0.00355795823	0.00562051214	0	0	0	0	0	3
63	35	0.0675428314	0.620403693	0.00228909719	-0.00466671677	-0.0100226903	0.00355795823	0.00562051214	0	0	0	0	0	3
64	36	0.0686213274	0.630251371	0.00149578154	-0.00451921951	-0.0100226903	0.00355795823	0.00562051214	0	0	0	0	0	3
65	37	0.069671385	0.640099049	-0.000640869063	-0.00441198772	-0.0100226903	0.00355795823	0.00562051214	0	0	0	0	0	3
66	37	0.0714644078	0.649946726	-0.00049493182	-0.00426570467	-0.0100226903	0.00355795823	0.00562051214	0	0	0	0	0	3
67	38	0.072644538	0.659794404	-0.000801490361	-0.00415965553	-0.0100226903	0.00355795823	0.00568257922	0	0	0	0	0	3
68	38	0.0738764011	0.669642082	-0.00142658253	-0.0040676165	-0.0100187084	0.00355795823	0.00577461824	0	0	0	0	0	3
69	39	0.0758249122	0.679489759	-0.00281769256	-0.00398541331	-0.0100187084	0.00355795823	0.00585682144	0	0	0	0	0	3
70	39	0.077159036	0.689337437	-0.00278438157	-0.00390554722	-0.0100187084	0.00355795823	0.0058865952	0	0	0	0	0	3
71	40	0.0789742696	0.699185115	-0.00318295368	-0.00384034584	-0.0100187084	0.00355795823	0.00578520486	0	0	0	0	0	3
72	40	0.0810194402	0.709032792	-0.00383089591	-0.00377731882	-0.0100187084	0.00355795823	0.00562043586	0	0	0	0	0	3
73	40	0.0828057227	0.71888047	-0.00496085974	-0.00376340073	-0.0100187084	0.00355795823	0.00553010522	0	0	0	0	0	3
74	41	0.084924187	0.728728148	-0.0065874364	-0.00382300992	-0.0100187084	0.00355795823	0.00537650942	0	0	0	0	0	3
75	41	0.0871784155	0.738575825	-0.00787652681	-0.00393022077	-0.0100187084	0.00355795823	0.00525070447	0	0	0	0	0	3
76	42	0.0895336111	0.748423503	-0.00860958331	-0.00406349588	-0.0100187084	0.00355795823	0.00505873993	0	0	0	0	0	3
77	42	0.0919824422	0.758271181	-0.00882188848	-0.0041990415	-0.0100187084	0.00355795823	0.00484139072	0	0	0	0	0	3
78	43	0.0942044898	0.768118859	-0.00911790313	-0.00431155663	-0.0100187084	0.00355795823	0.00452736812	0	0	0	0	0	3
79	43	0.0956288114	0.777966536	-0.00916845003	-0.00438776095	-0.0100187084	0.00355795823	0.00431286467	0	0	0	0	0	3
80	44	0.0970884216	0.787814214	-0.00884322928	-0.00446401586	-0.0100187084	0.00355795823	0.00389174982	0	0	0	0	0	3
81	44	0.0989238183	0.797661892	-0.00740630413	-0.00455449627	-0.0100187084	0.00355795823	0.00326967156	0	0	0	0	0	3
82	45	0.100269765	0.807509569	-0.00601977715	-0.00464120797	-0.0100187084	0.00355795823	0.00267345003	0	0	0	0	0	3
83	45	0.100965641	0.817357247	-0.00557594831	-0.00473445443	-0.0100187084	0.00355795823	0.00229773909	0	0	0	0	0	3
84	46	0.101765254	0.827204925	-0.00530159708	-0.00481088791	-0.0100187084	0.00355795823	0.00184001281	0	0	0	0	0	3
85	46	0.10324547	0.837052602	-0.00523308677	-0.00498938514	-0.0100187084	0.00355795823	0.00184001281	0	0	0	0	0	3
86	47	0.104892294	0.84690028	-0.00521407563	-0.00506154771	-0.0100187084	0.00355795823	0.00184001281	0	0	0	0	0	3
87	48	0.106472237	0.856747958	-0.00413679683	-0.00519244831	-0.0100187084	0.00355795823	0.00184001281	0	0	0	0	0	3
88	48	0.108475571	0.866595635	-0.00303747866	-0.0052383281	-0.0100187084	0.00355795823	0.00184001281	0	0	0	0	0	3
89	49	0.110239065	0.876443313	-0.00295681949	-0.00527957707	-0.0100187084	0.00355795823	0.00184001281	0	0	0	0	0	3
90	49	0.112476502	0.886290991	-0.0025388892	-0.0052633204	-0.0100187084	0.00355795823	0.00184001281	0	0	0	0	0	3
91	50	0.114549979	0.896138668	-0.000773247911	-0.00517353636	-0.0100187084	0.00355795823	0.00184001281	0	0	0	0	0	3
92	50	0.116355026	0.905986346	-0.000146444853	-0.00505706834	-0.0100187084	0.00355795823	0.00184001281	0	0	0	0	0	3
93	51	0.118618292	0.915834024	-0.000594696106	-0.00487694691	-0.0100187084	0.00355795823	0.00184001281	0	0	0	0	0	3
94	51	0.119795205	0.925681701	-0.00160262314	-0.00474273042	-0.0100187084	0.00355795823	0.00184001281	0	0	0	0	0	3
95	51	0.121754244	0.935529379	-0.00271050378	-0.00457455788	-0.0100187084	0.00355795823	0.00184001281	0	0	0	0	0	3
96	52	0.124059027	0.945377057	-0.00400690717	-0.00442459058	-0.0100187084	0.00355795823	0.00184001281	0	0	0	0	0	3
97	52	0.125862081	0.955224734	-0.00546830395	-0.0042769223	-0.00975452816	0.00355795823	0.00184001281	0	0	0	0	0	3
98	53	0.12804952	0.965072412	-0.00675523496	-0.00423751615	-0.00975452816	0.00355795823	0.00184001281	0	0	0	0	0	3
99	53	0.130160979	0.97492009	-0.00804765108	-0.00420558783	-0.00975452816	0.00355795823	0.00184001281	0	0	0	0	0	3
100	54	0.132432475	0.984767767	-0.00912770003	-0.00429710367	-0.00975452816	0.00355795823	0.00184001281	0	0	0	0	0	3
101	55	0.134790042	0.994615445	-0.00955661558	-0.00443571403	-0.00975452816	0.00355795823	0.00184001281	0	0	0	0	0	3
102	55	0.136969736	1.00446312	-0.00973637332	-0.00457479212	-0.00975452816	0.00355795823	0.00184001281	0.00148675508	0	80.8	0	0	3
103	55	0.139480356	1.0143108	-0.00966085616	-0.00472635078	-0.00975452816	0.00355795823	0.00184001281	0.00148675508	0	80.8	0	0	3
104	56	0.141782141	1.02415848	-0.00910023502	-0.00484214318	-0.00975452816	0.00355795823	0.00184001281	0.00148675508	0	80.8	0	0	3
105	57	0.143367784	1.03400616	-0.00740561328	-0.00489590401	-0.00975452816	0.00355795823	0.00184001281	0.00148675508	0	80.8	0	0	3
106	57	0.144930867	1.04385383	-0.00640190266	-0.00482622606	-0.00973637332	0.00355795823	0.00182140733	0.00148675508	0	81.6	0	0	3
107	58	0.145724966	1.05370151	-0.00556442321	-0.00483680038	-0.00973637332	0.00355795823	0.00168539326	0.00148675508	0	88.2	0	0	3
108	58	0.146556352	1.06354919	-0.00524891894	-0.00491964131	-0.00973637332	0.00355795823	0.0015975254	0.00148675508	0	93	0	0	3
109	59	0.147848201	1.07339687	-0.00445743633	-0.00495644937	-0.00973637332	0.00355795823	0.00151617634	0.00148675508	0	98	0	0	3
110	59	0.149410781	1.08324454	-0.00287013643	-0.00498024433	-0.00973637332	0.00355795823	0.00151617634	0.00148675508	0	98	0	0	3
111	60	0.151005734	1.09309222	-0.00111275669	-0.00499249007	-0.00973637332	0.00338442864	0.00151617634	0.00148675508	0	98	0	0	3
112	60	0.152595452	1.1029399	0.000152813445	-0.00496989081	-0.00973637332	0.00252141127	0.00151617634	0.00148675508	0	98	0	0	3
113	61	0.154132809	1.11278758	0.000251471243	-0.00496384305	-0.00973637332	0.00228909719	0.00151617634	0.00148675508	0	98	0	0	3
114	61	0.156026464	1.12263525	0.000898620177	-0.00491606683	-0.00973637332	0.00149578154	0.00151617634	0.00148675508	0	98	0	0	3
115	62	0.157990846	1.13248293	0.00195259856	-0.00484246754	-0.00973637332	0.00195259856	0.00151617634	0.00148675508	0	98	0	0	3
116	62	0.159510527	1.14233061	0.00255845048	-0.00476638589	-0.00973637332	0.00255845048	0.00151617634	0.00148675508	0	98	0	0	3
117	63	0.161638966	1.15217829	0.0020788032	-0.0046897484	-0.00973637332	0.00255845048	0.00151617634	0.00148675508	0	98	0	0	3
118	63	0.163632742	1.16202597	0.00129946307	-0.00460894127	-0.00973637332	0.00255845048	0.00151617634	0.00148675508	0	98	0	0	3
119	64	0.1657748	1.17187364	1.27021844e-05	-0.00454387379	-0.00973637332	0.00255845048	0.00151617634	0.00148675508	0	98	0	0	3
120	64	0.167856485	1.18172132	-0.00111476672	-0.004502857	-0.00973637332	0.00255845048	0.00151617634	0.00148675508	0	98	0	0	3
121	65	0.169851676	1.191569	-0.00243909467	-0.00448316891	-0.00973637332	0.00255845048	0.00151617634	0.00148675508	0	98	0	0	3
122	65	0.172660453	1.20141668	-0.00509907224	-0.00452682668	-0.00973637332	0.00255845048	0.00151617634	0.00148675508	0	98	0	0	3
123	65	0.174485086	1.21126435	-0.00651208725	-0.00458081089	-0.00973637332	0.00255845048	0.00151617634	0.00148675508	0	98	0	0	3
124	66	0.176864464	1.22111203	-0.0078518077	-0.00465633881	-0.00973637332	0.00255845048	0.00145656714	0.00148675508	0	100	0	0	3
125	66	0.179114308	1.23095971	-0.00871616637	-0.00470987964	-0.00973637332	0.00255845048	0.0013493563	0.00148675508	0	100	0	0	3
126	67	0.181480945	1.24080739	-0.00888097989	-0.00473886225	-0.00973637332	0.00255845048	0.00121608119	0.00148675508	0	100	0	0	3
127	67	0.184026171	1.25065506	-0.00935610875	-0.00476675474	-0.00973637332	0.00255845048	0.00108053557	0.00148675508	0	100	0	0	3
128	68	0.186123033	1.26050274	-0.0092270022	-0.00476061695	-0.00973637332	0.00255845048	0.00107398923	0.00148675508	0	100	0	0	3
129	68	0.188023411	1.27035042	-0.00796269717	-0.00472227785	-0.00973637332	0.00255845048	0.00107398923	0.00148675508	0	100	0	0	3
130	69	0.189463818	1.2801981	-0.006435576	-0.00468108925	-0.00973637332	0.00255845048	0.00107398923	0.00148675508	0	100	0	0	3
131	69	0.190335741	1.29004578	-0.00634434467	-0.00463149134	-0.00973637332	0.00255845048	0.00107398923	0.00148675508	0	100	0	0	3
132	70	0.191194276	1.29989345	-0.00608872617	-0.0045898551	-0.00973637332	0.00255845048	0.00107398923	0.00148675508	0	100	0	0	3
133	70	0.192384939	1.30974113	-0.00646733917	-0.00459322971	-0.00973637332	0.00255845048	0.00107398923	0.00148675508	0	100	0	0	3
134	71	0.193986386	1.31958881	-0.0057194269	-0.00460526675	-0.00973637332	0.00255845048	0.00107398923	0.00148675508	0	100	0	0	3
135	72	0.195542456	1.32943649	-0.00469557552	-0.00460082784	-0.00973637332	0.00255845048	0.00107398923	0.00148675508	0	100	0	0	3
136	72	0.197622287	1.33928416	-0.00403150157	-0.00457836489	-0.00973637332	0.00255845048	0.00107398923	0.00148675508	0	100	0	0	3
137	73	0.199079115	1.34913184	-0.00243943898	-0.004534166	-0.00973637332	0.00255845048	0.00107398923	0.00148675508	0	100	0	0	3
138	73	0.200903034	1.35897952	-0.00177479998	-0.00448751767	-0.00973637332	0.00255845048	0.00107398923	0.00148675508	0	100	0	0	3
139	74	0.203017782	1.3688272	-0.00169649914	-0.00445581344	-0.00973637332	0.00255845048	0.00107398923	0.00148675508	0	100	0	0	3
140	74	0.204100461	1.37867487	0.000479641274	-0.00442704713	-0.00973637332	0.00255845048	0.00105773257	0.00148675508	0	100	0	0	3
141	75	0.205410541	1.38852255	0.000500825963	-0.00440303792	-0.00973637332	0.00255845048	0.000967948524	0.00148675508	0	100	0	0	3
142	75	0.207276445	1.39837023	0.000128606046	-0.00439301569	-0.00973637332	0.00255845048	0.000851480507	0.00148675508	0	100	0	0	3
143	76	0.209126502	1.40821791	-0.000758472904	-0.0044031605	-0.00973637332	0.00255845048	0.000786902231	0.00148675508	0	100	0	0	3
144	76	0.21067782	1.41806558	-0.00123891148	-0.00444346933	-0.00973637332	0.00255845048	0.000786902231	0.00148675508	0	100	0	0	3
145	77	0.213235504	1.42791326	-0.00226725456	-0.00441968258	-0.00973637332	0.00255845048	0.000786902231	0.00148675508	0	100	0	0	3
146	77	0.215097851	1.43776094	-0.00326637198	-0.00443254348	-0.00973637332	0.00255845048	0.000786902231	0.00148675508	0	100	0	0	3
147	78	0.217214238	1.44760862	-0.00467793908	-0.00444864941	-0.00973637332	0.00255845048	0.000786902231	0.00148675508	0	100	0	0	3
148	78	0.218939482	1.4574563	-0.0060644926	-0.00445884772	-0.00973637332	0.00255845048	0.000786902231	0.00148675508	0	100	0	0	3
149	78	0.220756871	1.46730397	-0.00737901899	-0.00446190984	-0.00973637332	0.00255845048	0.000786902231	0.00148675508	0	100	0	0	3
150	79	0.22277129	1.47715165	-0.008431235	-0.00446649613	-0.00973637332	0.00255845048	0.000695386397	0.00148675508	0	100	0	0	3
151	79	0.225052676	1.48699933	-0.00874126672	-0.00445747538	-0.00973637332	0.00255845048	0.000599474376	0.00148675508	0	100	0	0	3
152	80	0.227197952	1.49684701	-0.0088604377	-0.00442959906	-0.00973637332	0.00255845048	0.000599474376	0.00148675508	0	100	0	0	3
153	80	0.229514109	1.50669468	-0.00906432405	-0.00442060448	-0.00966085616	0.00255845048	0.000599474376	0.00148675508	0	100	0	0	3
154	81	0.231545971	1.51654236	-0.00855866855	-0.00436902929	-0.00935610875	0.00255845048	0.000623460773	0.00148675508	0	100	0	0	3
155	81	0.233215696	1.52639004	-0.00680981937	-0.00429449676	-0.00935610875	0.00255845048	0.000697993304	0.00148675508	0	100	0	0	3
156	82	0.234725394	1.53623772	-0.00566075646	-0.00426307652	-0.00935610875	0.00255845048	0.000729413549	0.00148675508	0	100	0	0	3
157	82	0.235519424	1.54608539	-0.00517760726	-0.00423418768	-0.00935610875	0.00255845048	0.000758302383	0.00148675508	0	100	0	0	3
158	83	0.23625548	1.55593307	-0.00490979588	-0.00422801238	-0.00935610875	0.00255845048	0.000764477689	0.00148675508	0	100	0	0	3
159	83	0.237569661	1.56578075	-0.00508393233	-0.00423104563	-0.00935610875	0.00255845048	0.000764477689	0.00148675508	0	100	0	0	3
160	84	0.239155994	1.57562843	-0.00373433963	-0.00421921308	-0.00935610875	0.00255845048	0.000773276982	0.00148675508	0	100	0	0	3
161	85	0.24043853	1.58547611	-0.0023734071	-0.00421636482	-0.00935610875	0.00255845048	0.000776125249	0.00148675508	0	100	0	0	3
162	85	0.242322127	1.59532378	-0.00195043763	-0.00422383347	-0.00935610875	0.00255845048	0.000753525991	0.00148675508	0	100	0	0	3
163	86	0.243001981	1.60517146	-0.00258072171	-0.00428843679	-0.00935610875	0.00255845048	0.000747478234	0.00148675508	0	100	0	0	3
164	86	0.244357097	1.61501914	-0.000607945874	-0.00431051471	-0.00935610875	0.00255845048	0.000699702011	0.00148675508	0	100	0	0	3
165	87	0.245978951	1.62486682	-0.000347793226	-0.00434872769	-0.00935610875	0.00255845048	0.00062610272	0.00148675508	0	100	0	0	3
166	87	0.247628175	1.63471449	0.000276279675	-0.00440172502	-0.00935610875	0.00255845048	0.000550389924	0.00148675508	0	100	0	0	3
167	88	0.249366701	1.64456217	0.00188076585	-0.00439788523	-0.00935610875	0.0020788032	0.000550389924	0.00148675508	0	100	0	0	3
168	88	0.250394944	1.65440985	0.00230718679	-0.00447552269	-0.00935610875	0.00230718679	0.000550389924	0.00148675508	0	100	0	0	3
169	89	0.251970356	1.66425753	0.00152116053	-0.00449891912	-0.00935610875	0.00230718679	0.000550389924	0.00148675508	0	100	0	0	3
170	89	0.253991631	1.6741052	0.000325596192	-0.00449792704	-0.00935610875	0.00230718679	0.000550389924	0.00148675508	0	100	0	0	3
171	90	0.256099793	1.68395288	-0.000630013501	-0.00448533102	-0.00935610875	0.00230718679	0.000550389924	0.00148675508	0	100	0	0	3
172	90	0.258163303	1.69380056	-0.00202174059	-0.00447399603	-0.00935610875	0.00230718679	0.000550389924	0.00148675508	0	100	0	0	3
173	90	0.259569987	1.70364824	-0.00294327652	-0.00442901893	-0.00935610875	0.00230718679	0.000550389924	0.00148675508	0	100	0	0	3
174	91	0.261304905	1.71349592	-0.00406316291	-0.00437792962	-0.00935610875	0.00230718679	0.000550389924	0.00148675508	0	100	0	0	3
175	91	0.263038127	1.72334359	-0.00533046719	-0.00430116941	-0.00935610875	0.00230718679	0.000550389924	0.00148675508	0	100	0	0	3
176	92	0.264839712	1.73319127	-0.00663184009	-0.00423427965	-0.00935610875	0.00230718679	0.000550389924	0.00148675508	0	100	0	0	3
177	92	0.266903878	1.74303895	-0.00780686988	-0.00419187145	-0.00935610875	0.00230718679	0.000574883289	0.00148675508	0	100	0	0	3
178	92	0.269076562	1.75288663	-0.00823767968	-0.00414067951	-0.0092270022	0.00230718679	0.000619937444	0.00148675508	0	100	0	0	3
179	93	0.27137349	1.7627343	-0.00817597007	-0.00412429787	-0.00906432405	0.00230718679	0.000597979979	0.00148675508	0	100	0	0	3
180	93	0.273935377	1.77258198	-0.0081133357	-0.00415834496	-0.00906432405	0.00230718679	0.000556791374	0.00148675508	0	100	0	0	3
181	94	0.275552638	1.78242966	-0.00788603124	-0.00419027133	-0.00906432405	0.00230718679	0.000507193466	0.00148675508	0	100	0	0	3
182	94	0.277015968	1.79227734	-0.00740791226	-0.00422292335	-0.00906432405	0.00230718679	0.000480968878	0.00148675508	0	100	0	0	3
183	95	0.278957878	1.80212501	-0.00585756496	-0.00424084045	-0.00906432405	0.00230718679	0.000480968878	0.00148675508	0	100	0	0	3
184	96	0.280297539	1.81197269	-0.00522071432	-0.00422561725	-0.00906432405	0.00230718679	0.000480968878	0.00148675508	0	100	0	0	3
185	96	0.281075066	1.82182037	-0.00540805537	-0.00420870485	-0.00906432405	0.00230718679	0.000476529968	0.00148675508	0	100	0	0	3
186	97	0.282474639	1.83166805	-0.00555840676	-0.00422171961	-0.00906432405	0.00230718679	0.000454067014	0.00148675508	0	100	0	0	3
187	97	0.284209585	1.84151572	-0.00468774805	-0.00423562645	-0.00906432405	0.00230718679	0.00040986813	0.00148675508	0	100	0	0	3
188	98	0.285662823	1.8513634	-0.00346439109	-0.00425290394	-0.00906432405	0.00230718679	0.000374621249	0.00148675508	0	100	0	0	3
189	99	0.287204852	1.86121108	-0.00360578566	-0.00429371403	-0.00906432405	0.00230718679	0.000374621249	0.00148675508	0	100	0	0	3
190	99	0.28905929	1.87105876	-0.00300721801	-0.00432982135	-0.00906432405	0.00230718679	0.000374621249	0.00148675508	0	100	0	0	3
191	100	0.291057273	1.88090644	-0.00122492729	-0.00431836254	-0.00906432405	0.00230718679	0.000374621249	0.00148675508	0	100	0	0	3
192	100	0.293421037	1.89075411	0.00157218573	-0.00423189165	-0.00906432405	0.00230718679	0.000374621249	0.00148675508	0	100	0	0	3
193	101	0.294412116	1.90060179	0.00194167976	-0.00425504837	-0.00906432405	0.00230718679	0.000374621249	0.00148675508	0	100	0	0	3
194	101	0.29593171	1.91044947	0.000882213705	-0.0042396381	-0.00906432405	0.00230718679	0.000374621249	0.00148675508	0	100	0	0	3
195	102	0.297989554	1.92029715	0.000344504061	-0.00418491044	-0.00906432405	0.00230718679	0.000374621249	0.00148675508	0	100	0	0	3
196	102	0.30002087	1.93014482	-0.00127467967	-0.00417330894	-0.00906432405	0.00230718679	0.000374621249	0.00148675508	0	100	0	0	3
197	103	0.301770153	1.9399925	-0.00224814188	-0.00415394138	-0.00906432405	0.00230718679	0.000374621249	0.00148675508	0	100	0	0	3
198	103	0.304076905	1.94984018	-0.00369700433	-0.00412903975	-0.00906432405	0.00230718679	0.000374621249	0.00148675508	0	100	0	0	3
199	104	0.306531221	1.95968786	-0.00518076148	-0.00412038744	-0.00906432405	0.00230718679	0.000378531686	0.00148675508	0	100	0	0	3
200	104	0.307991719	1.96953553	-0.0062074071	-0.00408744057	-0.00906432405	0.00230718679	0.000411478549	0.00148675508	0	100	0	0	3
201	105	0.309913433	1.97938321	-0.00735593533	-0.00405910629	-0.00906432405	0.00230718679	0.000439812835	0.00148675508	0	100	0	0	3
202	105	0.312113462	1.98923089	-0.00846268871	-0.00404769123	-0.00906432405	0.00230718679	0.000451227893	0.00148675508	0	100	0	0	3
203	106	0.314383637	1.99907857	-0.00890451354	-0.00405573341	-0.00906432405	0.00230718679	0.000451227893	0.00148675508	0	100	0	0	3
204	106	0.316633241	2.00892625	-0.00914648418	-0.00405402877	-0.00914648418	0.00230718679	0.000451227893	0.00148675508	0	100	0	0	3
205	107	0.319110964	2.01877392	-0.00905317818	-0.0040909579	-0.00914648418	0.00230718679	0.000451227893	0.00148675508	0	100	0	0	3
206	107	0.320627765	2.0286216	-0.00891453208	-0.00412272303	-0.00914648418	0.00230718679	0.000451227893	0.00148675508	0	100	0	0	3
207	108	0.322220094	2.03846928	-0.00785665422	-0.00416413901	-0.00914648418	0.00230718679	0.000451227893	0.00148675508	0	100	0	0	3
208	108	0.323871002	2.04831696	-0.00636380963	-0.00419613312	-0.00914648418	0.00230718679	0.000451227893	0.00148675508	0	100	0	0	3
209	109	0.324941597	2.05816463	-0.0056938221	-0.00420828973	-0.00914648418	0.00230718679	0.000451227893	0.00148675508	0	100	0	0	3
210	109	0.325697804	2.06801231	-0.00634636472	-0.00421357832	-0.00914648418	0.00230718679	0.000451227893	0.00148675508	0	100	0	0	3
211	110	0.327008689	2.07785999	-0.00704879128	-0.00426453717	-0.00914648418	0.00230718679	0.000451227893	0.00148675508	0	100	0	0	3
212	111	0.32850683	2.08770767	-0.00696751314	-0.0043380583	-0.00914648418	0.00230718679	0.000451227893	0.00148675508	0	100	0	0	3
213	111	0.329909241	2.09755534	-0.00714320504	-0.00443432	-0.00914648418	0.00230718679	0.000451227893	0.00148675508	0	100	0	0	3
214	112	0.331895746	2.10740302	-0.00568594918	-0.0044764663	-0.00914648418	0.00230718679	0.000451227893	0.00148675508	0	100	0	0	3
215	112	0.334051683	2.1172507	-0.00641878156	-0.00458159866	-0.00914648418	0.00230718679	0.000533907428	0.00148675508	0	100	0	0	3
216	113	0.336300334	2.12709838	-0.00757145324	-0.00473205863	-0.00914648418	0.00230718679	0.000684367403	0.00148675508	0	100	0	0	3
217	114	0.338021426	2.13694606	-0.00659504829	-0.00485890715	-0.00914648418	0.00230718679	0.000811215927	0.00148675508	0	100	0	0	3
218	114	0.340321587	2.14679373	-0.00425968032	-0.00497257644	-0.00914648418	0.00230718679	0.000924885208	0.00148675508	0	100	0	0	3
219	115	0.342299004	2.15664141	-0.00377752043	-0.00502831113	-0.00914648418	0.00194167976	0.0009806199	0.00148675508	0	100	0	0	3
220	115	0.344642652	2.16648909	-0.00515149079	-0.00514276607	-0.00914648418	0.00194167976	0.00109507484	0.00148675508	0	100	0	0	3
221	116	0.346528518	2.17633677	-0.00521808817	-0.00526374606	-0.00914648418	0.00194167976	0.00121605483	0.00148675508	0	100	0	0	3
222	116	0.348757601	2.18618444	-0.00552090251	-0.00537535979	-0.00914648418	0.00194167976	0.00132766856	0.00148675508	0	100	0	0	3
223	117	0.350277587	2.19603212	-0.00636096275	-0.00546674986	-0.00914648418	0.00194167976	0.00141905863	0.00148675508	0	100	0	0	3
224	117	0.352196476	2.2058798	-0.00732592165	-0.00554358828	-0.00914648418	0.00194167976	0.00149589705	0.00148675508	0	99.3	0	0	3
225	117	0.354243375	2.21572748	-0.00848704742	-0.00563605141	-0.00914648418	0.00194167976	0.00158836018	0.00148675508	0	93.6	0	0	3
226	118	0.356394151	2.22557515	-0.00950932737	-0.00573095896	-0.00950932737	0.00194167976	0.00168326774	0.00148675508	0	88.3	0	0	3
227	118	0.358612458	2.23542283	-0.0101943355	-0.00581923758	-0.0101943355	0.00194167976	0.00177154635	0.00148675508	0	83.9	0	0	3
228	119	0.360939043	2.24527051	-0.0102486176	-0.00588519719	-0.0102486176	0.00194167976	0.00183750597	0.00148675508	0	80.9	0	0	3
229	119	0.363409928	2.25511819	-0.0106907341	-0.00595688689	-0.0106907341	0.00194167976	0.00190919566	0.00148675508	0	77.8	0	0	3
230	120	0.365325073	2.26496586	-0.010096218	-0.00598701246	-0.0106907341	0.00194167976	0.00193932123	0.00148675508	0	76.6	0	0	3
231	120	0.367105982	2.27481354	-0.00882227232	-0.00598274008	-0.0106907341	0.00194167976	0.00193932123	0.00148675508	0	76.6	0	0	3
232	121	0.369073136	2.28466122	-0.00661213179	-0.00596306516	-0.0106907341	0.00194167976	0.00193932123	0.00148675508	0	76.6	0	0	3
233	121	0.369994897	2.2945089	-0.00677368315	-0.00594836192	-0.0106907341	0.00194167976	0.00193932123	0.00148675508	0	76.6	0	0	3
234	122	0.37079848	2.30435658	-0.00684549369	-0.00595813144	-0.0106907341	0.00194167976	0.00193932123	0.00148675508	0	76.6	0	0	3
235	122	0.372097242	2.31420425	-0.00666698381	-0.00597892149	-0.0106907341	0.00194167976	0.00193932123	0.00148675508	0	76.6	0	0	3
236	123	0.373698776	2.32405193	-0.00495590594	-0.0059660249	-0.0106907341	0.00194167976	0.00193932123	0.00148675508	0	76.6	0	0	3
237	124	0.375455626	2.33389961	-0.00289674964	-0.00591416737	-0.0106907341	0.00194167976	0.00193932123	0.00148675508	0	76.6	0	0	3
238	124	0.377137377	2.34374729	-0.00251729332	-0.00587558981	-0.0106907341	0.00194167976	0.00193932123	0.00148675508	0	76.6	0	0	3
239	125	0.379110881	2.35359496	-0.00128916483	-0.00581622761	-0.0106907341	0.00194167976	0.00193932123	0.00148675508	0	76.6	0	0	3
240	125	0.380964403	2.36344264	-0.00292507762	-0.00579542714	-0.0106907341	0.00194167976	0.00193932123	0.00148675508	0	76.6	0	0	3
241	126	0.381844925	2.37329032	-0.000776878255	-0.0058035277	-0.0106907341	0.00194167976	0.00193932123	0.00148675508	0	76.6	0	0	3
242	126	0.383279984	2.383138	-0.000464373332	-0.00581964048	-0.0106907341	0.00194167976	0.00193932123	0.00148675508	0	76.6	0	0	3
243	127	0.385029176	2.39298567	0.000401105672	-0.00589159107	-0.0106907341	0.00194167976	0.00193932123	0.00148675508	0	76.6	0	0	3
244	127	0.386170795	2.40283335	0.000979788458	-0.00589070708	-0.0106907341	0.000979788458	0.00193932123	0.00148675508	0	76.6	0	0	3
245	128	0.388037756	2.41268103	0.000381627926	-0.00587531055	-0.0106907341	0.000979788458	0.00193932123	0.00148675508	0	76.6	0	0	3
246	128	0.389759062	2.42252871	-0.00079715781	-0.00591953385	-0.0106907341	0.000979788458	0.00193932123	0.00148675508	0	76.6	0	0	3
247	129	0.392122905	2.43237639	-0.00207130366	-0.00592320972	-0.0106907341	0.000979788458	0.00193932123	0.00148675508	0	76.6	0	0	3
248	129	0.394057959	2.44222406	-0.00295076992	-0.00593054443	-0.0106907341	0.000979788458	0.00193932123	0.00148675508	0	76.6	0	0	3
249	129	0.396442103	2.45207174	-0.00468033518	-0.00595405484	-0.0106907341	0.000979788458	0.00193932123	0.00148675508	0	76.6	0	0	3
250	130	0.398332174	2.46191942	-0.00588427541	-0.00597329231	-0.0106907341	0.000979788458	0.00193932123	0.00148675508	0	76.6	0	0	3
251	130	0.400379783	2.4717671	-0.00737464908	-0.0060006498	-0.0106907341	0.000979788458	0.00195295857	0.00148675508	0	76.1	0	0	3
252	131	0.402541853	2.48161477	-0.00853704978	-0.00603173534	-0.0106907341	0.000979788458	0.00198404412	0.00148675508	0	74.9	0	0	3
253	131	0.404844958	2.49146245	-0.00878539248	-0.0060424522	-0.0106907341	0.000979788458	0.00198842344	0.00148675508	0	74.7	0	0	3
254	132	0.407077803	2.50131013	-0.00887241705	-0.00604052648	-0.0106907341	0.000979788458	0.00198842344	0.00148675508	0	74.7	0	0	3
255	132	0.409226702	2.51115781	-0.0090187965	-0.00603418506	-0.0106907341	0.000979788458	0.0019514943	0.00148675508	0	76.1	0	0	3
256	133	0.411012238	2.52100548	-0.00861454556	-0.00600292431	-0.0106907341	0.000979788458	0.00191972917	0.00148675508	0	77.4	0	0	3
257	133	0.412651689	2.53085316	-0.0065687433	-0.00596501353	-0.0106907341	0.000979788458	0.00187831319	0.00148675508	0	79.1	0	0	3
258	134	0.414039595	2.54070084	-0.00556204693	-0.00592611773	-0.0106907341	0.000979788458	0.00184631909	0.00148675508	0	80.5	0	0	3
259	134	0.414904591	2.55054852	-0.00509674314	-0.00591029945	-0.0106907341	0.000979788458	0.00183416247	0.00148675508	0	81	0	0	3
260	135	0.415663867	2.5603962	-0.00504727246	-0.00590563118	-0.0106907341	0.000979788458	0.00182887388	0.00148675508	0	81.2	0	0	3
261	135	0.417060584	2.57024387	-0.00498188211	-0.00588786134	-0.0106907341	0.000979788458	0.00177791503	0.00148675508	0	83.6	0	0	3
262	136	0.418507465	2.58009155	-0.00319747744	-0.00582868556	-0.0106907341	0.000979788458	0.00170439391	0.00148675508	0	87.2	0	0	3
263	137	0.419863107	2.58993923	-0.00273475083	-0.00576409896	-0.0106907341	0.000979788458	0.0016081322	0.00148675508	0	92.4	0	0	3
264	137	0.422012998	2.59978691	-0.00141087862	-0.00564148699	-0.0106907341	0.000979788458	0.00156598591	0.00148675508	0	94.9	0	0	3
265	138	0.423932942	2.60963458	-0.00113899384	-0.00554660299	-0.0106907341	0.000979788458	0.00146085355	0.00148675508	0	100	0	0	3
266	138	0.425981102	2.61948226	-0.00117520286	-0.00542875507	-0.0106907341	0.000979788458	0.00131039357	0.00148675508	0	100	0	0	3
267	139	0.428131582	2.62932994	0.00106879811	-0.00522412929	-0.0106907341	0.00106879811	0.00118354505	0.00148675508	0	100	0	0	3
268	139	0.429889041	2.63917762	0.0013681461	-0.00507233337	-0.0106907341	0.0013681461	0.00106987577	0.00148675508	0	100	0	0	3
269	140	0.432302609	2.64902529	0.000824576564	-0.00493792126	-0.0106907341	0.0013681461	0.00110453094	0.00148675508	0	100	0	0	3
270	140	0.433995917	2.65887297	-0.000276085377	-0.00487685785	-0.0106907341	0.0013681461	0.00116559435	0.00148675508	0	100	0	0	3
271	141	0.435663462	2.66872065	-0.000617276562	-0.0047917489	-0.0106907341	0.0013681461	0.0012507033	0.00148675508	0	100	0	0	3
272	141	0.438128817	2.67856833	-0.00218174898	-0.0047127252	-0.0106907341	0.0013681461	0.001329727	0.00148675508	0	100	0	0	3
273	142	0.439616462	2.688416	-0.00321572447	-0.0046683872	-0.0106907341	0.0013681461	0.00137406501	0.00148675508	0	100	0	0	3
274	142	0.442011498	2.69826368	-0.00494686403	-0.00464761265	-0.0106907341	0.0013681461	0.00139483955	0.00148675508	0	100	0	0	3
275	142	0.444105198	2.70811136	-0.00646794635	-0.00463316198	-0.0106907341	0.0013681461	0.00140929022	0.00148675508	0	100	0	0	3
276	143	0.446313	2.71795904	-0.00777007303	-0.00462270425	-0.0106907341	0.0013681461	0.00141974795	0.00148675508	0	100	0	0	3
277	143	0.448619499	2.72780672	-0.00851730995	-0.00460614563	-0.0106907341	0.0013681461	0.00143630657	0.00148675508	0	100	0	0	3
278	144	0.450992692	2.73765439	-0.008698494	-0.00457708755	-0.0106907341	0.0013681461	0.00146536465	0.00148675508	0	100	0	0	3
279	144	0.453402352	2.74750207	-0.00894711996	-0.00454826531	-0.0106907341	0.0013681461	0.00149418689	0.00148675508	0	99.5	0	0	3
280	145	0.455018683	2.75734975	-0.00879875419	-0.0044575847	-0.010096218	0.0013681461	0.0015848675	0.00148675508	0	93.8	0	0	3
281	145	0.456585211	2.76719743	-0.0078816752	-0.00439803113	-0.0090187965	0.0013681461	0.00164442107	0.00148675508	0	90.4	0	0	3
282	146	0.458416654	2.7770451	-0.00647451798	-0.00435339009	-0.0090187965	0.0013681461	0.00168906211	0.00148675508	0	88	0	0	3
283	146	0.459865935	2.78689278	-0.00541262432	-0.00432135931	-0.0090187965	0.0013681461	0.00172109289	0.00148675508	0	86.3	0	0	3
284	147	0.460740545	2.79674046	-0.00551499953	-0.00430795385	-0.0090187965	0.0013681461	0.00173449835	0.00148675508	0	85.7	0	0	3
285	147	0.462051284	2.80658814	-0.00616801354	-0.00431232555	-0.0090187965	0.0013681461	0.00173449835	0.00148675508	0	85.7	0	0	3
286	148	0.463694259	2.81643581	-0.00682085317	-0.00432393406	-0.0090187965	0.0013681461	0.00173449835	0.00148675508	0	85.7	0	0	3
287	149	0.465105493	2.82628349	-0.00616001273	-0.00434120864	-0.0090187965	0.0013681461	0.00173449835	0.00148675508	0	85.7	0	0	3
288	149	0.467016859	2.83613117	-0.00598861964	-0.00440331465	-0.0090187965	0.0013681461	0.00173449835	0.00148675508	0	85.7	0	0	3
289	150	0.469258165	2.84597885	-0.00619075517	-0.00448123431	-0.0090187965	0.0013681461	0.00173449835	0.00148675508	0	85.7	0	0	3
290	150	0.471384629	2.85582653	-0.00598840961	-0.00458423777	-0.0090187965	0.0013681461	0.00173449835	0.00148675508	0	85.7	0	0	3
291	151	0.473822845	2.8656742	-0.00319856193	-0.00458097164	-0.0090187965	0.0013681461	0.00173449835	0.00148675508	0	85.7	0	0	3
292	151	0.475580067	2.87552188	-0.00131886374	-0.00455555258	-0.0090187965	0.0013681461	0.00173449835	0.00148675508	0	85.7	0	0	3
293	152	0.476128108	2.88536956	-0.00175275728	-0.00460224213	-0.0090187965	0.0013681461	0.00173449835	0.00148675508	0	85.7	0	0	3
294	152	0.47797661	2.89521724	-0.003100043	-0.00466652571	-0.0090187965	0.0013681461	0.00173449835	0.00148675508	0	85.7	0	0	3
295	153	0.480382699	2.90506491	-0.00412417451	-0.00472109414	-0.0090187965	0.0013681461	0.00173449835	0.00148675508	0	85.7	0	0	3
296	153	0.482746721	2.91491259	-0.00507923485	-0.00483062164	-0.0090187965	0.0013681461	0.00173449835	0.00148675508	0	85.7	0	0	3
297	154	0.484778952	2.92476027	-0.00586624098	-0.00492583796	-0.0090187965	0.0013681461	0.00173449835	0.00148675508	0	85.7	0	0	3
298	154	0.48658917	2.93460795	-0.00730669683	-0.00504289079	-0.0090187965	0.0013681461	0.00173449835	0.00148675508	0	85.7	0	0	3
299	154	0.488824862	2.94445562	-0.00855700655	-0.00516851322	-0.0090187965	0.0013681461	0.00173449835	0.00148675508	0	85.7	0	0	3
300	155	0.491126294	2.9543033	-0.00942906514	-0.00528436421	-0.00942906514	0.0013681461	0.00173449835	0.00148675508	0	85.7	0	0	3
301	156	0.493391882	2.96415098	-0.00997586592	-0.0053842502	-0.00997586592	0.0013681461	0.00173449835	0.00148675508	0	85.7	0	0	3
302	156	0.495689739	2.97399866	-0.00982668836	-0.00544859323	-0.00997586592	0.0013681461	0.00173449835	0.00148675508	0	85.7	0	0	3
303	157	0.498097887	2.98384633	-0.0101156366	-0.00549632935	-0.0101156366	0.0013681461	0.00173449835	0.00148675508	0	85.7	0	0	3
304	157	0.500306773	2.99369401	-0.00962012747	-0.00551239799	-0.0101156366	0.0013681461	0.00173257263	0.00148675508	0	85.8	0	0	3
305	158	0.502130991	3.00354169	-0.00822021639	-0.00548543673	-0.0101156366	0.0013681461	0.00172623121	0.00148675508	0	86.1	0	0	3
306	158	0.503614384	3.01338937	-0.00638375122	-0.00541911157	-0.0101156366	0.0013681461	0.00169497046	0.00148675508	0	87.7	0	0	3
307	159	0.504484344	3.02323705	-0.00569939734	-0.00536067997	-0.0101156366	0.0013681461	0.00165705969	0.00148675508	0	89.7	0	0	3
308	160	0.505260466	3.03308472	-0.00607499731	-0.00534528009	-0.0101156366	0.0013681461	0.00161816388	0.00148675508	0	91.8	0	0	3
309	160	0.506543426	3.0429324	-0.00633718151	-0.00535578472	-0.0101156366	0.0013681461	0.0016023456	0.00148675508	0	92.7	0	0	3
310	161	0.507990591	3.05278008	-0.00572088329	-0.00536386787	-0.0101156366	0.0013681461	0.00159767733	0.00148675508	0	93	0	0	3
311	161	0.509267067	3.06262776	-0.00600698015	-0.00537520617	-0.0101156366	0.0013681461	0.00157990749	0.00148675508	0	94.1	0	0	3
312	162	0.51113124	3.07247543	-0.00370065174	-0.00534786187	-0.0101156366	0.0013681461	0.00152073171	0.00148675508	0	97.7	0	0	3
313	162	0.513007393	3.08232311	-0.00320672526	-0.0053382772	-0.0101156366	0.0013681461	0.00145614511	0.00148675508	0	100	0	0	3
314	163	0.51461242	3.09217079	-0.00317597809	-0.00533889886	-0.0101156366	0.0013681461	0.00133353314	0.00148675508	0	100	0	0	3
315	164	0.516824197	3.10201847	-0.00248915664	-0.00536148923	-0.0101156366	0.0013681461	0.00123864914	0.00148675508	0	100	0	0	3
316	164	0.5186657	3.11186614	-0.00213846585	-0.00538441423	-0.0101156366	0.0013681461	0.00120444414	0.00148675508	0	100	0	0	3
317	165	0.5205226	3.12171382	-0.0025149452	-0.00541924361	-0.0101156366	0.0013681461	0.00120444414	0.00148675508	0	100	0	0	3
318	165	0.522747632	3.1315615	-0.00394416463	-0.00553201842	-0.0101156366	0.0013681461	0.00122406457	0.00148675508	0	100	0	0	3
319	165	0.524174511	3.14140918	-0.00471747508	-0.00564830887	-0.0101156366	0.000824576564	0.00134035502	0.00148675508	0	100	0	0	3
320	166	0.526781183	3.15125686	-0.00520109431	-0.0058013278	-0.0101156366	-0.000276085377	0.00149337395	0.00148675508	0	99.5	0	0	3
321	166	0.528760267	3.16110453	-0.0058085977	-0.00590020806	-0.0101156366	-0.000617276562	0.00159225422	0.00148675508	0	93.3	0	0	3
322	167	0.53154552	3.17095221	-0.00685441876	-0.00601980544	-0.0101156366	-0.00131886374	0.00171185159	0.00148675508	0	86.8	0	0	3
323	167	0.534068896	3.18079989	-0.00817369211	-0.00617508192	-0.0101156366	-0.00131886374	0.00186712807	0.00148675508	0	79.6	0	0	3
324	167	0.536398255	3.19064757	-0.00912790761	-0.00629163964	-0.0101156366	-0.00131886374	0.00198368579	0.00148675508	0	74.9	0	0	3
325	168	0.538750656	3.20049524	-0.00963651294	-0.00640627024	-0.0101156366	-0.00131886374	0.00209831639	0.00148675508	0	70.8	0	0	3
326	168	0.541063819	3.21034292	-0.0098078294	-0.00648609016	-0.0101156366	-0.00131886374	0.00217813631	0.00148675508	0	68.2	0	0	3
327	169	0.543584287	3.2201906	-0.00990169199	-0.00654545131	-0.0101156366	-0.00131886374	0.00223749746	0.00148675508	0	66.4	0	0	3
328	169	0.545874955	3.23003828	-0.0092319261	-0.00656196178	-0.0101156366	-0.00131886374	0.00225400793	0.00148675508	0	65.9	0	0	3
329	170	0.547549833	3.23988595	-0.00769763083	-0.00652914913	-0.0101156366	-0.00131886374	0.00225400793	0.00148675508	0	65.9	0	0	3
330	171	0.549256592	3.24973363	-0.00492671574	-0.00643983169	-0.0101156366	-0.00131886374	0.00225400793	0.00148675508	0	65.9	0	0	3
331	171	0.549794778	3.25958131	-0.00485213032	-0.00639058638	-0.0101156366	-0.00131886374	0.00225400793	0.00148675508	0	65.9	0	0	3
332	172	0.550529333	3.26942899	-0.00551581501	-0.00635888242	-0.0101156366	-0.00131886374	0.00225400793	0.00148675508	0	65.9	0	0	3
333	172	0.552043577	3.27927667	-0.00577209183	-0.0063471302	-0.0101156366	-0.00131886374	0.00225400793	0.00148675508	0	65.9	0	0	3
334	173	0.553476127	3.28912434	-0.00530742148	-0.00634568728	-0.0101156366	-0.00131886374	0.00225400793	0.00148675508	0	65.9	0	0	3
335	174	0.555066348	3.29897202	-0.00306124276	-0.00629801774	-0.0101156366	-0.00131886374	0.00224963623	0.00148675508	0	66	0	0	3
336	174	0.556742259	3.3088197	-0.0036045178	-0.00625214575	-0.0101156366	-0.00131886374	0.00223802772	0.00148675508	0	66.4	0	0	3
337	175	0.557623641	3.31866738	-0.0029336262	-0.00621105899	-0.0101156366	-0.00131886374	0.00222075314	0.00148675508	0	66.9	0	0	3
338	175	0.559271209	3.32851505	-0.0033979358	-0.00616260425	-0.0101156366	-0.00131886374	0.00215864713	0.00148675508	0	68.8	0	0	3
339	176	0.561481298	3.33836273	-0.00227750195	-0.00607522882	-0.0101156366	-0.00131886374	0.00208072747	0.00148675508	0	71.4	0	0	3
340	176	0.562869689	3.34821041	-0.00121788159	-0.0060004215	-0.0101156366	-0.00121788159	0.0020064092	0.00148675508	0	74.1	0	0	3
341	177	0.564093185	3.35805809	-0.000387527614	-0.00592662234	-0.0101156366	-0.000387527614	0.0020064092	0.00148675508	0	74.1	0	0	3
342	177	0.565987028	3.36790576	0.000126976445	-0.00587440074	-0.0101156366	0.000126976445	0.0020064092	0.00148675508	0	74.1	0	0	3
343	178	0.567643863	3.37775344	-0.000973454156	-0.00587315193	-0.0101156366	0.000126976445	0.00195971965	0.00148675508	0	75.8	0	0	3
344	178	0.569202763	3.38760112	-0.00175371701	-0.00582841752	-0.0101156366	0.000126976445	0.00189543607	0.00148675508	0	78.4	0	0	3
345	179	0.571455384	3.3974488	-0.00292887244	-0.00581249764	-0.0101156366	0.000126976445	0.00184086764	0.00148675508	0	80.7	0	0	3
346	179	0.573201039	3.40729647	-0.00379309316	-0.0058182839	-0.0101156366	0.000126976445	0.00173134013	0.00148675508	0	85.8	0	0	3
347	180	0.575653264	3.41714415	-0.0053189842	-0.00582391034	-0.0101156366	0.000126976445	0.00163612382	0.00148675508	0	90.8	0	0	3
348	180	0.577470501	3.42699183	-0.00640386625	-0.00583435241	-0.0101156366	0.000126976445	0.00151907098	0.00148675508	0	97.8	0	0	3
349	180	0.579424364	3.43683951	-0.00760208118	-0.00584284741	-0.0101156366	0.000126976445	0.00139344856	0.00148675508	0	100	0	0	3
350	181	0.581693493	3.44668719	-0.00867847855	-0.00584679267	-0.0101156366	0.000126976445	0.00127759757	0.00148675508	0	100	0	0	3
351	181	0.584138893	3.45653486	-0.0089756705	-0.00584041718	-0.0101156366	0.000126976445	0.00122368457	0.00148675508	0	100	0	0	3
352	182	0.586440753	3.46638254	-0.00918331083	-0.00582242289	-0.0101156366	0.000126976445	0.00122368457	0.00148675508	0	100	0	0	3
353	182	0.588904881	3.47623022	-0.00940868233	-0.00581851553	-0.0101156366	0.000126976445	0.00122368457	0.00148675508	0	100	0	0	3
354	183	0.591197439	3.4860779	-0.00842471398	-0.00577154166	-0.00990169199	0.000126976445	0.00122368457	0.00148675508	0	100	0	0	3
355	183	0.592870848	3.49592557	-0.00665033165	-0.00569558875	-0.00990169199	0.000126976445	0.00122368457	0.00148675508	0	100	0	0	3
356	184	0.594391028	3.50577325	-0.00489590362	-0.00563249386	-0.00990169199	0.000126976445	0.00122368457	0.00148675508	0	100	0	0	3
357	184	0.595118242	3.51562093	-0.00516988738	-0.00561663853	-0.00990169199	0.000126976445	0.00122368457	0.00148675508	0	100	0	0	3
358	185	0.596349703	3.52546861	-0.0054486427	-0.00561360282	-0.00990169199	0.000126976445	0.00122368457	0.00148675508	0	100	0	0	3
359	186	0.597831642	3.53531628	-0.00392254167	-0.00558266286	-0.00990169199	0.000126976445	0.00122368457	0.00148675508	0	100	0	0	3
360	186	0.599342084	3.54516396	-0.00290880817	-0.00552871036	-0.00990169199	0.000126976445	0.00122368457	0.00148675508	0	100	0	0	3
361	187	0.601107265	3.55501164	-0.00144315337	-0.00544827523	-0.00990169199	0.000126976445	0.00122368457	0.00148675508	0	100	0	0	3
362	187	0.602457578	3.56485932	-0.000879069114	-0.00537441541	-0.00990169199	0.000126976445	0.00122368457	0.00148675508	0	100	0	0	3
363	188	0.604595389	3.574707	-0.0151798548	-0.00563207952	-0.0151798548	0.000126976445	0.00122368457	0.00148675508	0	100	0	0	3
364	188	0.604749723	3.58455467	-0.00783503488	-0.00568538455	-0.0151798548	0.000126976445	0.00122306292	0.00148675508	0	100	0	0	3
365	189	0.605013497	3.59440235	-0.00805841158	-0.00573686189	-0.0151798548	0.000126976445	0.00120047255	0.00148675508	0	100	0	0	3
366	190	0.60579408	3.60425003	-0.000817084762	-0.00577443537	-0.0151798548	0.000126976445	0.00118754637	0.00148675508	0	100	0	0	3
367	190	0.60650495	3.61409771	0.00585664424	-0.00575653293	-0.0151798548	0.00585664424	0.00118754637	0.00148675508	0	100	0	0	3
368	191	0.607174665	3.62394538	0.00698141569	-0.00572754927	-0.0151798548	0.00698141569	0.00118754637	0.00148675508	0	100	0	0	3
369	191	0.607909576	3.63379306	0.00703223388	-0.00566403256	-0.0151798548	0.00703223388	0.00118754637	0.00148675508	0	100	0	0	3
370	192	0.608822469	3.64364074	0.00635884826	-0.00555032653	-0.0151798548	0.00703223388	0.00118754637	0.00148675508	0	100	0	0	3
371	193	0.609358771	3.65348842	0.00512336503	-0.00549203	-0.0151798548	0.00703223388	0.00118754637	0.00148675508	0	100	0	0	3
372	193	0.610302085	3.66333609	0.00408575264	-0.00537354635	-0.0151798548	0.00703223388	0.00118841542	0.00148675508	0	100	0	0	3
373	194	0.611575686	3.67318377	0.00252517714	-0.00519630789	-0.0151798548	0.00703223388	0.00136565389	0.00148675508	0	100	0	0	3
374	194	0.612800877	3.68303145	0.000937319598	-0.00500543341	-0.0151798548	0.00703223388	0.00155652836	0.00148675508	0	95.5	0	0	3
375	195	0.614903301	3.69287913	-0.00116379632	-0.00478023166	-0.0151798548	0.00703223388	0.00178173011	0.00148675508	0	83.4	0	0	3
376	195	0.61651004	3.70272681	-0.00232436378	-0.00458257247	-0.0151798548	0.00703223388	0.00197938931	0.00148675508	0	75.1	0	0	3
377	195	0.618395557	3.71257448	-0.0034848762	-0.00439950926	-0.0151798548	0.00703223388	0.00216245252	0.00148675508	0	68.7	0	0	3
378	196	0.620874126	3.72242216	-0.00526687865	-0.00424789501	-0.0151798548	0.00703223388	0.00231406677	0.00148675508	0	64.2	0	0	3
379	196	0.62237309	3.73226984	-0.00609285815	-0.00413480429	-0.0151798548	0.00703223388	0.00239434484	0.00148675508	0	62	0	0	3
380	197	0.624258452	3.74211752	-0.00659908133	-0.00411758008	-0.0151798548	0.00703223388	0.00232225161	0.00148675508	0	64	0	0	3
381	197	0.626550955	3.75196519	-0.00762198239	-0.0042036517	-0.0151798548	0.00703223388	0.0022730063	0.00148675508	0	65.4	0	0	3
382	197	0.629063703	3.76181287	-0.00800681043	-0.00431980539	-0.0151798548	0.00703223388	0.00224130234	0.00148675508	0	66.3	0	0	3
383	198	0.631323472	3.77166055	-0.00808560018	-0.00441425892	-0.0151798548	0.00703223388	0.00222955012	0.00148675508	0	66.6	0	0	3
384	198	0.633167365	3.78150823	-0.00824615965	-0.00447601053	-0.0151798548	0.00703223388	0.0022281072	0.00148675508	0	66.7	0	0	3
385	199	0.635125776	3.7913559	-0.00843264993	-0.00455632547	-0.0151798548	0.00703223388	0.00218043766	0.00148675508	0	68.1	0	0	3
386	199	0.637346428	3.80120358	-0.00654973081	-0.00463902073	-0.0151798548	0.00703223388	0.00213456567	0.00148675508	0	69.6	0	0	3
387	200	0.638697066	3.81105126	-0.00557900291	-0.00467566666	-0.0151798548	0.00703223388	0.00209347891	0.00148675508	0	71	0	0	3
388	200	0.639704412	3.82089894	-0.00509875443	-0.00469956505	-0.0151798548	0.00703223388	0.00204502417	0.00148675508	0	72.7	0	0	3
389	201	0.640621587	3.83074661	-0.00468548065	-0.00472576783	-0.0151798548	0.00703223388	0.00195764874	0.00148675508	0	75.9	0	0	3
390	202	0.64220789	3.84059429	-0.0039512512	-0.00477757562	-0.0151798548	0.00703223388	0.00188284142	0.00148675508	0	78.9	0	0	3
391	202	0.643512816	3.85044197	-0.00364124964	-0.00482047357	-0.0151798548	0.00703223388	0.00180904226	0.00148675508	0	82.1	0	0	3
392	203	0.645084605	3.86028965	-0.00251292045	-0.0048426575	-0.0151798548	0.00703223388	0.00175682066	0.00148675508	0	84.6	0	0	3
393	203	0.646413773	3.87013733	-0.00218169452	-0.00491570332	-0.0151798548	0.00703223388	0.00175557185	0.00148675508	0	84.6	0	0	3
394	204	0.648084672	3.879985	-0.00288550145	-0.00495473072	-0.0151798548	0.00703223388	0.00172921259	0.00148675508	0	85.9	0	0	3
395	204	0.650078548	3.88983268	-0.00315948426	-0.00497217178	-0.0151798548	0.00703223388	0.00172921259	0.00148675508	0	85.9	0	0	3
396	205	0.652544776	3.89968036	-0.00195716099	-0.00493723596	-0.0151798548	0.00703223388	0.00172921259	0.00148703008	0	85.9	0	0	3
397	206	0.654247188	3.90952804	-0.000999618432	-0.00487916821	-0.0151798548	0.00703223388	0.00172921259	0.00149023232	0	86.1	0	0	3
398	206	0.656474118	3.91937571	-0.00112846383	-0.00476247697	-0.0151798548	0.00703223388	0.00172921259	0.00149341292	0	86.3	0	0	3
399	206	0.658702656	3.92922339	-0.00172558701	-0.004642443	-0.0151798548	0.00703223388	0.00172921259	0.00149657211	0	86.5	0	0	3
400	207	0.661117562	3.93907107	-0.00283783232	-0.00451831159	-0.0151798548	0.00703223388	0.00172921259	0.00149971009	0	86.7	0	0	3
401	208	0.662879173	3.94891875	-0.00349044828	-0.00437973231	-0.0151798548	0.00703223388	0.0017228371	0.00150282708	0	87.2	0	0	3
402	208	0.665469012	3.95876642	-0.00485984077	-0.00425683195	-0.0151798548	0.00703223388	0.00170484281	0.00150592329	0	88.3	0	0	3
403	209	0.666963497	3.9686141	-0.00606264109	-0.0041495168	-0.0151798548	0.00703223388	0.00170093545	0.00150899893	0	88.7	0	0	3
404	209	0.668931815	3.97846178	-0.00757990025	-0.00407195324	-0.0151798548	0.00703223388	0.00170248213	0.0015120542	0	88.8	0	0	3
405	209	0.671209937	3.98830946	-0.00861232508	-0.00407650962	-0.0151798548	0.00703223388	0.00170248213	0.00151508931	0	88.9	0	0	3
406	210	0.673579048	3.99815714	-0.00913347325	-0.00417158607	-0.0151798548	0.00703223388	0.00170248213	0.00151810444	0	89.1	0	0	3
407	210	0.675825023	4.00800481	-0.0094167787	-0.0043027288	-0.0151798548	0.00703223388	0.00170248213	0.00152109981	0	89.3	0	0	3
408	211	0.678337624	4.01785249	-0.00951680852	-0.00445257723	-0.0151798548	0.00703223388	0.00170248213	0.00152407559	0	89.5	0	0	3
409	211	0.680470045	4.02770017	-0.00901651417	-0.00455368977	-0.0151798548	0.00703223388	0.00170248213	0.00152703199	0	89.6	0	0	3
410	212	0.682214492	4.03754785	-0.00767630387	-0.00462932783	-0.0151798548	0.00703223388	0.00170248213	0.0015299692	0	89.8	0	0	3
411	213	0.684193981	4.04739552	-0.0041109395	-0.00464786131	-0.0151798548	0.00703223388	0.00170248213	0.00153288739	0	90	0	0	3
412	213	0.68459948	4.0572432	-0.00499594655	-0.00471730535	-0.0151798548	0.00703223388	0.00170248213	0.00153578675	0	90.2	0	0	3
413	214	0.685562188	4.06709088	-0.00537830737	-0.00478732763	-0.0151798548	0.00703223388	0.00170248213	0.00153866747	0	90.3	0	0	3
414	214	0.687104287	4.07693856	-0.00407643931	-0.00450477004	-0.00951680852	0.00703223388	0.00170248213	0.00154152973	0	90.5	0	0	3
415	215	0.688051211	4.08678623	-0.00311938965	-0.0044828518	-0.00951680852	0.00703223388	0.00170248213	0.00154437369	0	90.7	0	0	3
416	215	0.689657752	4.09663391	-0.00117271954	-0.00440888334	-0.00951680852	0.00703223388	0.00170248213	0.00154719954	0	90.8	0	0	3
417	216	0.691124619	4.10648159	-0.000247986707	-0.0043702127	-0.00951680852	0.00703223388	0.00168457969	0.00155000745	0	92	0	0	3
418	216	0.692529646	4.11632927	0.000309680456	-0.00437828697	-0.00951680852	0.00703223388	0.00165559603	0.00155279759	0	93.7	0	0	3
419	217	0.694401072	4.12617695	0.000202564903	-0.00436722429	-0.00951680852	0.00703223388	0.00159207932	0.00155557012	0	97.7	0	0	3
420	217	0.69669175	4.13602462	0.000717558921	-0.0043303923	-0.00951680852	0.00635884826	0.00147837329	0.00155832522	0	100	0	0	3
421	218	0.698502854	4.1458723	0.00115778358	-0.00432836818	-0.00951680852	0.00512336503	0.00142007676	0.00156106304	0	100	0	0	3
422	218	0.701076732	4.15571998	0.00120505971	-0.00422835086	-0.00951680852	0.00408575264	0.00130159311	0.00156378375	0	100	0	0	3
423	219	0.703168134	4.16556766	-0.000169927379	-0.00422140556	-0.00951680852	0.00252517714	0.00112435465	0.00156648751	0	100	0	0	3
424	219	0.705123012	4.17541533	-0.00110234758	-0.00424807735	-0.00951680852	0.00120505971	0.000933480175	0.00156917448	0	100	0	0	3
425	220	0.707397988	4.18526301	-0.00259687909	-0.00427552709	-0.00951680852	0.00120505971	0.000900218544	0.00157184481	0	100	0	0	3
426	220	0.70945682	4.19511069	-0.00431872284	-0.00434565785	-0.00951680852	0.00120505971	0.000900218544	0.00157449865	0	100	0	0	3
427	220	0.711170462	4.20495837	-0.00569560622	-0.0044044049	-0.00951680852	0.00120505971	0.000900218544	0.00157713616	0	100	0	0	3
428	221	0.71342138	4.21480604	-0.00709468349	-0.00448637614	-0.00951680852	0.00120505971	0.000900218544	0.0015797575	0	100	0	0	3
429	221	0.715734192	4.22465372	-0.00831161928	-0.00455924707	-0.00951680852	0.00120505971	0.000900218544	0.0015823628	0	100	0	0	3
430	222	0.718107104	4.2345014	-0.00886515126	-0.00464196273	-0.00951680852	0.00120505971	0.000900218544	0.00158495221	0	100	0	0	3
431	222	0.720405019	4.24434908	-0.00915466331	-0.00471143921	-0.00951680852	0.00120505971	0.000900218544	0.00158752588	0	100	0	0	3
432	223	0.722879423	4.25419675	-0.00913344973	-0.0047557606	-0.00951680852	0.00120505971	0.000900218544	0.00159008396	0	100	0	0	3
433	223	0.724346657	4.26404443	-0.00875663868	-0.0047316341	-0.00951680852	0.00120505971	0.000900218544	0.00159262658	0	100	0	0	3
434	224	0.725835935	4.27389211	-0.00805625831	-0.0047038293	-0.00951680852	0.00120505971	0.000900218544	0.00159515388	0	100	0	0	3
435	224	0.72765794	4.28373979	-0.00629873421	-0.00466545771	-0.00951680852	0.00120505971	0.000900218544	0.001597666	0	100	0	0	3
436	225	0.729006274	4.29358747	-0.00591228964	-0.00460477884	-0.00951680852	0.00120505971	0.000900218544	0.00160016308	0	100	0	0	3
437	225	0.729786594	4.30343514	-0.00577377279	-0.00456792395	-0.00951680852	0.00120505971	0.000900218544	0.00160264525	0	100	0	0	3
438	226	0.731188322	4.31328282	-0.00558100851	-0.00456851284	-0.00951680852	0.00120505971	0.000900218544	0.00160511265	0	100	0	0	3
439	226	0.732665908	4.3231305	-0.00518148854	-0.00457251006	-0.00951680852	0.00120505971	0.000900218544	0.0016075654	0	100	0	0	3
440	227	0.734232939	4.33297818	-0.00535079754	-0.00458443155	-0.00951680852	0.00120505971	0.000900218544	0.00161000364	0	100	0	0	3
441	228	0.734913743	4.34282585	-0.00343027028	-0.00458679016	-0.00951680852	0.00120505971	0.000900218544	0.0016124275	0	100	0	0	3
442	228	0.736116205	4.35267353	-0.00128885029	-0.00455729033	-0.00951680852	0.00120505971	0.000900218544	0.0016148371	0	100	0	0	3
443	229	0.737347043	4.36252121	0.0014171802	-0.00451241519	-0.00951680852	0.0014171802	0.000900218544	0.00161723256	0	100	0	0	3
444	229	0.737727154	4.37236889	0.00582342899	-0.00450331639	-0.00951680852	0.00582342899	0.000900218544	0.00161961402	0	100	0	0	3
445	230	0.738110507	4.38221656	0.005491322	-0.00449078363	-0.00951680852	0.00582342899	0.000900218544	0.00162198159	0	100	0	0	3
446	230	0.738604203	4.39206424	0.00667853343	-0.00445847882	-0.00951680852	0.00667853343	0.000865282721	0.00162433539	0	100	0	0	3
447	231	0.739056507	4.40191192	0.00539314768	-0.00447827835	-0.00951680852	0.00667853343	0.00080721497	0.00162667555	0	100	0	0	3
448	231	0.739593325	4.4117596	0.00712626509	-0.00447467629	-0.00951680852	0.00712626509	0.000715374385	0.00162903194	0	100	0	0	3
449	232	0.740188349	4.42160728	0.00546726678	-0.00449302551	-0.00951680852	0.00712626509	0.000715374385	0.00163137474	0	100	0	0	3
450	232	0.740841668	4.43145495	0.00625158011	-0.004482649	-0.00951680852	0.00712626509	0.000715374385	0.00163370408	0	100	0	0	3
451	233	0.741537722	4.44130263	0.00447601153	-0.00445450145	-0.00951680852	0.00712626509	0.000715374385	0.00163602007	0	100	0	0	3
452	233	0.742263344	4.45115031	0.00289759282	-0.00440869193	-0.00951680852	0.00712626509	0.000715374385	0.00163832283	0	100	0	0	3
453	234	0.743055513	4.46099799	0.00270573525	-0.0043209932	-0.00951680852	0.00712626509	0.000715374385	0.00164061246	0	100	0	0	3
454	235	0.743961924	4.47084566	0.00306447067	-0.00420024882	-0.00951680852	0.00712626509	0.000715374385	0.00164288909	0	100	0	0	3
455	235	0.7450504	4.48069334	0.00321507793	-0.00400681857	-0.00951680852	0.00712626509	0.000780509058	0.00164515282	0	100	0	0	3
456	236	0.746090557	4.49054102	0.00324186222	-0.00376601294	-0.00951680852	0.00712626509	0.00102131468	0.00164740375	0	100	0	0	3
457	236	0.747487991	4.5003887	0.00291860697	-0.00346757251	-0.00951680852	0.00712626509	0.00131975511	0.00164964201	0	100	0	0	3
458	237	0.749122624	4.51023637	0.00212434001	-0.00316057072	-0.00951680852	0.00712626509	0.0016267569	0.00165186769	0	100	0	0	3
459	237	0.750881762	4.52008405	0.000425232673	-0.00285346649	-0.00915466331	0.00712626509	0.00193386114	0.00165408091	0	85.5	0	0	3
460	238	0.752789925	4.52993173	-0.00176281769	-0.00264296624	-0.00915466331	0.00712626509	0.00214436138	0.00165628175	0	77.2	0	0	3
461	238	0.7548993	4.53977941	-0.00295906143	-0.00253133875	-0.00915466331	0.00712626509	0.00225598888	0.00165847034	0	73.5	0	0	3
462	239	0.756629563	4.54962709	-0.00418083596	-0.00252757348	-0.00915466331	0.00712626509	0.00225975415	0.00166064677	0	73.4	0	0	3
463	239	0.759581053	4.55947476	-0.00650455942	-0.00267077011	-0.00915466331	0.00712626509	0.00225975415	0.00166281114	0	73.5	0	0	3
464	239	0.761945809	4.56932244	-0.00765382582	-0.00279091555	-0.00915466331	0.00712626509	0.00222818712	0.00166496356	0	74.7	0	0	3
465	240	0.764513393	4.57917012	-0.00780935383	-0.00293176281	-0.00915466331	0.00712626509	0.00222818712	0.00166539621	0	74.7	0	0	3
466	240	0.76691102	4.5890178	-0.00837219519	-0.00309491887	-0.00915466331	0.00712626509	0.00222818712	0.00166582649	0	74.7	0	0	3
467	241	0.769229703	4.59886547	-0.00807276232	-0.00327877931	-0.00915466331	0.00712626509	0.00222818712	0.00166625441	0	74.7	0	0	3
468	241	0.771482103	4.60871315	-0.00651379827	-0.00342478099	-0.00915466331	0.00712626509	0.00222818712	0.00166667999	0	74.7	0	0	3
469	242	0.773692216	4.61856083	-0.0034137914	-0.00348913	-0.00915466331	0.00712626509	0.00222818712	0.00166710325	0	74.8	0	0	3
470	242	0.774176578	4.62840851	-0.00392721469	-0.00357839206	-0.00915466331	0.00712626509	0.00222818712	0.00166752421	0	74.8	0	0	3
471	243	0.775158476	4.63825618	-0.00368509558	-0.00370513894	-0.00915466331	0.00712626509	0.00222818712	0.00166794289	0	74.8	0	0	3
472	243	0.776687872	4.64810386	-0.00344961779	-0.00381278701	-0.00915466331	0.00712626509	0.00222818712	0.00166835931	0	74.8	0	0	3
473	244	0.778125409	4.65795154	-0.00252463302	-0.00395637877	-0.00915466331	0.00712626509	0.00222818712	0.00166877348	0	74.8	0	0	3
474	245	0.780055667	4.66779922	-0.000621482197	-0.00397565083	-0.00915466331	0.00712626509	0.00222818712	0.00166918543	0	74.9	0	0	3
475	245	0.78134454	4.67764689	-0.000523013016	-0.00399096077	-0.00915466331	0.00712626509	0.00222818712	0.00166959516	0	74.9	0	0	3
476	246	0.783481958	4.68749457	-0.00101943841	-0.00394916637	-0.00915466331	0.00712626509	0.00222818712	0.00167000271	0	74.9	0	0	3
477	246	0.785409597	4.69734225	-0.000529156693	-0.00385235099	-0.00915466331	0.00712626509	0.00222818712	0.00167040808	0	74.9	0	0	3
478	247	0.787282143	4.70718993	0.000527027755	-0.00370310622	-0.00915466331	0.00712626509	0.00222818712	0.00167081129	0	74.9	0	0	3
479	247	0.788987909	4.71703761	0.000916079813	-0.00349781146	-0.00915466331	0.00712626509	0.00222818712	0.00167121237	0	75	0	0	3
480	248	0.790510852	4.72688528	0.000989252823	-0.00325753625	-0.00915466331	0.00712626509	0.00222818712	0.00167161133	0	75	0	0	3
481	248	0.791651332	4.73673296	0.000167230703	-0.00302349674	-0.00915466331	0.00712626509	0.00222818712	0.00167200817	0	75	0	0	3
482	249	0.793359514	4.74658064	-0.00148557026	-0.0027943682	-0.00913344973	0.00712626509	0.00222818712	0.00167240293	0	75	0	0	3
483	249	0.795702445	4.75642832	-0.00293678673	-0.00258355892	-0.00875663868	0.00712626509	0.00220406062	0.00167279562	0	75.8	0	0	3
484	250	0.797479181	4.76627599	-0.0039075055	-0.00249187536	-0.00837219519	0.00712626509	0.00221195394	0.00167318626	0	75.6	0	0	3
485	250	0.799929376	4.77612367	-0.00507727185	-0.00246552771	-0.00837219519	0.00712626509	0.00219993001	0.00167357485	0	76	0	0	3
486	250	0.802040252	4.78597135	-0.00637466605	-0.00248256921	-0.00837219519	0.00712626509	0.00213925113	0.00167396142	0	78.2	0	0	3
487	251	0.804639606	4.79581903	-0.00790239265	-0.00260769433	-0.00837219519	0.00712626509	0.00212126245	0.00167434598	0	78.9	0	0	3
488	251	0.806788553	4.8056667	-0.00886880871	-0.0027503433	-0.00886880871	0.00712626509	0.00212126245	0.00167472854	0	78.9	0	0	3
489	252	0.809094829	4.81551438	-0.00893928193	-0.00288262464	-0.00893928193	0.00712626509	0.00212126245	0.00167510913	0	78.9	0	0	3
490	252	0.811427304	4.82536206	-0.00926220321	-0.00302842501	-0.00926220321	0.00712626509	0.00212126245	0.00167548776	0	78.9	0	0	3
491	252	0.813819378	4.83520974	-0.00949417816	-0.00317703485	-0.00949417816	0.00712626509	0.00212126245	0.00167586445	0	79	0	0	3
492	253	0.81600343	4.84505742	-0.00820882378	-0.00331043385	-0.00949417816	0.00712626509	0.00209176262	0.0016762392	0	80.1	0	0	3
493	254	0.817764599	4.85490509	-0.00606301946	-0.00339958006	-0.00949417816	0.00712626509	0.00204688748	0.00167661203	0	81.9	0	0	3
494	254	0.818634681	4.86475277	-0.00589340035	-0.00349920752	-0.00949417816	0.00712626509	0.00203778868	0.00167698296	0	82.2	0	0	3
495	255	0.819431725	4.87460045	-0.00596671219	-0.00356664977	-0.00949417816	0.00712626509	0.0020274978	0.001677352	0	82.7	0	0	3
496	255	0.820717143	4.88444813	-0.00634055587	-0.00365184915	-0.00949417816	0.00712626509	0.0020274978	0.00167771918	0	82.7	0	0	3
497	256	0.82196094	4.8942958	-0.00447809951	-0.00372536161	-0.00949417816	0.00712626509	0.0020274978	0.00167808449	0	82.7	0	0	3
498	256	0.823523142	4.90414348	-0.0033907478	-0.00376800095	-0.00949417816	0.00712626509	0.0020274978	0.00167844795	0	82.7	0	0	3
499	257	0.825362063	4.91399116	-0.00250095129	-0.00380902104	-0.00949417816	0.00625158011	0.0020274978	0.00167880959	0	82.8	0	0	3
500	257	0.827037815	4.92383884	-0.00208944717	-0.00383939579	-0.00949417816	0.00625158011	0.00201712129	0.00167916941	0	83.2	0	0	3
501	259	0.829009355	4.93368651	-0.00205506168	-0.0038742696	-0.00949417816	0.00447601153	0.00198897374	0.00167952742	0	84.4	0	0	3
502	259	0.831309524	4.94353419	-0.00118488832	-0.00387010584	-0.00949417816	0.00324186222	0.00194316422	0.00167988364	0	86.4	0	0	3
503	259	0.832832345	4.95338187	-0.0011212672	-0.00387810856	-0.00949417816	0.00324186222	0.00185546549	0.00168023809	0	90.5	0	0	3
504	260	0.835278	4.96322955	-0.000874042596	-0.0038549972	-0.00949417816	0.00324186222	0.00173472111	0.00168059078	0	96.8	0	0	3
505	260	0.837316329	4.97307722	-0.00197603829	-0.00388115495	-0.00949417816	0.00324186222	0.00154129086	0.00168094171	0	100	0	0	3
506	261	0.839744749	4.9829249	-0.00274626147	-0.00393361935	-0.00949417816	0.00324186222	0.00152543307	0.00168129091	0	100	0	0	3
507	261	0.841970813	4.99277258	-0.00413870065	-0.00401622398	-0.00949417816	0.00291860697	0.00155069627	0.00168163838	0	100	0	0	3
508	262	0.844029124	5.00262026	-0.00525250489	-0.0041429639	-0.00949417816	0.00212434001	0.00167743619	0.00168198414	0	100	0	0	3
509	262	0.846256143	5.01246794	-0.00679874337	-0.00430932476	-0.00949417816	0.000989252823	0.00184379705	0.0016823282	0	91.2	0	0	3
510	263	0.848111409	5.02231561	-0.00821374057	-0.00446948649	-0.00949417816	0.000989252823	0.00200395878	0.0016826645	0	83.9	0	0	3
511	263	0.850229025	5.03216329	-0.00919593193	-0.00462521005	-0.00949417816	0.000989252823	0.00215968234	0.00168299916	0	77.9	0	0	3
512	263	0.852392459	5.04201097	-0.00968885771	-0.00477362454	-0.00968885771	0.000989252823	0.00230809683	0.00168338417	0	72.9	0	0	3
513	264	0.854685069	5.05185865	-0.00972047414	-0.00489974576	-0.00972047414	0.000989252823	0.00243421805	0.00168377573	0	69.1	0	0	3
514	264	0.857150611	5.06170632	-0.01020746	-0.00498532369	-0.01020746	0.000989252823	0.00251979598	0.00168429478	0	66.8	0	0	3
515	265	0.85891479	5.071554	-0.0100466404	-0.00501232936	-0.01020746	0.000989252823	0.00254680165	0.00168481132	0	66.1	0	0	3
516	265	0.860475488	5.08140168	-0.00916039549	-0.00500495436	-0.01020746	0.000989252823	0.00254680165	0.00168532537	0	66.1	0	0	3
517	266	0.862219674	5.09124936	-0.00710994482	-0.00495876873	-0.01020746	0.000989252823	0.00254680165	0.00168583694	0	66.1	0	0	3
518	267	0.863729964	5.10109703	-0.00599152662	-0.00489886836	-0.01020746	0.000989252823	0.00254680165	0.00168634605	0	66.2	0	0	3
519	267	0.864484111	5.11094471	-0.0059377035	-0.00486818048	-0.01020746	0.000989252823	0.00254680165	0.00168685272	0	66.2	0	0	3
520	268	0.865761486	5.12079239	-0.00593092233	-0.00491783749	-0.01020746	0.000989252823	0.00254680165	0.00168735696	0	66.2	0	0	3
521	268	0.86738564	5.13064007	-0.00471517959	-0.00491945399	-0.01020746	0.000989252823	0.00254680165	0.0016878588	0	66.2	0	0	3
522	269	0.868747021	5.14048775	-0.00398564925	-0.00491882091	-0.01020746	0.000989252823	0.00254680165	0.00168835825	0	66.2	0	0	3
523	269	0.87083551	5.15033542	-0.00301167985	-0.00490038125	-0.01020746	0.000989252823	0.00254680165	0.00168885533	0	66.3	0	0	3
524	270	0.872696087	5.1601831	-0.00482044279	-0.00493492149	-0.01020746	0.000989252823	0.00254680165	0.00168935004	0	66.3	0	0	3
525	271	0.873714203	5.17003078	-0.00494253353	-0.00502390217	-0.01020746	0.000989252823	0.00255837446	0.00168984242	0	66	0	0	3
526	271	0.87530412	5.17987846	-0.00240906174	-0.00504139578	-0.01020746	0.000989252823	0.00257586807	0.00169033248	0	65.6	0	0	3
527	272	0.876952624	5.18972613	-0.000682884417	-0.00505649769	-0.01020746	0.000989252823	0.00259096998	0.00169082023	0	65.2	0	0	3
528	272	0.878716666	5.19957381	0.00081920106	-0.00503894376	-0.01020746	0.000989252823	0.00259096998	0.0016913057	0	65.2	0	0	3
529	273	0.880434592	5.20942149	0.000968407027	-0.0050400426	-0.01020746	0.000989252823	0.00259096998	0.00169178888	0	65.2	0	0	3
530	273	0.882559757	5.21926917	-0.000424574269	-0.00504379499	-0.01020746	0.000989252823	0.00259096998	0.00169226981	0	65.3	0	0	3
531	273	0.883939396	5.22911684	-0.00141112088	-0.00508849445	-0.01020746	0.000968407027	0.00262296674	0.0016927485	0	64.5	0	0	3
532	274	0.886146344	5.23896452	-0.00271821679	-0.00509656866	-0.01020746	0.000968407027	0.00263104095	0.00169322496	0	64.3	0	0	3
533	274	0.887797424	5.2488122	-0.00345607491	-0.00513320283	-0.01020746	0.000968407027	0.00266767512	0.00169369921	0	63.4	0	0	3
534	275	0.889993688	5.25865988	-0.00499942848	-0.00518466306	-0.01020746	0.000968407027	0.00271913535	0.00169417127	0	62.3	0	0	3
535	275	0.891928835	5.26850756	-0.00644122835	-0.0052344336	-0.01020746	0.000968407027	0.00276890589	0.00169464114	0	61.2	0	0	3
536	275	0.893954976	5.27835523	-0.00759622501	-0.00528942288	-0.01020746	0.000968407027	0.00280685367	0.00169510885	0	60.3	0	0	3
537	276	0.89612977	5.28820291	-0.00869307176	-0.00534374797	-0.01020746	0.000968407027	0.00273605364	0.00169557441	0	61.9	0	0	3
538	276	0.898438456	5.29805059	-0.00894840975	-0.0053615649	-0.01020746	0.000968407027	0.0026112216	0.00169603783	0	64.9	0	0	3
539	277	0.900667859	5.30789827	-0.00910005049	-0.0053700621	-0.01020746	0.000968407027	0.00248743746	0.00169649914	0	68.2	0	0	3
540	277	0.902653225	5.31774594	-0.00925962243	-0.00536461732	-0.01020746	0.000968407027	0.00234163708	0.00169695833	0	72.4	0	0	3
541	278	0.904160635	5.32759362	-0.00924928886	-0.00532972984	-0.01020746	0.000968407027	0.00219302725	0.00169741544	0	77.4	0	0	3
542	278	0.905882441	5.3374413	-0.00818875906	-0.00527499593	-0.01020746	0.000968407027	0.00205962825	0.00169787046	0	82.4	0	0	3
543	279	0.90772587	5.34728898	-0.00629422841	-0.00522562143	-0.01020746	0.000968407027	0.00197048204	0.00169832342	0	86.1	0	0	3
544	280	0.908633554	5.35713665	-0.00571606662	-0.0052142905	-0.01020746	0.000968407027	0.00187085457	0.00169877434	0	90.8	0	0	3
545	280	0.909352214	5.36698433	-0.00648019367	-0.00521780551	-0.01020746	0.000968407027	0.00180341233	0.00169922321	0	94.2	0	0	3
546	281	0.910686642	5.37683201	-0.00684601955	-0.00523507388	-0.01020746	0.000968407027	0.00171821295	0.00169967007	0	98.9	0	0	3
547	281	0.912148229	5.38667969	-0.00458816459	-0.00520919076	-0.01020746	0.000968407027	0.00164470049	0.00170011492	0	100	0	0	3
548	282	0.913170982	5.39652736	-0.00497144537	-0.0052164945	-0.01020746	0.000968407027	0.00160206114	0.00170055777	0	100	0	0	3
549	282	0.914717152	5.40637504	-0.00333176307	-0.00521581541	-0.01020746	0.000968407027	0.00156104106	0.00170099864	0	100	0	0	3
550	283	0.916435473	5.41622272	-0.00353249847	-0.00523887305	-0.01020746	0.000968407027	0.0015306663	0.0017012238	0	100	0	0	3
551	283	0.917611472	5.4260704	-0.003139383	-0.00526988271	-0.01020746	0.000968407027	0.0015150649	0.00170144795	0	100	0	0	3
552	284	0.919714594	5.43591808	-0.0031347757	-0.00529025377	-0.01020746	0.000968407027	0.0015150649	0.00170123915	0	100	0	0	3
553	284	0.921976847	5.44576575	-0.00282765031	-0.00533295935	-0.01020746	0.000968407027	0.0015150649	0.0017007317	0	100	0	0	3
554	285	0.92371185	5.45561343	-0.00279054746	-0.0053549947	-0.01020746	0.000968407027	0.0015150649	0.00170022649	0	100	0	0	3
555	286	0.925791764	5.46546111	-0.00269396332	-0.0054149209	-0.01020746	0.000968407027	0.00153376595	0.00169972352	0	100	0	0	3
556	286	0.928107957	5.47530879	-0.00373358877	-0.00544923337	-0.01020746	0.000968407027	0.00151561402	0.00169922275	0	100	0	0	3
557	286	0.930523648	5.48515646	-0.00467725674	-0.00550099754	-0.01020746	0.000968407027	0.00148477356	0.00169872419	0	100	0	0	3
558	287	0.932178742	5.49500414	-0.00531595239	-0.00553121985	-0.01020746	0.000968407027	0.00138825595	0.00169815021	0	100	0	0	3
559	287	0.934856226	5.50485182	-0.00661602423	-0.00556951491	-0.01020746	0.000968407027	0.00126019015	0.00169738848	0	100	0	0	3
560	288	0.936296388	5.5146995	-0.0076018374	-0.00557161795	-0.01020746	0.000968407027	0.00110213146	0.00169635875	0	100	0	0	3
561	288	0.938963719	5.52454717	-0.00905175128	-0.00561983715	-0.01020746	0.000968407027	0.000994627093	0.0016953335	0	100	0	0	3
562	289	0.941618166	5.53439485	-0.0100641587	-0.00566606167	-0.01020746	0.000968407027	0.000892437124	0.00169431271	0	100	0	0	3
563	289	0.94408934	5.54424253	-0.0102167302	-0.00569378829	-0.0102167302	0.000968407027	0.000825607807	0.00169329856	0	100	0	0	3
564	289	0.946549237	5.55409021	-0.0107817575	-0.00572953951	-0.0107817575	0.000968407027	0.000861359031	0.00169242268	0	100	0	0	3
565	290	0.948863798	5.56393789	-0.0104627796	-0.00572861134	-0.0107817575	0.000968407027	0.000861359031	0.00169155058	0	100	0	0	3
566	290	0.950898829	5.57378556	-0.0088043109	-0.00571384103	-0.0107817575	0.000968407027	0.000861359031	0.00169068225	0	100	0	0	3
567	291	0.95272984	5.58363324	-0.00690339409	-0.00567914408	-0.0107817575	0.000968407027	0.000861359031	0.00168981765	0	100	0	0	3
568	292	0.953503818	5.59348092	-0.00654351941	-0.00565913431	-0.0107817575	0.000968407027	0.000861359031	0.00168895676	0	100	0	0	3
569	292	0.954448483	5.6033286	-0.00597195412	-0.00565685805	-0.0107817575	0.000968407027	0.000861359031	0.00168809956	0	100	0	0	3
570	293	0.955737215	5.61317627	-0.00606863982	-0.00566035248	-0.0107817575	0.000968407027	0.000829158262	0.00168724602	0	100	0	0	3
571	294	0.957311615	5.62302395	-0.00447525127	-0.00563619696	-0.0107817575	0.000968407027	0.000829158262	0.00168639612	0	100	0	0	3
572	294	0.958777696	5.63287163	-0.0033300323	-0.00561556988	-0.0107817575	0.000968407027	0.000829158262	0.00168554983	0	100	0	0	3
573	295	0.960794414	5.64271931	-0.0023650275	-0.00556845845	-0.0107817575	0.000968407027	0.000829158262	0.00168470715	0	100	0	0	3
574	295	0.962887774	5.65256698	-0.00219259982	-0.00554969644	-0.0107817575	0.000968407027	0.00079461802	0.00168386803	0	100	0	0	3
575	296	0.964706479	5.66241466	-0.000543447776	-0.00546548796	-0.0107817575	0.000968407027	0.000705637343	0.00168303246	0	100	0	0	3
576	296	0.966637359	5.67226234	0.000720906074	-0.0053426687	-0.0107817575	0.000968407027	0.000690595756	0.00168220041	0	100	0	0	3
577	297	0.968399717	5.68211002	0.00127994698	-0.00526739952	-0.0107817575	0.00127994698	0.000690595756	0.00168143887	0	100	0	0	3
578	297	0.970540185	5.6919577	0.00128931852	-0.00519819316	-0.0107817575	0.00128931852	0.000690595756	0.00168068268	0	100	0	0	3
579	298	0.972632492	5.70180537	-0.000153607126	-0.00519883324	-0.0107817575	0.00128931852	0.000689496914	0.00167992966	0	100	0	0	3
580	298	0.974467978	5.71165305	-0.00101548223	-0.00522984753	-0.0107817575	0.00128931852	0.000685744524	0.00167917979	0	100	0	0	3
581	299	0.976357878	5.72150073	-0.0020406789	-0.00527446237	-0.0107817575	0.00128931852	0.000641045066	0.00167843306	0	100	0	0	3
582	299	0.97874254	5.73134841	-0.0036656512	-0.00529021658	-0.0107817575	0.00128931852	0.000632970857	0.00167768943	0	100	0	0	3
583	300	0.980598481	5.74119608	-0.00545005856	-0.00535345417	-0.0107817575	0.00128931852	0.000596336682	0.0016769489	0	100	0	0	3
584	300	0.982730766	5.75104376	-0.00705853186	-0.00542475089	-0.0107817575	0.00128931852	0.000544876454	0.00167621144	0	100	0	0	3
585	300	0.984931092	5.76089144	-0.00817264035	-0.00549827696	-0.0107817575	0.00128931852	0.000531346353	0.00167547703	0	100	0	0	3
586	301	0.987133611	5.77073912	-0.00885964963	-0.00555687422	-0.0107817575	0.00128931852	0.000531346353	0.00167474566	0	100	0	0	3
587	301	0.989385069	5.78058679	-0.00895204947	-0.00559367685	-0.0107817575	0.00128931852	0.000531346353	0.00167401731	0	100	0	0	3
588	302	0.991818328	5.79043447	-0.00925228584	-0.00561626889	-0.0107817575	0.00128931852	0.000531346353	0.00167329195	0	100	0	0	3
589	302	0.993936962	5.80028215	-0.00897071818	-0.0056101325	-0.0107817575	0.00128931852	0.000531346353	0.00167256957	0	100	0	0	3
590	303	0.995885233	5.81012983	-0.00766445518	-0.00557045427	-0.0107817575	0.00128931852	0.000531346353	0.00167185015	0	100	0	0	3
591	303	0.997160154	5.8199775	-0.00642091494	-0.00550442653	-0.0107817575	0.00128931852	0.000531346353	0.00167113367	0	100	0	0	3
592	304	0.998194891	5.82982518	-0.0056446817	-0.00544593812	-0.0107817575	0.00128931852	0.000531346353	0.00167042012	0	100	0	0	3
593	305	0.998929599	5.83967286	-0.00593318208	-0.00539903045	-0.0107817575	0.00128931852	0.000531346353	0.00166970947	0	100	0	0	3
594	305	1	5.84952054	-0.00573670349	-0.0053850635	-0.0107817575	0.00128931852	0.000531346353	0.00166900172	0	100	0	0	3
