Iteration	CPUTime	PhysTime	Travels	Value	AvValue	MinValue	MaxValue	Delta	Criteria	PrevAvRefValue	Progress	CriteriaType	CriteriaVarType	CriteriaPercentage
1	2	0.00626576075	0.00984767767	293.029543	293.029543	293.029543	293.029543	0	0	0	0	0	0	3
2	3	0.00628001262	0.0196953553	294.221674	293.032249	293.029543	294.221674	0.00270542265	0	0	0	0	0	3
3	3	0.00630278298	0.029543033	293.048567	293.032308	293.029543	294.221674	0.00276437664	0	0	0	0	0	3
4	4	0.00632696671	0.0393907107	293.029943	293.032299	293.029543	294.221674	0.00276437664	0	0	0	0	0	3
5	4	0.00635313572	0.0492383884	293.013095	293.03222	293.013095	294.221674	0.00276437664	0	0	0	0	0	3
6	5	0.00639586892	0.059086066	293.0013	293.032013	293.0013	294.221674	0.00276437664	0	0	0	0	0	3
7	6	0.00644466228	0.0689337437	293.055433	293.03219	293.0013	294.221674	0.00276437664	0	0	0	0	0	3
8	6	0.00650038148	0.0787814214	293.065973	293.03248	293.0013	294.221674	0.00293653798	0	0	0	0	0	3
9	6	0.00656305674	0.0886290991	293.055112	293.032696	293.0013	294.221674	0.00315266945	0	0	0	0	0	3
10	7	0.00663430739	0.0984767767	293.069998	293.033097	293.0013	294.221674	0.00355327934	0	0	0	0	0	3
11	7	0.00675567494	0.108324454	293.054259	293.033477	293.0013	294.221674	0.00393346803	0	0	0	0	0	3
12	8	0.00689832325	0.118172132	293.053263	293.033886	293.0013	294.221674	0.00434262598	0	0	0	0	0	3
13	8	0.00705950349	0.12801981	293.042578	293.034084	293.0013	294.221674	0.00454108935	0	0	0	0	0	3
14	9	0.00723774639	0.137867487	293.042149	293.034283	293.0013	294.221674	0.00473968174	0	0	0	0	0	3
15	9	0.0074428578	0.147715165	293.041888	293.034493	293.0013	294.221674	0.00494924948	0	0	0	0	0	3
16	10	0.00779053395	0.157562843	293.038777	293.034684	293.0013	294.221674	0.00514046856	0	0	0	0	0	3
17	10	0.00811129293	0.16741052	293.036746	293.034765	293.0013	294.221674	0.00522200555	0	0	0	0	0	3
18	11	0.00850579856	0.177258198	293.040745	293.035043	293.0013	294.221674	0.0054993555	0	0	0	0	0	3
19	12	0.00889031972	0.187105876	293.039591	293.035239	293.0013	294.221674	0.0056960896	0	0	0	0	0	3
20	12	0.00934661917	0.196953553	293.041984	293.035569	293.0013	294.221674	0.00602537589	0	0	0	0	0	3
21	13	0.0100965	0.206801231	293.041169	293.035985	293.0013	294.221674	0.00644134564	0	0	0	0	0	3
22	13	0.0109364234	0.216648909	293.041259	293.03639	293.0013	294.221674	0.00684641395	0	0	0	0	0	3
23	14	0.01174376	0.226496586	293.03928	293.036588	293.0013	294.221674	0.00704506944	0	0	0	0	0	3
24	14	0.0126501397	0.236344264	293.040362	293.036859	293.0013	294.221674	0.00731544823	0	0	0	0	0	3
25	15	0.0135652677	0.246191942	293.040044	293.037074	293.0013	294.221674	0.00753034216	0	0	0	0	0	3
26	16	0.0148903751	0.25603962	293.043726	293.037666	293.0013	294.221674	0.00812234346	0	0	0	0	0	3
27	16	0.0163021381	0.265887297	293.041074	293.037961	293.0013	294.221674	0.00841746515	0	0	0	0	0	3
28	17	0.0171430274	0.275734975	293.045842	293.038347	293.0013	294.221674	0.00880403843	0	0	0	0	0	3
29	18	0.0178925957	0.285582653	293.045915	293.038664	293.0013	294.221674	0.00912105368	0	0	0	0	0	3
30	18	0.0188270382	0.29543033	293.04784	293.03912	293.0013	294.221674	0.00957648562	0	0	0	0	0	3
31	19	0.0204981416	0.305278008	293.045517	293.039641	293.0013	294.221674	0.0100980008	0	0	0	0	0	3
32	19	0.0215811903	0.315125686	293.046074	293.039964	293.0013	294.221674	0.0104208057	0	0	0	0	0	3
33	20	0.0226881034	0.324973363	293.047724	293.040343	293.0013	294.221674	0.0107994016	0	0	0	0	0	3
34	20	0.0237672396	0.334821041	293.047497	293.040668	293.0013	294.221674	0.0111242492	0	0	0	0	0	3
35	21	0.0247754727	0.344668719	293.046648	293.040911	293.0013	294.221674	0.0113676244	0	0	0	0	0	3
36	21	0.0261236008	0.354516396	293.046831	293.041217	293.0013	294.221674	0.0116731197	0	0	0	0	0	3
37	22	0.0271979356	0.364364074	293.048015	293.041485	293.0013	294.221674	0.0119416583	0	0	0	0	0	3
38	22	0.0283610386	0.374211752	293.048059	293.041755	293.0013	294.221674	0.0122112502	0	0	0	0	0	3
39	23	0.029698846	0.384059429	293.048379	293.042053	293.0013	294.221674	0.0125096617	0	0	0	0	0	3
40	23	0.0312244874	0.393907107	293.048893	293.042387	293.0013	294.221674	0.0128438474	0	0	0	0	0	3
41	23	0.0329621346	0.403754785	293.050295	293.042804	293.0013	294.221674	0.0132606911	0	0	0	0	0	3
42	24	0.0344988086	0.413602462	293.05082	293.043161	293.0013	294.221674	0.0136177621	0	0	0	0	0	3
43	24	0.0362554121	0.42345014	293.051381	293.043559	293.0013	294.221674	0.014016013	0	0	0	0	0	3
44	25	0.0379871105	0.433297818	293.053726	293.044023	293.0013	294.221674	0.0144794709	0	0	0	0	0	3
45	26	0.0394186135	0.443145495	293.056905	293.044491	293.0013	294.221674	0.0149472956	0	0	0	0	0	3
46	26	0.0399345739	0.452993173	293.056001	293.044639	293.0013	294.221674	0.0150960092	0	0	0	0	0	3
47	27	0.0405677857	0.462840851	293.058652	293.044858	293.0013	294.221674	0.0153147255	0	0	0	0	0	3
48	27	0.0413964641	0.472688528	293.05737	293.045109	293.0013	294.221674	0.0155651798	0	0	0	0	0	3
49	28	0.0425270849	0.482536206	293.059621	293.045494	293.0013	294.221674	0.0159510057	0	0	0	0	0	3
50	28	0.0438537206	0.492383884	293.058124	293.045876	293.0013	294.221674	0.01633308	0	0	0	0	0	3
51	29	0.0448349749	0.502231561	293.054726	293.04607	293.0013	294.221674	0.0165267509	0	0	0	0	0	3
52	30	0.0457679415	0.512079239	293.060054	293.049022	293.0013	294.221674	0.0170088047	0	0	0	0	0	3
53	30	0.0470840226	0.521926917	293.056241	293.048845	293.0013	293.069998	0.0170088047	0	0	0	0	0	3
54	31	0.0485415404	0.531774594	293.060523	293.049248	293.0013	293.069998	0.0172351764	0	0	0	0	0	3
55	31	0.049771785	0.541622272	293.061156	293.049596	293.0013	293.069998	0.0175831066	0	0	0	0	0	3
56	32	0.0508078802	0.55146995	293.059614	293.049851	293.0013	293.069998	0.0178380664	0	0	0	0	0	3
57	32	0.0521922924	0.561317627	293.058755	293.050166	293.036746	293.069998	0.0179752151	0	0	0	0	0	3
58	33	0.0536357086	0.571165305	293.05849	293.050415	293.036746	293.069998	0.0179348234	0	0	0	0	0	3
59	33	0.055015834	0.581012983	293.05875	293.050634	293.036746	293.069998	0.0179379517	0	0	0	0	0	3
60	34	0.0561893969	0.59086066	293.058417	293.050812	293.036746	293.069998	0.0177157455	0	0	0	0	0	3
61	34	0.0576646694	0.600708338	293.058081	293.050996	293.036746	293.061156	0.0175189087	0	0	0	0	0	3
62	35	0.0589129824	0.610556016	293.058164	293.05116	293.036746	293.061156	0.0172737299	0	0	0	0	0	3
63	35	0.0602285636	0.620403693	293.05885	293.051344	293.036746	293.061156	0.0172593584	0	0	0	0	0	3
64	35	0.0616472887	0.630251371	293.058968	293.051568	293.036746	293.061156	0.0172847876	0	0	0	0	0	3
65	36	0.0631289339	0.640099049	293.059677	293.051813	293.036746	293.061156	0.0173202285	0	0	0	0	0	3
66	36	0.0647382989	0.649946726	293.06105	293.052108	293.036746	293.061156	0.0174239903	0	0	0	0	0	3
67	37	0.066449768	0.659794404	293.061054	293.052448	293.036746	293.061156	0.0176824899	0	0	0	0	0	3
68	37	0.068144949	0.669642082	293.062399	293.052813	293.03928	293.062399	0.017770038	0	0	0	0	0	3
69	38	0.0697817833	0.679489759	293.0649	293.053213	293.03928	293.0649	0.0179738853	0	0	0	0	0	3
70	38	0.0710281169	0.689337437	293.065896	293.053552	293.03928	293.065896	0.0179832772	0	0	0	0	0	3
71	39	0.0715829305	0.699185115	293.06582	293.053746	293.03928	293.065896	0.017761483	0	0	0	0	0	3
72	40	0.0722845791	0.709032792	293.065484	293.05403	293.03928	293.065896	0.0176405074	0	0	0	0	0	3
73	40	0.0733972852	0.71888047	293.070097	293.054488	293.03928	293.070097	0.0178998096	0	0	0	0	0	3
74	41	0.0741782272	0.728728148	293.067604	293.054849	293.040044	293.070097	0.0179901464	0	0	0	0	0	3
75	41	0.0752705491	0.738575825	293.068116	293.05529	293.040044	293.070097	0.0182163656	0	0	0	0	0	3
76	42	0.0761660255	0.748423503	293.065106	293.055653	293.041074	293.070097	0.017987654	0	0	0	0	0	3
77	42	0.0770001396	0.758271181	293.06693	293.056059	293.041074	293.070097	0.0180984461	0	0	0	0	0	3
78	43	0.0784242895	0.768118859	293.065143	293.056608	293.045517	293.070097	0.0182606711	0	0	0	0	0	3
79	43	0.0800337827	0.777966536	293.065681	293.056984	293.045517	293.070097	0.0183198058	0	0	0	0	0	3
80	44	0.0810755409	0.787814214	293.066928	293.05728	293.045517	293.070097	0.0181596463	0	0	0	0	0	3
81	44	0.0824488768	0.797661892	293.066801	293.057624	293.045517	293.070097	0.0179822906	0	0	0	0	0	3
82	45	0.0834705255	0.807509569	293.066271	293.058085	293.046074	293.070097	0.018121063	0	0	0	0	0	3
83	45	0.0849256057	0.817357247	293.066098	293.058475	293.046648	293.070097	0.0181318929	0	0	0	0	0	3
84	46	0.0866598686	0.827204925	293.065501	293.058851	293.046648	293.070097	0.0181835413	0	0	0	0	0	3
85	46	0.0879988662	0.837052602	293.065973	293.05919	293.046648	293.070097	0.0182793735	0	0	0	0	0	3
86	47	0.0897150661	0.84690028	293.065828	293.059561	293.046831	293.070097	0.0183440306	0	0	0	0	0	3
87	47	0.0910914888	0.856747958	293.066277	293.059967	293.048015	293.070097	0.0184819466	0	0	0	0	0	3
88	48	0.0924787163	0.866595635	293.066489	293.060302	293.048059	293.070097	0.0185476457	0	0	0	0	0	3
89	48	0.0940229058	0.876443313	293.067536	293.060689	293.048379	293.070097	0.0186362285	0	0	0	0	0	3
90	48	0.0957029772	0.886290991	293.068983	293.06115	293.048893	293.070097	0.0187626475	0	0	0	0	0	3
91	49	0.0973160945	0.896138668	293.069643	293.06164	293.050295	293.070097	0.0188360429	0	0	0	0	0	3
92	50	0.0989509276	0.905986346	293.070741	293.062164	293.05082	293.070741	0.0190032008	0	0	0	0	0	3
93	50	0.100256464	0.915834024	293.071573	293.062616	293.051381	293.071573	0.0190568451	0	0	0	0	0	3
94	51	0.101421324	0.925681701	293.074902	293.063139	293.053726	293.074902	0.0191158528	0	0	0	0	0	3
95	51	0.10250023	0.935529379	293.074732	293.063585	293.054726	293.074902	0.0190945679	0	0	0	0	0	3
96	52	0.103054122	0.945377057	293.077643	293.063858	293.054726	293.077643	0.019218487	0	0	0	0	0	3
97	52	0.103607729	0.955224734	293.071826	293.063991	293.054726	293.077643	0.0191327132	0	0	0	0	0	3
98	53	0.104742474	0.965072412	293.076063	293.064257	293.054726	293.077643	0.0191483998	0	0	0	0	0	3
99	54	0.105840514	0.97492009	293.074695	293.064523	293.054726	293.077643	0.0190289841	0	0	0	0	0	3
100	54	0.107229977	0.984767767	293.074868	293.064831	293.054726	293.077643	0.0189547173	0	0	0	0	0	3
101	55	0.108172087	0.994615445	293.075521	293.065126	293.054726	293.077643	0.0190559684	0	0	0	0	0	3
102	56	0.109510497	1.00446312	293.077134	293.065532	293.056241	293.077643	0.0166872756	0.00835771251	0	0	0	0	3
103	56	0.111015166	1.0143108	293.077557	293.065888	293.056241	293.077643	0.0170429129	0.00835771251	0	0	0	0	3
104	57	0.11252137	1.02415848	293.078371	293.066369	293.058081	293.078371	0.0171211557	0.00839755681	0	0	0	0	3
105	58	0.113792873	1.03400616	293.078499	293.066736	293.058081	293.078499	0.0171401774	0.00841549746	0	0	0	0	3
106	58	0.114259148	1.04385383	293.073391	293.066891	293.058081	293.078499	0.0170398001	0.00842446779	0	0	0	0	3
107	59	0.115604046	1.05370151	293.075461	293.067185	293.058081	293.078499	0.0170195935	0.00842984998	0	0	0	0	3
108	59	0.117165236	1.06354919	293.075543	293.067566	293.058081	293.078499	0.0171508626	0.00835771251	0	0	0	0	3
109	59	0.118711914	1.07339687	293.076724	293.067985	293.058081	293.078499	0.0173505763	0.00835771251	0	0	0	0	3
110	60	0.119781002	1.08324454	293.076685	293.068325	293.058081	293.078499	0.0175125648	0.00835771251	0	0	0	0	3
111	60	0.121535655	1.09309222	293.077201	293.068741	293.058081	293.078499	0.0177454875	0.00835771251	0	0	0	0	3
112	61	0.122982515	1.1029399	293.07866	293.069202	293.058164	293.07866	0.0180419781	0.00835771251	0	0	0	0	3
113	61	0.12440617	1.11278758	293.078875	293.069622	293.05885	293.078875	0.0182785279	0.00835771251	0	0	0	0	3
114	62	0.125860434	1.12263525	293.080039	293.070069	293.058968	293.080039	0.0185012393	0.00835771251	0	0	0	0	3
115	62	0.127432244	1.13248293	293.081842	293.07059	293.059677	293.081842	0.0187769451	0.00835771251	0	0	0	0	3
116	63	0.129052162	1.14233061	293.082662	293.071132	293.06105	293.082662	0.0190238766	0.00835771251	0	0	0	0	3
117	63	0.130760535	1.15217829	293.084293	293.071718	293.061054	293.084293	0.0192701599	0.00835771251	0	0	0	0	3
118	64	0.132301183	1.16202597	293.087114	293.072355	293.062399	293.087114	0.0195426141	0.00835771251	0	0	0	0	3
119	64	0.133581184	1.17187364	293.089774	293.072954	293.0649	293.089774	0.0197406773	0.00835771251	0	0	0	0	3
120	65	0.134172193	1.18172132	293.090763	293.073322	293.065106	293.090763	0.0197701905	0.00835771251	0	0	0	0	3
121	65	0.134717437	1.191569	293.087518	293.073589	293.065106	293.090763	0.0198428716	0.00835771251	0	0	0	0	3
122	66	0.13561131	1.20141668	293.089603	293.07388	293.065106	293.090763	0.0198496674	0.00835771251	0	0	0	0	3
123	67	0.136631187	1.21126435	293.091805	293.074256	293.065106	293.091805	0.0197673679	0.00835771251	0	0	0	0	3
124	67	0.137740265	1.22111203	293.090562	293.074609	293.065106	293.091805	0.0197596445	0.00835771251	0	0	0	0	3
125	68	0.138845696	1.23095971	293.091333	293.074979	293.065106	293.091805	0.0196890086	0.00835771251	0	0	0	0	3
126	69	0.140035819	1.24080739	293.091775	293.075403	293.065106	293.091805	0.0197501057	0.00835771251	0	0	0	0	3
127	69	0.141432784	1.25065506	293.076431	293.075567	293.065143	293.091805	0.019507465	0.00835771251	0	0	0	0	3
128	70	0.141571411	1.26050274	293.179202	293.075901	293.065143	293.179202	0.0192927211	0.00835771251	0	0	0	0	3
129	70	0.141847893	1.27035042	293.124536	293.076354	293.065501	293.179202	0.0193701544	0.00835771251	0	0	0	0	3
130	71	0.142503122	1.2801981	293.102649	293.076905	293.065501	293.179202	0.0196256706	0.00835771251	0	0	0	0	3
131	71	0.142796256	1.29004578	293.111755	293.077239	293.065501	293.179202	0.0196154289	0.00835771251	0	0	0	0	3
132	72	0.143480582	1.29989345	293.101937	293.077751	293.065501	293.179202	0.0196656625	0.00835771251	0	0	0	0	3
133	72	0.144075855	1.30974113	293.100901	293.078172	293.065501	293.179202	0.0196971365	0.00835771251	0	0	0	0	3
134	73	0.144699194	1.31958881	293.095497	293.078646	293.065501	293.179202	0.0197952332	0.00835771251	0	0	0	0	3
135	73	0.145193367	1.32943649	293.091934	293.079148	293.065828	293.179202	0.0199576933	0.00835771251	0	0	0	0	3
136	74	0.145804307	1.33928416	293.095688	293.079628	293.065828	293.179202	0.0200675479	0.00835771251	0	0	0	0	3
137	74	0.146729423	1.34913184	293.094294	293.080281	293.066277	293.179202	0.0203144583	0.00835771251	0	0	0	0	3
138	75	0.147399648	1.35897952	293.099089	293.080848	293.066489	293.179202	0.0205453482	0.00851404301	0	0	0	0	3
139	75	0.148150538	1.3688272	293.100071	293.081465	293.067536	293.179202	0.0207754296	0.00867196125	0	0	0	0	3
140	76	0.149200014	1.37867487	293.100171	293.08221	293.068983	293.179202	0.0210604286	0.00882064464	0	0	0	0	3
141	76	0.150660683	1.38852255	293.099747	293.083081	293.069643	293.179202	0.0214406559	0.00896026214	0	0	0	0	3
142	77	0.152114839	1.39837023	293.100951	293.083951	293.070741	293.179202	0.0217861942	0.009089062	0	0	0	0	3
143	77	0.153497706	1.40821791	293.101056	293.08478	293.071573	293.179202	0.0221638537	0.00921017465	0	0	0	0	3
144	78	0.155617278	1.41806558	293.102734	293.085779	293.071826	293.179202	0.0226402405	0.00932405929	0	0	0	0	3
145	78	0.157068223	1.42791326	293.102754	293.086449	293.071826	293.179202	0.0228640097	0.00942667639	0	0	0	0	3
146	78	0.158123244	1.43776094	293.10455	293.08702	293.071826	293.179202	0.0231619771	0.00952214195	0	0	0	0	3
147	79	0.159951138	1.44760862	293.105946	293.087719	293.071826	293.179202	0.0237283484	0.00961336459	0	0	0	0	3
148	79	0.161676183	1.4574563	293.107411	293.088456	293.073391	293.179202	0.0241987058	0.00970062104	0	0	0	0	3
149	80	0.163433298	1.46730397	293.109988	293.08934	293.073391	293.179202	0.0248165399	0.00978416444	0	0	0	0	3
150	80	0.164830922	1.47715165	293.112466	293.09016	293.073391	293.179202	0.0253292532	0.00986422687	0	0	0	0	3
151	81	0.165564341	1.48699933	293.114022	293.090825	293.073391	293.179202	0.0256985935	0.00994102144	0	0	0	0	3
152	82	0.166281529	1.49684701	293.11129	293.091325	293.073391	293.179202	0.0257929945	0.0100147442	0	0	0	0	3
153	82	0.167191659	1.50669468	293.114183	293.092015	293.073391	293.179202	0.0261273166	0.0100823227	0	0	0	0	3
154	83	0.1682597	1.51654236	293.115925	293.092841	293.073391	293.179202	0.0264720966	0.010147302	0	0	0	0	3
155	84	0.169320699	1.52639004	293.114483	293.093629	293.073391	293.179202	0.0268931293	0.0102060283	0	0	0	0	3
156	84	0.17075593	1.53623772	293.114329	293.094489	293.073391	293.179202	0.0275978307	0.0102625796	0	0	0	0	3
157	85	0.171863428	1.54608539	293.115247	293.095059	293.075461	293.179202	0.0278734472	0.0103170745	0	0	0	0	3
158	85	0.173280021	1.55593307	293.113946	293.095979	293.075543	293.179202	0.0284138666	0.0103696232	0	0	0	0	3
159	86	0.174338169	1.56578075	293.117537	293.096937	293.076431	293.179202	0.0289519233	0.010420328	0	0	0	0	3
160	86	0.175855444	1.57562843	293.117147	293.09802	293.076431	293.179202	0.0296952341	0.0104692844	0	0	0	0	3
161	87	0.176983651	1.58547611	293.116221	293.098778	293.076431	293.179202	0.0300366818	0.0105165812	0	0	0	0	3
162	87	0.178364004	1.59532378	293.115386	293.099848	293.076431	293.179202	0.0306458279	0.0105623015	0	0	0	0	3
163	88	0.179855744	1.60517146	293.116182	293.100815	293.076431	293.179202	0.0311926364	0.0106063734	0	0	0	0	3
164	88	0.181709537	1.61501914	293.11634	293.101862	293.076431	293.179202	0.0317932307	0.0106478123	0	0	0	0	3
165	89	0.182791295	1.62486682	293.117045	293.102708	293.076431	293.179202	0.0321184784	0.0106877322	0	0	0	0	3
166	89	0.184316677	1.63471449	293.116907	293.103666	293.076431	293.179202	0.032533866	0.010725191	0	0	0	0	3
167	89	0.18567761	1.64456217	293.118196	293.104616	293.076431	293.179202	0.0328976288	0.0107591855	0	0	0	0	3
168	90	0.187066514	1.65440985	293.119091	293.105589	293.076431	293.179202	0.033233957	0.010792142	0	0	0	0	3
169	90	0.188523719	1.66425753	293.120218	293.106475	293.076431	293.179202	0.0335207354	0.010821917	0	0	0	0	3
170	91	0.190146264	1.6741052	293.122013	293.107298	293.076431	293.179202	0.0339761753	0.0108467898	0	0	0	0	3
171	91	0.191768144	1.68395288	293.123008	293.10791	293.076431	293.179202	0.0343213634	0.0108706147	0	0	0	0	3
172	92	0.193533076	1.69380056	293.124374	293.108594	293.076431	293.179202	0.0347135455	0.0108937587	0	0	0	0	3
173	92	0.195090862	1.70364824	293.127125	293.109364	293.076431	293.179202	0.0351086212	0.0109162509	0	0	0	0	3
174	93	0.19634476	1.71349592	293.131021	293.110119	293.076431	293.179202	0.0355102919	0.0109381183	0	0	0	0	3
175	94	0.196829827	1.72334359	293.127523	293.110629	293.076431	293.179202	0.0356497558	0.0109593865	0	0	0	0	3
176	94	0.197447311	1.73319127	293.127487	293.11117	293.076431	293.179202	0.0357669932	0.01098008	0	0	0	0	3
177	95	0.198328028	1.74303895	293.127039	293.111806	293.076431	293.179202	0.036239469	0.0110002216	0	0	0	0	3
178	95	0.19933402	1.75288663	293.135627	293.113074	293.091934	293.179202	0.0371727689	0.0110197808	0	0	0	0	3
179	96	0.199977378	1.7627343	293.126884	293.113069	293.091934	293.135627	0.0367191855	0.011038832	0	0	0	0	3
180	97	0.200966211	1.77258198	293.129225	293.113285	293.091934	293.135627	0.0363801793	0.0110568922	0	0	0	0	3
181	97	0.20199596	1.78242966	293.12916	293.113677	293.091934	293.135627	0.0364381756	0.0110744952	0	0	0	0	3
182	98	0.202929838	1.79227734	293.132079	293.113972	293.091934	293.135627	0.0362215091	0.0110916581	0	0	0	0	3
183	98	0.204204301	1.80212501	293.130221	293.114449	293.091934	293.135627	0.036277272	0.0111083972	0	0	0	0	3
184	99	0.20597929	1.81197269	293.131855	293.115078	293.091934	293.135627	0.036432045	0.0111247281	0	0	0	0	3
185	99	0.207072085	1.82182037	293.132512	293.11558	293.091934	293.135627	0.0364315039	0.0111406654	0	0	0	0	3
186	100	0.208710311	1.83166805	293.133181	293.116218	293.094294	293.135627	0.0365894234	0.0111557965	0	0	0	0	3
187	100	0.210309299	1.84151572	293.132336	293.116812	293.094294	293.135627	0.0365300523	0.0111705715	0	0	0	0	3
188	101	0.211784109	1.8513634	293.133592	293.117512	293.099089	293.135627	0.0365384531	0.0111844314	0	0	0	0	3
189	101	0.213175557	1.86121108	293.133177	293.118031	293.099747	293.135627	0.0358800685	0.0111977064	0	0	0	0	3
190	101	0.214712459	1.87105876	293.132854	293.118576	293.099747	293.135627	0.0358800685	0.011209377	0	0	0	0	3
191	102	0.216063419	1.88090644	293.133712	293.119171	293.099747	293.135627	0.0358800685	0.011219006	0	0	0	0	3
192	102	0.217499527	1.89075411	293.134443	293.119923	293.100951	293.135627	0.034676446	0.0112276176	0	0	0	0	3
193	103	0.219020589	1.90060179	293.135816	293.120697	293.101056	293.135816	0.0347599918	0.011234719	0	0	0	0	3
194	103	0.220584	1.91044947	293.137251	293.121488	293.102734	293.137251	0.0345168826	0.0112406759	0	0	0	0	3
195	104	0.222192513	1.92029715	293.138478	293.122495	293.102754	293.138478	0.035723339	0.0112462075	0	0	0	0	3
196	104	0.223932356	1.93014482	293.139474	293.123365	293.10455	293.139474	0.0349244843	0.0112516215	0	0	0	0	3
197	105	0.225423285	1.9399925	293.141546	293.124063	293.105946	293.141546	0.0355998398	0.0112569215	0	0	0	0	3
198	105	0.226838985	1.94984018	293.143948	293.124979	293.107411	293.143948	0.0365234955	0.0112621111	0	0	0	0	3
199	106	0.227845483	1.95968786	293.145172	293.125744	293.109988	293.145172	0.0351841398	0.011265427	0	0	0	0	3
200	106	0.228422257	1.96953553	293.145152	293.126343	293.11129	293.145172	0.0338823524	0.0112686753	0	0	0	0	3
201	107	0.228993462	1.97938321	293.144766	293.126809	293.11129	293.145172	0.0338823524	0.0112718579	0	0	0	0	3
202	108	0.229997251	1.98923089	293.147545	293.127277	293.11129	293.147545	0.0359520764	0.0112749769	0	0	0	0	3
203	109	0.231000268	1.99907857	293.147106	293.127762	293.113946	293.147545	0.0335993675	0.0112780341	0	0	0	0	3
204	109	0.232115297	2.00892625	293.145706	293.12826	293.113946	293.147545	0.0335993675	0.0112810314	0	0	0	0	3
205	110	0.23333404	2.01877392	293.145229	293.128781	293.113946	293.147545	0.0335993675	0.0112839705	0	0	0	0	3
206	110	0.234804298	2.0286216	293.14435	293.129362	293.113946	293.147545	0.0335993675	0.011286853	0	0	0	0	3
207	111	0.235531561	2.03846928	293.14986	293.129925	293.113946	293.14986	0.0348665922	0.0112896807	0	0	0	0	3
208	112	0.236601546	2.04831696	293.148219	293.130479	293.113946	293.14986	0.0344991943	0.0112903165	0	0	0	0	3
209	112	0.237855215	2.05816463	293.15067	293.131233	293.115386	293.15067	0.0342968458	0.0112908572	0	0	0	0	3
210	113	0.238758458	2.06801231	293.150424	293.131727	293.115386	293.15067	0.0337071948	0.0112904875	0	0	0	0	3
211	113	0.239800922	2.07785999	293.148947	293.132354	293.115386	293.15067	0.0335761405	0.0112901245	0	0	0	0	3
212	114	0.241393353	2.08770767	293.147839	293.13302	293.115386	293.15067	0.0331719489	0.0112897682	0	0	0	0	3
213	114	0.242457417	2.09755534	293.147222	293.133635	293.116182	293.15067	0.0328200539	0.0112894182	0	0	0	0	3
214	115	0.243928012	2.10740302	293.148041	293.134372	293.11634	293.15067	0.0325097268	0.0112890745	0	0	0	0	3
215	115	0.245106109	2.1172507	293.147587	293.135145	293.116907	293.15067	0.0324366254	0.0112887369	0	0	0	0	3
216	116	0.24670845	2.12709838	293.148039	293.135774	293.116907	293.15067	0.0321088887	0.0112884052	0	0	0	0	3
217	116	0.247935943	2.13694606	293.148108	293.136465	293.118196	293.15067	0.0318491568	0.0112880793	0	0	0	0	3
218	116	0.249255996	2.14679373	293.148851	293.137113	293.119091	293.15067	0.0315237053	0.011287759	0	0	0	0	3
219	117	0.250796973	2.15664141	293.149911	293.137815	293.120218	293.15067	0.0304524566	0.0112874442	0	0	0	0	3
220	117	0.252387986	2.16648909	293.151817	293.138566	293.122013	293.151817	0.0298035738	0.0112871347	0	0	0	0	3
221	118	0.253963863	2.17633677	293.152729	293.139336	293.123008	293.152729	0.0297212826	0.0112868304	0	0	0	0	3
222	118	0.255712098	2.18618444	293.153766	293.140145	293.124374	293.153766	0.0293924677	0.0112865312	0	0	0	0	3
223	119	0.257329319	2.19603212	293.155139	293.140961	293.126884	293.155139	0.0282544723	0.0112862369	0	0	0	0	3
224	119	0.258512804	2.2058798	293.157925	293.141618	293.126884	293.157925	0.031041027	0.0112859475	0	0	0	0	3
225	120	0.259491686	2.21572748	293.159099	293.142099	293.126884	293.159099	0.0314701962	0.0112856628	0	0	0	0	3
226	121	0.260025804	2.22557515	293.159527	293.142358	293.126884	293.159527	0.0311877472	0.0112853826	0	0	0	0	3
227	121	0.26054805	2.23542283	293.15767	293.14263	293.126884	293.159527	0.0308242498	0.0112851069	0	0	0	0	3
228	122	0.261517222	2.24527051	293.159227	293.143102	293.126884	293.159527	0.0300335837	0.0112848357	0	0	0	0	3
229	122	0.262648309	2.25511819	293.160134	293.143525	293.126884	293.160134	0.0304566163	0.0112712047	0	0	0	0	3
230	123	0.263673071	2.26496586	293.159076	293.143944	293.12916	293.160134	0.0306582732	0.0112414781	0	0	0	0	3
231	124	0.265010674	2.27481354	293.1582	293.144469	293.12916	293.160134	0.0307913525	0.0112122123	0	0	0	0	3
232	124	0.26574252	2.28466122	293.158052	293.144872	293.130221	293.160134	0.029912571	0.0111833969	0	0	0	0	3
233	125	0.26697486	2.2945089	293.159806	293.145346	293.130221	293.160134	0.029912571	0.0111550213	0	0	0	0	3
234	125	0.268464427	2.30435658	293.157011	293.145916	293.131855	293.160134	0.0282787705	0.0111270757	0	0	0	0	3
235	126	0.269159927	2.31420425	293.170319	293.14658	293.132336	293.170319	0.0310002149	0.0111079343	0	0	0	0	3
236	126	0.26990916	2.32405193	293.161328	293.147	293.132336	293.170319	0.0307827973	0.0110890785	0	0	0	0	3
237	127	0.271206568	2.33389961	293.162097	293.147676	293.132336	293.170319	0.0308644759	0.0110685882	0	0	0	0	3
238	127	0.272515853	2.34374729	293.161052	293.148352	293.132854	293.170319	0.0308396648	0.0110483992	0	0	0	0	3
239	128	0.273870325	2.35359496	293.15946	293.148945	293.132854	293.170319	0.0309134851	0.0110246739	0	0	0	0	3
240	128	0.275302289	2.36344264	293.160204	293.149557	293.132854	293.170319	0.0309813045	0.0110007701	0	0	0	0	3
241	129	0.276730448	2.37329032	293.159513	293.150201	293.133712	293.170319	0.0310298055	0.0109772103	0	0	0	0	3
242	129	0.277892475	2.383138	293.159377	293.150733	293.134443	293.170319	0.0308099063	0.0109539871	0	0	0	0	3
243	130	0.278967807	2.39298567	293.159473	293.151267	293.135816	293.170319	0.0305697297	0.0109301587	0	0	0	0	3
244	130	0.280217625	2.40283335	293.160375	293.151837	293.137251	293.170319	0.0303491365	0.0109065849	0	0	0	0	3
245	130	0.281626228	2.41268103	293.160658	293.152414	293.138478	293.170319	0.0299187262	0.0108820557	0	0	0	0	3
246	131	0.283062113	2.42252871	293.161823	293.153004	293.139474	293.170319	0.0296387788	0.0108578522	0	0	0	0	3
247	131	0.284591643	2.43237639	293.163427	293.153655	293.141546	293.170319	0.0287732421	0.0108326269	0	0	0	0	3
248	132	0.286194619	2.44222406	293.163833	293.154221	293.143948	293.170319	0.0263710362	0.0108067001	0	0	0	0	3
249	132	0.287746362	2.45207174	293.16505	293.154735	293.14435	293.170319	0.0259690337	0.0107800353	0	0	0	0	3
250	133	0.289312056	2.46191942	293.167256	293.155211	293.14435	293.170319	0.0259690337	0.0107518245	0	0	0	0	3
251	133	0.290599455	2.4717671	293.169863	293.155608	293.14435	293.170319	0.0259690337	0.0107230359	0	0	0	0	3
252	134	0.291108949	2.48161477	293.167557	293.155805	293.14435	293.170319	0.0259690337	0.0106946312	0	0	0	0	3
253	135	0.291749292	2.49146245	293.16808	293.156067	293.14435	293.170319	0.0259690337	0.0106666026	0	0	0	0	3
254	135	0.292660069	2.50131013	293.169902	293.156417	293.14435	293.170319	0.0259690337	0.0106370296	0	0	0	0	3
255	136	0.293629057	2.51115781	293.170529	293.156833	293.14435	293.170529	0.0261788137	0.0106079932	0	0	0	0	3
256	136	0.294759953	2.52100548	293.168072	293.157271	293.14435	293.170529	0.0261788137	0.010579334	0	0	0	0	3
257	137	0.296131084	2.53085316	293.168134	293.157823	293.147222	293.170529	0.0233068617	0.0105510445	0	0	0	0	3
258	137	0.297405497	2.54070084	293.169432	293.158156	293.147222	293.170529	0.0233068617	0.0105231178	0	0	0	0	3
259	138	0.298808845	2.55054852	293.169206	293.158576	293.147222	293.170529	0.0233068617	0.0104955468	0	0	0	0	3
260	138	0.300388867	2.5603962	293.17042	293.159034	293.147222	293.170529	0.0233068617	0.0104673271	0	0	0	0	3
261	139	0.301616093	2.57024387	293.169664	293.159365	293.147222	293.170529	0.0233068617	0.0104394624	0	0	0	0	3
262	139	0.303321208	2.58009155	293.169228	293.159801	293.147222	293.170529	0.0233068617	0.010411946	0	0	0	0	3
263	140	0.304805434	2.58993923	293.168366	293.160302	293.147222	293.170529	0.0233068617	0.0103847714	0	0	0	0	3
264	140	0.306104846	2.59978691	293.169299	293.160704	293.147587	293.170529	0.0229414586	0.0103573947	0	0	0	0	3
265	141	0.307395306	2.60963458	293.16865	293.161159	293.147587	293.170529	0.0229414586	0.0103302474	0	0	0	0	3
266	141	0.309097534	2.61948226	293.168097	293.161593	293.148039	293.170529	0.0224899677	0.0103030529	0	0	0	0	3
267	142	0.310613146	2.62932994	293.168732	293.162103	293.148108	293.170529	0.0224211055	0.010276188	0	0	0	0	3
268	142	0.311967834	2.63917762	293.168978	293.162516	293.148851	293.170529	0.0216780078	0.0102487967	0	0	0	0	3
269	143	0.313512015	2.64902529	293.169891	293.162974	293.149911	293.170529	0.0206183102	0.0102211463	0	0	0	0	3
270	143	0.315092228	2.65887297	293.17129	293.163492	293.151817	293.17129	0.0194737546	0.0101935872	0	0	0	0	3
271	144	0.316709114	2.66872065	293.17193	293.163993	293.152729	293.17193	0.0192009954	0.0101656057	0	0	0	0	3
272	144	0.318481689	2.67856833	293.172847	293.164511	293.153766	293.172847	0.0190809412	0.0101379033	0	0	0	0	3
273	145	0.319744458	2.688416	293.173524	293.164982	293.155139	293.173524	0.0183848545	0.0101100835	0	0	0	0	3
274	145	0.321140816	2.69826368	293.175907	293.165471	293.157011	293.175907	0.0188966968	0.0100825067	0	0	0	0	3
275	146	0.322041154	2.70811136	293.17727	293.165779	293.157011	293.17727	0.0202596037	0.0100561112	0	0	0	0	3
276	147	0.322654918	2.71795904	293.179365	293.166014	293.157011	293.179365	0.0223542946	0.0100313369	0	0	0	0	3
277	147	0.323161095	2.72780672	293.173025	293.166125	293.157011	293.179365	0.0223542946	0.0100068458	0	0	0	0	3
278	148	0.324152458	2.73765439	293.173315	293.166307	293.157011	293.179365	0.0223542946	0.00998263304	0	0	0	0	3
279	148	0.325167069	2.74750207	293.18135	293.166654	293.157011	293.18135	0.0231288775	0.00995992159	0	0	0	0	3
280	149	0.325963503	2.75734975	293.173558	293.166858	293.157011	293.18135	0.0229139384	0.00993746533	0	0	0	0	3
281	150	0.327209014	2.76719743	293.175333	293.167149	293.157011	293.18135	0.0226805984	0.00991386814	0	0	0	0	3
282	150	0.328354553	2.7770451	293.176189	293.167502	293.157011	293.18135	0.0226298167	0.00989053314	0	0	0	0	3
283	151	0.329124601	2.78689278	293.173854	293.167688	293.157011	293.18135	0.0223422035	0.00986681411	0	0	0	0	3
284	151	0.330645355	2.79674046	293.175611	293.16803	293.157011	293.18135	0.0221136382	0.00984335574	0	0	0	0	3
285	152	0.332261929	2.80658814	293.176979	293.168514	293.159377	293.18135	0.0219340063	0.00981917636	0	0	0	0	3
286	152	0.333423847	2.81643581	293.17888	293.168682	293.159377	293.18135	0.0216813759	0.00979497354	0	0	0	0	3
287	153	0.334619324	2.82628349	293.177852	293.168936	293.159377	293.18135	0.0212602682	0.00977103238	0	0	0	0	3
288	153	0.33598329	2.83613117	293.175777	293.169217	293.159377	293.18135	0.0208654645	0.00974734865	0	0	0	0	3
289	154	0.337334583	2.84597885	293.177441	293.169554	293.159377	293.18135	0.020608909	0.00972361519	0	0	0	0	3
290	154	0.339176689	2.85582653	293.176594	293.169962	293.159377	293.18135	0.0204041642	0.00970013422	0	0	0	0	3
291	155	0.339603248	2.8656742	293.17611	293.17022	293.159377	293.18135	0.0200190267	0.00967690172	0	0	0	0	3
292	155	0.341525802	2.87552188	293.176362	293.170638	293.159377	293.18135	0.0199045502	0.00965341896	0	0	0	0	3
293	156	0.343019431	2.88536956	293.176791	293.17098	293.159473	293.18135	0.019713116	0.00962976341	0	0	0	0	3
294	156	0.344589859	2.89521724	293.176997	293.171313	293.160375	293.18135	0.0194756193	0.00960557147	0	0	0	0	3
295	156	0.346189392	2.90506491	293.178218	293.171687	293.160658	293.18135	0.0192731081	0.00958081602	0	0	0	0	3
296	157	0.347869737	2.91491259	293.179198	293.172112	293.161823	293.18135	0.0191079142	0.00955562375	0	0	0	0	3
297	157	0.349561748	2.92476027	293.179813	293.17253	293.163427	293.18135	0.0179228097	0.00953013038	0	0	0	0	3
298	158	0.350862357	2.93460795	293.180841	293.172903	293.163833	293.18135	0.0175165914	0.00950373991	0	0	0	0	3
299	158	0.352010714	2.94445562	293.181998	293.173283	293.16505	293.181998	0.0169474456	0.00947664241	0	0	0	0	3
300	159	0.353291605	2.9543033	293.18343	293.173676	293.167256	293.18343	0.016173981	0.00945038814	0	0	0	0	3
301	160	0.354050891	2.96415098	293.18363	293.173948	293.167557	293.18363	0.0160731599	0.00942450765	0	0	0	0	3
302	161	0.354625661	2.97399866	293.180064	293.174085	293.167557	293.18363	0.0160731599	0.00939888596	0	0	0	0	3
303	162	0.355551839	2.98384633	293.180405	293.174228	293.168072	293.18363	0.0155576426	0.00937351921	0	0	0	0	3
304	162	0.356602745	2.99369401	293.183529	293.174439	293.168072	293.18363	0.0155576426	0.00934840363	0	0	0	0	3
305	163	0.357653522	3.00354169	293.182265	293.174629	293.168072	293.18363	0.0155576426	0.00932353548	0	0	0	0	3
306	164	0.35910352	3.01338937	293.182348	293.174861	293.168072	293.18363	0.0155576426	0.00929891114	0	0	0	0	3
307	164	0.360225817	3.02323705	293.183223	293.175122	293.168097	293.18363	0.0155324659	0.00927452704	0	0	0	0	3
308	165	0.361725526	3.03308472	293.181672	293.175417	293.168097	293.18363	0.0155324659	0.00924885342	0	0	0	0	3
309	165	0.363018659	3.0429324	293.185008	293.175723	293.168097	293.185008	0.0169103919	0.00922415659	0	0	0	0	3
310	166	0.364276004	3.05278008	293.185237	293.176045	293.168097	293.185237	0.01701125	0.00919981819	0	0	0	0	3
311	166	0.365857422	3.06262776	293.184352	293.176381	293.168097	293.185237	0.0170163797	0.00917571269	0	0	0	0	3
312	167	0.367527519	3.07247543	293.183462	293.176686	293.168097	293.185237	0.0168851151	0.00915183678	0	0	0	0	3
313	167	0.368898558	3.08232311	293.183473	293.177022	293.168097	293.185237	0.0167200625	0.00912818717	0	0	0	0	3
314	168	0.370486244	3.09217079	293.182764	293.177356	293.168097	293.185237	0.0166521139	0.00910476067	0	0	0	0	3
315	168	0.371782203	3.10201847	293.18247	293.177616	293.168097	293.185237	0.0164574323	0.00908136633	0	0	0	0	3
316	169	0.37297857	3.11186614	293.181923	293.177871	293.168097	293.185237	0.0162780132	0.00905819063	0	0	0	0	3
317	169	0.37444231	3.12171382	293.182442	293.178229	293.168732	293.185237	0.0161258504	0.00903500063	0	0	0	0	3
318	169	0.375970228	3.1315615	293.183252	293.178566	293.168978	293.185237	0.0160497705	0.00901199044	0	0	0	0	3
319	170	0.377501684	3.14140918	293.184001	293.178891	293.169891	293.185237	0.0153466831	0.00898881744	0	0	0	0	3
320	170	0.379109453	3.15125686	293.185108	293.179256	293.17129	293.185237	0.0139469764	0.00896532488	0	0	0	0	3
321	171	0.38079208	3.16110453	293.185152	293.179598	293.17193	293.185237	0.013307292	0.00894109402	0	0	0	0	3
322	171	0.382122396	3.17095221	293.186447	293.179927	293.172847	293.186447	0.0136001903	0.00891723145	0	0	0	0	3
323	172	0.383189379	3.18079989	293.187855	293.180252	293.173025	293.187855	0.0148307611	0.00889376864	0	0	0	0	3
324	173	0.384364493	3.19064757	293.18956	293.180552	293.173025	293.18956	0.0150816866	0.00887068122	0	0	0	0	3
325	173	0.385323144	3.20049524	293.190977	293.180809	293.173025	293.190977	0.0150306542	0.00884757721	0	0	0	0	3
326	174	0.38583341	3.21034292	293.187696	293.180914	293.173025	293.190977	0.0149001541	0.00882467948	0	0	0	0	3
327	174	0.386429027	3.2201906	293.187897	293.180994	293.173025	293.190977	0.0148691916	0.0088019853	0	0	0	0	3
328	175	0.387521734	3.23003828	293.187033	293.18116	293.173315	293.190977	0.0148529136	0.00877949194	0	0	0	0	3
329	176	0.388581616	3.23988595	293.18744	293.181384	293.173558	293.190977	0.0147293411	0.00875719676	0	0	0	0	3
330	176	0.389375925	3.24973363	293.187582	293.181461	293.173558	293.190977	0.0146032264	0.00873509716	0	0	0	0	3
331	177	0.390565571	3.25958131	293.189748	293.181711	293.173854	293.190977	0.0145616055	0.00871319056	0	0	0	0	3
332	177	0.391968165	3.26942899	293.191562	293.182047	293.173854	293.191562	0.0145451751	0.00869175278	0	0	0	0	3
333	178	0.393448824	3.27927667	293.188626	293.1823	293.173854	293.191562	0.0146116247	0.00867050061	0	0	0	0	3
334	178	0.394699213	3.28912434	293.192581	293.182595	293.175611	293.192581	0.0145650578	0.00864991265	0	0	0	0	3
335	179	0.395907962	3.29897202	293.190603	293.182906	293.175777	293.192581	0.0143920808	0.0086295014	0	0	0	0	3
336	179	0.397211743	3.3088197	293.190606	293.183208	293.175777	293.192581	0.0145262892	0.00860815781	0	0	0	0	3
337	180	0.39851066	3.31866738	293.188353	293.183388	293.175777	293.192581	0.0144516669	0.00858699586	0	0	0	0	3
338	180	0.400304382	3.32851505	293.187927	293.183613	293.175777	293.192581	0.0143953541	0.00856601325	0	0	0	0	3
339	180	0.401573954	3.33836273	293.187514	293.183851	293.17611	293.192581	0.0142974268	0.00854520771	0	0	0	0	3
340	181	0.403053454	3.34821041	293.187519	293.184065	293.17611	293.192581	0.0141038806	0.008524577	0	0	0	0	3
341	181	0.404447462	3.35805809	293.187315	293.184346	293.17611	293.192581	0.0141260818	0.00850411894	0	0	0	0	3
342	182	0.405997561	3.36790576	293.187024	293.184461	293.176362	293.192581	0.0138232838	0.00848383136	0	0	0	0	3
343	182	0.407608771	3.37775344	293.187799	293.184778	293.176791	293.192581	0.0137982159	0.00846371214	0	0	0	0	3
344	183	0.409204191	3.38760112	293.188995	293.18506	293.176997	293.192581	0.0137475528	0.00844371565	0	0	0	0	3
345	183	0.410865054	3.3974488	293.189777	293.185369	293.178218	293.192581	0.0136821794	0.00842347705	0	0	0	0	3
346	184	0.412606829	3.40729647	293.190353	293.185672	293.179198	293.192581	0.0133829877	0.00840327737	0	0	0	0	3
347	184	0.414098425	3.41714415	293.191258	293.185962	293.179813	293.192581	0.0127677881	0.00838272227	0	0	0	0	3
348	185	0.415190817	3.42699183	293.193667	293.186249	293.180064	293.193667	0.0133455702	0.0083621034	0	0	0	0	3
349	185	0.416316753	3.43683951	293.194986	293.186507	293.180064	293.194986	0.013223742	0.00835771251	0	0	0	0	3
350	186	0.416897	3.44668719	293.193642	293.18665	293.180064	293.194986	0.0129741506	0.00835771251	0	0	0	0	3
351	186	0.417442527	3.45653486	293.192879	293.186768	293.180064	293.194986	0.012819407	0.00835771251	0	0	0	0	3
352	187	0.418335239	3.46638254	293.191276	293.186867	293.180064	293.194986	0.0127820251	0.00835771251	0	0	0	0	3
353	188	0.419333134	3.47623022	293.192344	293.187012	293.180405	293.194986	0.0127844617	0.00835771251	0	0	0	0	3
354	188	0.420307231	3.4860779	293.190707	293.187162	293.181672	293.194986	0.0127231217	0.00835771251	0	0	0	0	3
355	189	0.421709399	3.49592557	293.190999	293.187304	293.181672	293.194986	0.0126742874	0.00835771251	0	0	0	0	3
356	190	0.423220391	3.50577325	293.195853	293.187581	293.181672	293.195853	0.0127204181	0.00835771251	0	0	0	0	3
357	190	0.42484105	3.51562093	293.193588	293.187845	293.181672	293.195853	0.0127232962	0.00835771251	0	0	0	0	3
358	191	0.425788364	3.52546861	293.197083	293.188057	293.181672	293.197083	0.0126400508	0.00835771251	0	0	0	0	3
359	191	0.427336439	3.53531628	293.194465	293.188355	293.181923	293.197083	0.0126319189	0.00835771251	0	0	0	0	3
360	192	0.428955382	3.54516396	293.19245	293.188521	293.181923	293.197083	0.0124756846	0.00835771251	0	0	0	0	3
361	192	0.429912866	3.55501164	293.192921	293.188648	293.181923	293.197083	0.0122663727	0.00835771251	0	0	0	0	3
362	193	0.431753919	3.56485932	293.192304	293.188853	293.181923	293.197083	0.0121671618	0.00835771251	0	0	0	0	3
363	193	0.432761005	3.574707	293.192362	293.189045	293.181923	293.197083	0.0120235542	0.00835771251	0	0	0	0	3
364	193	0.434496159	3.58455467	293.191885	293.189237	293.181923	293.197083	0.0118807306	0.00835771251	0	0	0	0	3
365	194	0.435483443	3.59440235	293.190703	293.189417	293.181923	293.197083	0.0118008149	0.00835771251	0	0	0	0	3
366	194	0.436732031	3.60425003	293.191435	293.189595	293.181923	293.197083	0.0117232376	0.00835771251	0	0	0	0	3
367	195	0.438150209	3.61409771	293.192327	293.189795	293.182442	293.197083	0.0115665177	0.00835771251	0	0	0	0	3
368	195	0.439685371	3.62394538	293.192617	293.190026	293.183252	293.197083	0.0114602169	0.00835771251	0	0	0	0	3
369	196	0.441288837	3.63379306	293.193704	293.190275	293.184001	293.197083	0.0113837599	0.00835771251	0	0	0	0	3
370	196	0.442826809	3.64364074	293.194053	293.190511	293.185108	293.197083	0.0112555572	0.00835771251	0	0	0	0	3
371	196	0.444472291	3.65348842	293.194825	293.190753	293.185152	293.197083	0.0111544793	0.00835771251	0	0	0	0	3
372	197	0.445745398	3.66333609	293.195391	293.190989	293.186447	293.197083	0.0106355451	0.00835771251	0	0	0	0	3
373	198	0.446883545	3.67318377	293.198316	293.191211	293.187024	293.198316	0.0109590422	0.00835771251	0	0	0	0	3
374	198	0.447966472	3.68303145	293.197393	293.191369	293.187024	293.198316	0.0108169008	0.00835771251	0	0	0	0	3
375	199	0.448630825	3.69287913	293.199541	293.191487	293.187024	293.199541	0.0106776931	0.00835771251	0	0	0	0	3
376	199	0.449201148	3.70272681	293.196348	293.191538	293.187024	293.199541	0.0106237176	0.00835771251	0	0	0	0	3
377	200	0.450279394	3.71257448	293.199459	293.191701	293.187024	293.199541	0.0107065443	0.00835771251	0	0	0	0	3
378	200	0.451221634	3.72242216	293.19714	293.191815	293.187024	293.199541	0.0106553979	0.00835771251	0	0	0	0	3
379	201	0.452382577	3.73226984	293.192789	293.191913	293.187024	293.199541	0.0105293756	0.00835771251	0	0	0	0	3
380	202	0.452673632	3.74211752	293.218054	293.192106	293.187024	293.218054	0.0106448407	0.00835771251	0	0	0	0	3
381	202	0.453145915	3.75196519	293.209878	293.192294	293.187024	293.218054	0.0105827718	0.00835771251	0	0	0	0	3
382	203	0.453717806	3.76181287	293.196268	293.192378	293.187024	293.218054	0.0103306983	0.00835771251	0	0	0	0	3
383	203	0.454669879	3.77166055	293.198031	293.192482	293.187024	293.218054	0.0101820527	0.00835771251	0	0	0	0	3
384	203	0.455236509	3.78150823	293.200058	293.192644	293.187024	293.218054	0.0100487086	0.00835771251	0	0	0	0	3
385	204	0.456660672	3.7913559	293.196962	293.192744	293.187024	293.218054	0.00983817175	0.00835771251	0	0	0	0	3
386	204	0.457837836	3.80120358	293.200435	293.192932	293.187024	293.218054	0.00972406662	0.00835771251	0	0	0	0	3
387	205	0.458689101	3.81105126	293.198418	293.193057	293.187024	293.218054	0.00966943055	0.00835771251	0	0	0	0	3
388	205	0.459713279	3.82089894	293.198034	293.19324	293.187024	293.218054	0.00962784813	0.00835771251	0	0	0	0	3
389	206	0.461241776	3.83074661	293.197214	293.193497	293.187024	293.218054	0.00964546849	0.00835771251	0	0	0	0	3
390	206	0.46256327	3.84059429	293.196799	293.193693	293.187024	293.218054	0.00962718331	0.00835771251	0	0	0	0	3
391	207	0.464218767	3.85044197	293.196293	293.193912	293.187024	293.218054	0.0095666189	0.00835771251	0	0	0	0	3
392	207	0.465557986	3.86028965	293.195318	293.194094	293.187024	293.218054	0.00963247719	0.00835771251	0	0	0	0	3
393	207	0.466957343	3.87013733	293.194664	293.194287	293.187799	293.218054	0.0095083442	0.00835771251	0	0	0	0	3
394	208	0.468114904	3.879985	293.195054	293.194474	293.188995	293.218054	0.0094138988	0.00835771251	0	0	0	0	3
395	208	0.469428055	3.88983268	293.196322	293.194659	293.189777	293.218054	0.00929008893	0.00835771251	0	0	0	0	3
396	209	0.470954763	3.89968036	293.196482	293.194841	293.190353	293.218054	0.00916843229	0.00835771251	0	0	0	0	3
397	209	0.472576218	3.90952804	293.197731	293.195049	293.190703	293.218054	0.00908688634	0.00835771251	0	0	0	0	3
398	210	0.474121477	3.91937571	293.197936	293.195218	293.190703	293.218054	0.00896864902	0.00835771251	0	0	0	0	3
399	210	0.475810684	3.92922339	293.198391	293.195334	293.190703	293.218054	0.00882727987	0.00835771251	0	0	0	0	3
400	211	0.477403718	3.93907107	293.200008	293.195462	293.190703	293.218054	0.00881197865	0.00835771251	0	0	0	0	3
401	212	0.478653783	3.94891875	293.202482	293.195622	293.190703	293.218054	0.00885390382	0.00835771251	0	0	0	0	3
402	213	0.479517705	3.95876642	293.202259	293.195738	293.190703	293.218054	0.0088707204	0.00835771251	0	0	0	0	3
403	213	0.480000534	3.9686141	293.202137	293.195853	293.190703	293.218054	0.00884053782	0.00835771251	0	0	0	0	3
404	214	0.480563074	3.97846178	293.201548	293.195962	293.190703	293.218054	0.00879997266	0.00835771251	0	0	0	0	3
405	215	0.481538527	3.98830946	293.200339	293.196116	293.190703	293.218054	0.00881201696	0.00835771251	0	0	0	0	3
406	215	0.482711668	3.99815714	293.200115	293.19631	293.190703	293.218054	0.00872877207	0.00835771251	0	0	0	0	3
407	216	0.483581008	4.00800481	293.197799	293.196343	293.190703	293.218054	0.00849815752	0.00835771251	0	0	0	0	3
408	217	0.484925703	4.01785249	293.200276	293.196505	293.190703	293.218054	0.00844789336	0.00835771251	0	0	0	0	3
409	217	0.486415835	4.02770017	293.199882	293.196579	293.190703	293.218054	0.00822473149	0.00835771251	0	0	0	0	3
410	218	0.48782454	4.03754785	293.202691	293.196776	293.190703	293.218054	0.00825499037	0.00835771251	0	0	0	0	3
411	218	0.489297969	4.04739552	293.203134	293.197047	293.190703	293.218054	0.00839919644	0.00835771251	0	0	0	0	3
412	219	0.490470668	4.0572432	293.200492	293.197179	293.190703	293.218054	0.00832589351	0.00835771251	0	0	0	0	3
413	219	0.491536507	4.06709088	293.199551	293.197371	293.190703	293.218054	0.0083260913	0.00835771251	0	0	0	0	3
414	220	0.492964201	4.07693856	293.19932	293.197501	293.190703	293.218054	0.00826449777	0.00835771251	0	0	0	0	3
415	220	0.494347322	4.08678623	293.19931	293.197706	293.190703	293.218054	0.00828872323	0.00835771251	0	0	0	0	3
416	221	0.496009749	4.09663391	293.199057	293.197857	293.191435	293.218054	0.00826263066	0.00835771251	0	0	0	0	3
417	221	0.497607378	4.10648159	293.198384	293.198003	293.192327	293.218054	0.00820789756	0.00835771251	0	0	0	0	3
418	222	0.499285615	4.11632927	293.198417	293.198146	293.192617	293.218054	0.00811957327	0.00835771251	0	0	0	0	3
419	222	0.500750642	4.12617695	293.198217	293.198287	293.192789	293.218054	0.00801151638	0.00835771251	0	0	0	0	3
420	222	0.502359824	4.13602462	293.199033	293.198427	293.192789	293.218054	0.00791544411	0.00835771251	0	0	0	0	3
421	223	0.50407349	4.1458723	293.200352	293.19859	293.192789	293.218054	0.00783763158	0.00835771251	0	0	0	0	3
422	223	0.505686481	4.15571998	293.200682	293.198747	293.192789	293.218054	0.00775795372	0.00835771251	0	0	0	0	3
423	224	0.507382169	4.16556766	293.201098	293.198881	293.192789	293.218054	0.00766990249	0.00835771251	0	0	0	0	3
424	225	0.508903636	4.17541533	293.202475	293.198979	293.192789	293.218054	0.00760983926	0.00835771251	0	0	0	0	3
425	225	0.510066921	4.18526301	293.20447	293.19911	293.192789	293.218054	0.00762280419	0.00835771251	0	0	0	0	3
426	226	0.511027128	4.19511069	293.204769	293.199192	293.192789	293.218054	0.007654238	0.00835771251	0	0	0	0	3
427	226	0.511557313	4.20495837	293.202975	293.19925	293.192789	293.218054	0.00754946136	0.00835771251	0	0	0	0	3
428	227	0.512454204	4.21480604	293.203155	293.199303	293.192789	293.218054	0.00748810826	0.00835771251	0	0	0	0	3
429	228	0.513448862	4.22465372	293.206352	293.199449	293.192789	293.218054	0.00753553211	0.00835771251	0	0	0	0	3
430	228	0.514241163	4.2345014	293.202304	293.19961	293.194664	293.218054	0.00750439971	0.00835771251	0	0	0	0	3
431	229	0.515426051	4.24434908	293.203969	293.199607	293.194664	293.209878	0.00731643609	0.00835771251	0	0	0	0	3
432	230	0.516296869	4.25419675	293.202438	293.199569	293.194664	293.206352	0.00723248614	0.00835771251	0	0	0	0	3
433	230	0.517675038	4.26404443	293.203029	293.199673	293.194664	293.206352	0.00719144773	0.00835771251	0	0	0	0	3
434	231	0.5188804	4.27389211	293.202733	293.199755	293.194664	293.206352	0.00711134465	0.00835771251	0	0	0	0	3
435	231	0.52065426	4.28373979	293.202658	293.199831	293.194664	293.206352	0.00708692848	0.00835771251	0	0	0	0	3
436	232	0.521695584	4.29358747	293.20361	293.199954	293.194664	293.206352	0.00702228411	0.00835771251	0	0	0	0	3
437	232	0.523126579	4.30343514	293.202555	293.200003	293.194664	293.206352	0.00694532264	0.00835771251	0	0	0	0	3
438	233	0.524758322	4.31328282	293.201178	293.200052	293.194664	293.206352	0.00681163776	0.00835771251	0	0	0	0	3
439	233	0.526193806	4.3231305	293.201396	293.200112	293.194664	293.206352	0.00661567859	0.00835771251	0	0	0	0	3
440	234	0.528086616	4.33297818	293.200864	293.2002	293.194664	293.206352	0.00650713824	0.00835771251	0	0	0	0	3
441	234	0.529314796	4.34282585	293.200362	293.20027	293.194664	293.206352	0.00635773464	0.00835771251	0	0	0	0	3
442	234	0.53105515	4.35267353	293.200134	293.200365	293.194664	293.206352	0.0062713988	0.00835771251	0	0	0	0	3
443	235	0.532644077	4.36252121	293.201092	293.200483	293.194664	293.206352	0.00619652061	0.00835771251	0	0	0	0	3
444	235	0.534221951	4.37236889	293.20123	293.200622	293.195054	293.206352	0.0061476523	0.00835771251	0	0	0	0	3
445	236	0.535886985	4.38221656	293.202334	293.200759	293.196322	293.206352	0.0060993688	0.00835771251	0	0	0	0	3
446	236	0.537566918	4.39206424	293.202336	293.200883	293.196482	293.206352	0.00604248211	0.00835771251	0	0	0	0	3
447	237	0.539005715	4.40191192	293.203438	293.201036	293.197731	293.206352	0.00598673553	0.00835771251	0	0	0	0	3
448	237	0.540616784	4.4117596	293.205025	293.201209	293.197799	293.206352	0.00599140015	0.00835771251	0	0	0	0	3
449	238	0.541901461	4.42160728	293.206837	293.20139	293.197799	293.206837	0.00605632089	0.00835771251	0	0	0	0	3
450	238	0.542548415	4.43145495	293.20839	293.201534	293.197799	293.20839	0.00607178688	0.00835771251	0	0	0	0	3
451	239	0.543083768	4.44130263	293.202567	293.20158	293.197799	293.20839	0.00595803256	0.00835771251	0	0	0	0	3
452	239	0.544063097	4.45115031	293.206177	293.201631	293.197799	293.20839	0.00589314593	0.00835771251	0	0	0	0	3
453	240	0.545153765	4.46099799	293.207505	293.201721	293.197799	293.20839	0.00586777882	0.00835771251	0	0	0	0	3
454	241	0.546332243	4.47084566	293.205247	293.20178	293.197799	293.20839	0.00581788156	0.00835771251	0	0	0	0	3
455	241	0.547729155	4.48069334	293.203485	293.201818	293.197799	293.20839	0.00570195274	0.00835771251	0	0	0	0	3
456	242	0.549174004	4.49054102	293.204619	293.201899	293.197799	293.20839	0.00558861179	0.00835771251	0	0	0	0	3
457	242	0.550683033	4.5003887	293.201803	293.201927	293.197799	293.20839	0.00558438401	0.00835771251	0	0	0	0	3
458	243	0.551755068	4.51023637	293.208651	293.202086	293.198217	293.208651	0.00558042839	0.00835771251	0	0	0	0	3
459	243	0.55288635	4.52008405	293.206988	293.202203	293.198217	293.208651	0.00562387579	0.00835771251	0	0	0	0	3
460	244	0.554411271	4.52993173	293.204311	293.202301	293.198217	293.208651	0.00552555685	0.00835771251	0	0	0	0	3
461	244	0.555942334	4.53977941	293.203948	293.20233	293.198217	293.208651	0.00528321835	0.00835771251	0	0	0	0	3
462	245	0.55758743	4.54962709	293.203844	293.202349	293.198217	293.208651	0.00517039194	0.00835771251	0	0	0	0	3
463	245	0.559018158	4.55947476	293.20271	293.202389	293.198217	293.208651	0.00501728131	0.00835771251	0	0	0	0	3
464	246	0.560345705	4.56932244	293.202091	293.202427	293.198217	293.208651	0.00492548935	0.00835771251	0	0	0	0	3
465	246	0.561764685	4.57917012	293.202467	293.202492	293.198217	293.208651	0.00478619074	0.00835771251	0	0	0	0	3
466	246	0.563126891	4.5890178	293.202413	293.202555	293.198217	293.208651	0.00469729482	0.00835771251	0	0	0	0	3
467	247	0.564603296	4.59886547	293.202981	293.202649	293.198217	293.208651	0.0046456792	0.00835771251	0	0	0	0	3
468	247	0.566085979	4.60871315	293.20381	293.202773	293.198217	293.208651	0.00462728774	0.00835771251	0	0	0	0	3
469	248	0.567672347	4.61856083	293.204439	293.202919	293.198217	293.208651	0.00463212931	0.00835771251	0	0	0	0	3
470	248	0.56937731	4.62840851	293.204562	293.20306	293.199033	293.208651	0.00463335909	0.00835771251	0	0	0	0	3
471	249	0.570614183	4.63825618	293.205214	293.203194	293.200134	293.208651	0.00460366193	0.00835771251	0	0	0	0	3
472	249	0.571698713	4.64810386	293.206519	293.203319	293.200134	293.208651	0.00457267795	0.00835771251	0	0	0	0	3
473	250	0.572918837	4.65795154	293.208659	293.203479	293.200134	293.208659	0.00459885366	0.00835771251	0	0	0	0	3
474	251	0.573840946	4.66779922	293.209691	293.203626	293.200134	293.209691	0.00464723511	0.00835771251	0	0	0	0	3
475	251	0.574336828	4.67764689	293.207441	293.203682	293.200134	293.209691	0.00457238751	0.00835771251	0	0	0	0	3
476	252	0.574924197	4.68749457	293.204948	293.203679	293.200134	293.209691	0.00448989589	0.00835771251	0	0	0	0	3
477	252	0.576021665	4.69734225	293.204199	293.203672	293.200134	293.209691	0.00443172213	0.00835771251	0	0	0	0	3
478	253	0.577056374	4.70718993	293.205654	293.203709	293.200134	293.209691	0.00440597223	0.00835771251	0	0	0	0	3
479	254	0.577967657	4.71703761	293.20431	293.203725	293.200134	293.209691	0.00427648237	0.00835771251	0	0	0	0	3
480	254	0.579340744	4.72688528	293.204925	293.20371	293.200134	293.209691	0.00415596406	0.00835771251	0	0	0	0	3
481	255	0.580420565	4.73673296	293.206125	293.203767	293.200134	293.209691	0.00419754622	0.00835771251	0	0	0	0	3
482	255	0.582017098	4.74658064	293.206891	293.203838	293.200134	293.209691	0.00426886282	0.00835771251	0	0	0	0	3
483	256	0.583679779	4.75642832	293.208625	293.203974	293.200134	293.209691	0.00430099238	0.00835771251	0	0	0	0	3
484	257	0.584757171	4.76627599	293.206385	293.204032	293.200134	293.209691	0.00427733564	0.00835771251	0	0	0	0	3
485	257	0.585531352	4.77612367	293.207191	293.204092	293.200134	293.209691	0.00426142645	0.00835771251	0	0	0	0	3
486	258	0.586847811	4.78597135	293.204112	293.204131	293.200134	293.209691	0.00417690269	0.00835771251	0	0	0	0	3
487	258	0.588348295	4.79581903	293.205558	293.204171	293.200134	293.209691	0.0041688135	0.00835771251	0	0	0	0	3
488	259	0.590176489	4.8056667	293.205342	293.204238	293.200134	293.209691	0.00418577246	0.00835771251	0	0	0	0	3
489	259	0.591440902	4.81551438	293.203986	293.204308	293.200134	293.209691	0.00419576147	0.00835771251	0	0	0	0	3
490	260	0.592846943	4.82536206	293.20429	293.20437	293.200134	293.209691	0.0041705438	0.00835771251	0	0	0	0	3
491	260	0.594768583	4.83520974	293.204845	293.204484	293.200134	293.209691	0.0042134566	0.00835771251	0	0	0	0	3
492	261	0.596541601	4.84505742	293.204913	293.20457	293.200134	293.209691	0.00420511297	0.00835771251	0	0	0	0	3
493	261	0.598320444	4.85490509	293.20604	293.204724	293.201092	293.209691	0.00424078354	0.00835771251	0	0	0	0	3
494	261	0.599902065	4.86475277	293.206082	293.204842	293.20123	293.209691	0.00421991398	0.00835771251	0	0	0	0	3
495	262	0.601619079	4.87460045	293.206452	293.204967	293.201803	293.209691	0.00420834264	0.00835771251	0	0	0	0	3
496	263	0.603077536	4.88444813	293.207678	293.205091	293.201803	293.209691	0.00420806504	0.00835771251	0	0	0	0	3
497	263	0.604183413	4.8942958	293.209719	293.205238	293.201803	293.209719	0.00420161445	0.00835771251	0	0	0	0	3
498	264	0.60520678	4.90414348	293.211998	293.205381	293.201803	293.211998	0.00417203514	0.00835771251	0	0	0	0	3
499	264	0.60571309	4.91399116	293.209067	293.205419	293.201803	293.211998	0.00402821555	0.00835771251	0	0	0	0	3
500	265	0.606304124	4.92383884	293.206676	293.205402	293.201803	293.211998	0.0038844487	0.00835771251	0	0	0	0	3
501	266	0.607388203	4.93368651	293.209639	293.205443	293.201803	293.211998	0.00386326889	0.00835771251	0	0	0	0	3
502	267	0.608545482	4.94353419	293.208026	293.205512	293.201803	293.211998	0.00388086079	0.00835771251	0	0	0	0	3
503	267	0.609901701	4.95338187	293.204255	293.205476	293.201803	293.211998	0.00379152451	0.00835771251	0	0	0	0	3
504	268	0.610266568	4.96322955	293.213928	293.20549	293.201803	293.213928	0.00373190735	0.00835771251	0	0	0	0	3
505	268	0.61103222	4.97307722	293.212196	293.205573	293.201803	293.213928	0.00375589617	0.00835771251	0	0	0	0	3
506	269	0.612145846	4.9829249	293.211217	293.205716	293.201803	293.213928	0.00381758108	0.00835771251	0	0	0	0	3
507	270	0.61311422	4.99277258	293.211227	293.205825	293.201803	293.213928	0.00389717664	0.00835771251	0	0	0	0	3
508	270	0.613460283	5.00262026	293.215292	293.205973	293.202091	293.215292	0.00388766225	0.00835771251	0	0	0	0	3
509	271	0.614720113	5.01246794	293.212844	293.206065	293.202091	293.215292	0.00386212288	0.00835771251	0	0	0	0	3
510	271	0.615705223	5.02231561	293.209547	293.206103	293.202091	293.215292	0.00380196972	0.00835771251	0	0	0	0	3
511	271	0.61645743	5.03216329	293.207216	293.206161	293.202091	293.215292	0.00383056036	0.00835771251	0	0	0	0	3
512	272	0.61758421	5.04201097	293.204574	293.206187	293.202091	293.215292	0.00383737429	0.00835771251	0	0	0	0	3
513	272	0.618286967	5.05185865	293.203014	293.206214	293.202091	293.215292	0.00382483918	0.00835771251	0	0	0	0	3
514	273	0.619166214	5.06170632	293.204391	293.20627	293.202091	293.215292	0.00384333277	0.00835771251	0	0	0	0	3
515	273	0.620019231	5.071554	293.206507	293.206367	293.202413	293.215292	0.00387439447	0.00835771251	0	0	0	0	3
516	274	0.621631675	5.08140168	293.206111	293.206452	293.202413	293.215292	0.00389748533	0.00835771251	0	0	0	0	3
517	274	0.623022342	5.09124936	293.205413	293.20652	293.202981	293.215292	0.0038712739	0.00835771251	0	0	0	0	3
518	275	0.624185046	5.10109703	293.206211	293.206602	293.203014	293.215292	0.00382830236	0.00835771251	0	0	0	0	3
519	275	0.625412378	5.11094471	293.206261	293.206664	293.203014	293.215292	0.00374546621	0.00835771251	0	0	0	0	3
520	275	0.626830544	5.12079239	293.205702	293.206701	293.203014	293.215292	0.00364086779	0.00835771251	0	0	0	0	3
521	276	0.628331549	5.13064007	293.205891	293.206742	293.203014	293.215292	0.00354813166	0.00835771251	0	0	0	0	3
522	276	0.629988905	5.14048775	293.207092	293.206784	293.203014	293.215292	0.00346437168	0.00835771251	0	0	0	0	3
523	277	0.631644077	5.15033542	293.207237	293.206801	293.203014	293.215292	0.00332150207	0.00835771251	0	0	0	0	3
524	277	0.63340622	5.1601831	293.207798	293.206793	293.203014	293.215292	0.00317456734	0.00835771251	0	0	0	0	3
525	278	0.635117756	5.17003078	293.209791	293.206833	293.203014	293.215292	0.00316058282	0.00835771251	0	0	0	0	3
526	278	0.636538125	5.17987846	293.210991	293.206923	293.203014	293.215292	0.00325070124	0.00835771251	0	0	0	0	3
527	279	0.637120631	5.18972613	293.212312	293.206992	293.203014	293.215292	0.00331982707	0.00835771251	0	0	0	0	3
528	279	0.637737347	5.19957381	293.211368	293.207085	293.203014	293.215292	0.00337628149	0.00835771251	0	0	0	0	3
529	280	0.638756186	5.20942149	293.210817	293.207171	293.203014	293.215292	0.00346061976	0.00835771251	0	0	0	0	3
530	281	0.639986603	5.21926917	293.208337	293.207236	293.203014	293.215292	0.00352579102	0.00835771251	0	0	0	0	3
531	281	0.641342225	5.22911684	293.209714	293.207342	293.203014	293.215292	0.00357493431	0.00835771251	0	0	0	0	3
532	282	0.64227141	5.23896452	293.209124	293.20739	293.203014	293.215292	0.00355164121	0.00835771251	0	0	0	0	3
533	282	0.643418447	5.2488122	293.208781	293.207428	293.203014	293.215292	0.00345438037	0.00835771251	0	0	0	0	3
534	283	0.644932908	5.25865988	293.209997	293.20746	293.203014	293.215292	0.00342728099	0.00835771251	0	0	0	0	3
535	283	0.646448185	5.26850756	293.210402	293.207551	293.203014	293.215292	0.00345814176	0.00835771251	0	0	0	0	3
536	284	0.647831725	5.27835523	293.210404	293.207618	293.203014	293.215292	0.00348715919	0.00835771251	0	0	0	0	3
537	284	0.648986243	5.28820291	293.208629	293.207711	293.203014	293.215292	0.00353997517	0.00835771251	0	0	0	0	3
538	285	0.650597471	5.29805059	293.207427	293.207756	293.203014	293.215292	0.00351811684	0.00835771251	0	0	0	0	3
539	285	0.651856602	5.30789827	293.20761	293.207825	293.203014	293.215292	0.00351660467	0.00835771251	0	0	0	0	3
540	286	0.653327176	5.31774594	293.206826	293.207879	293.203014	293.215292	0.00350897556	0.00835771251	0	0	0	0	3
541	286	0.654762424	5.32759362	293.20605	293.207918	293.203014	293.215292	0.00343486785	0.00835771251	0	0	0	0	3
542	286	0.656099765	5.3374413	293.205773	293.207968	293.203014	293.215292	0.00339775579	0.00835771251	0	0	0	0	3
543	287	0.657528189	5.34728898	293.206249	293.208016	293.203014	293.215292	0.00329266886	0.00835771251	0	0	0	0	3
544	287	0.659119054	5.35713665	293.207149	293.208052	293.203014	293.215292	0.00321008149	0.00835771251	0	0	0	0	3
545	288	0.660762385	5.36698433	293.208153	293.208106	293.203014	293.215292	0.00313843062	0.00835771251	0	0	0	0	3
546	288	0.662382413	5.37683201	293.208462	293.208162	293.203014	293.215292	0.00307054563	0.00835771251	0	0	0	0	3
547	289	0.664089905	5.38667969	293.208687	293.208188	293.203014	293.215292	0.0029504999	0.00835771251	0	0	0	0	3
548	289	0.665713437	5.39652736	293.209415	293.208193	293.203014	293.215292	0.00281174639	0.00835771251	0	0	0	0	3
549	290	0.666851964	5.40637504	293.212049	293.208201	293.203014	293.215292	0.00279906403	0.00835771251	0	0	0	0	3
550	291	0.667634772	5.41622272	293.211956	293.208241	293.203014	293.215292	0.00283945165	0.00835771251	0	0	0	0	3
551	291	0.668283236	5.4260704	293.212603	293.208302	293.203014	293.215292	0.00285899068	0.00835771251	0	0	0	0	3
552	292	0.668957188	5.43591808	293.210753	293.208305	293.203014	293.215292	0.0028288881	0.00835771251	0	0	0	0	3
553	292	0.669912764	5.44576575	293.212667	293.208378	293.203014	293.215292	0.0029020736	0.00835771251	0	0	0	0	3
554	293	0.67099995	5.45561343	293.212297	293.20854	293.203014	293.215292	0.00304994722	0.00835771251	0	0	0	0	3
555	293	0.672047058	5.46546111	293.210667	293.208544	293.203014	293.215292	0.00297038983	0.00835771251	0	0	0	0	3
556	294	0.673119723	5.47530879	293.209267	293.208511	293.203014	293.215292	0.00282752992	0.00835771251	0	0	0	0	3
557	295	0.674337418	5.48515646	293.214838	293.208587	293.203014	293.215292	0.00276216082	0.00835771251	0	0	0	0	3
558	295	0.675407472	5.49500414	293.213522	293.20863	293.203014	293.215292	0.00265703203	0.00835771251	0	0	0	0	3
559	296	0.676500236	5.50485182	293.209298	293.208605	293.203014	293.214838	0.00256515624	0.00835771251	0	0	0	0	3
560	296	0.678153235	5.5146995	293.209751	293.208551	293.203014	293.214838	0.00252716717	0.00835771251	0	0	0	0	3
561	297	0.679285544	5.52454717	293.207352	293.208514	293.203014	293.214838	0.00246962511	0.00835771251	0	0	0	0	3
562	297	0.680700473	5.53439485	293.207378	293.208505	293.203014	293.214838	0.00244367953	0.00835771251	0	0	0	0	3
563	297	0.682301751	5.54424253	293.207252	293.208542	293.203014	293.214838	0.0024169184	0.00835771251	0	0	0	0	3
564	298	0.683964329	5.55409021	293.207396	293.208572	293.204391	293.214838	0.00236021936	0.00835771251	0	0	0	0	3
565	298	0.684935161	5.56393789	293.20806	293.20862	293.205413	293.214838	0.00226384805	0.00835771251	0	0	0	0	3
566	299	0.68669263	5.57378556	293.207412	293.208616	293.205413	293.214838	0.00217832451	0.00835771251	0	0	0	0	3
567	299	0.688347308	5.58363324	293.207525	293.208649	293.205413	293.214838	0.00212924109	0.00835771251	0	0	0	0	3
568	300	0.689872353	5.59348092	293.20764	293.208693	293.205702	293.214838	0.00209186796	0.00835771251	0	0	0	0	3
569	300	0.691420402	5.6033286	293.208078	293.208722	293.205702	293.214838	0.00205793214	0.00835771251	0	0	0	0	3
570	301	0.693081865	5.61317627	293.208855	293.20877	293.205702	293.214838	0.00206925408	0.00835771251	0	0	0	0	3
571	301	0.694810279	5.62302395	293.208888	293.208837	293.205773	293.214838	0.00209501978	0.00835771251	0	0	0	0	3
572	302	0.695882974	5.63287163	293.209849	293.208919	293.205773	293.214838	0.00213494722	0.00835771251	0	0	0	0	3
573	302	0.697135068	5.64271931	293.210252	293.208989	293.205773	293.214838	0.00219603963	0.00835771251	0	0	0	0	3
574	303	0.69838942	5.65256698	293.212333	293.209095	293.205773	293.214838	0.00230231333	0.00835771251	0	0	0	0	3
575	304	0.699263408	5.66241466	293.211831	293.209166	293.205773	293.214838	0.00233320103	0.00835771251	0	0	0	0	3
576	304	0.699907997	5.67226234	293.213245	293.20919	293.205773	293.214838	0.00226714922	0.00835771251	0	0	0	0	3
577	305	0.700547642	5.68211002	293.212388	293.209182	293.205773	293.214838	0.00219802339	0.00835771251	0	0	0	0	3
578	305	0.701494525	5.6919577	293.21341	293.209216	293.205773	293.214838	0.00213046264	0.00835771251	0	0	0	0	3
579	306	0.702696981	5.70180537	293.210436	293.209218	293.205773	293.214838	0.00204698335	0.00835771251	0	0	0	0	3
580	307	0.703996366	5.71165305	293.210934	293.209227	293.205773	293.214838	0.0019910281	0.00835771251	0	0	0	0	3
581	307	0.704943226	5.72150073	293.210408	293.209261	293.205773	293.214838	0.00191973843	0.00835771251	0	0	0	0	3
582	308	0.7061606	5.73134841	293.210098	293.209267	293.205773	293.214838	0.00187795444	0.00835771251	0	0	0	0	3
583	309	0.707874861	5.74119608	293.211214	293.20932	293.205773	293.214838	0.0018918939	0.00835771251	0	0	0	0	3
584	309	0.709021028	5.75104376	293.211694	293.209371	293.205773	293.214838	0.00191176832	0.00835771251	0	0	0	0	3
585	310	0.710338026	5.76089144	293.212216	293.209414	293.205773	293.214838	0.00186352192	0.00835771251	0	0	0	0	3
586	310	0.711765454	5.77073912	293.210937	293.209424	293.205773	293.214838	0.00180605066	0.00835771251	0	0	0	0	3
587	311	0.713030692	5.78058679	293.209147	293.209398	293.205773	293.214838	0.0017129788	0.00835771251	0	0	0	0	3
588	311	0.71453202	5.79043447	293.208999	293.209403	293.205773	293.214838	0.00166843733	0.00835771251	0	0	0	0	3
589	312	0.715829828	5.80028215	293.207934	293.209422	293.205773	293.214838	0.00159985185	0.00835771251	0	0	0	0	3
590	312	0.717392365	5.81012983	293.207851	293.20942	293.205773	293.214838	0.00154514318	0.00835771251	0	0	0	0	3
591	313	0.718537263	5.8199775	293.20754	293.209445	293.205773	293.214838	0.0015266842	0.00835771251	0	0	0	0	3
592	313	0.719980684	5.82982518	293.208484	293.209499	293.205773	293.214838	0.00153061443	0.00835771251	0	0	0	0	3
593	314	0.721483594	5.83967286	293.208734	293.209557	293.206249	293.214838	0.00154066897	0.00835771251	0	0	0	0	3
594	314	0.723020389	5.84952054	293.20901	293.209616	293.207149	293.214838	0.00156484588	0.00835771251	0	0	0	0	3
595	314	0.724634817	5.85936822	293.20988	293.209683	293.207252	293.214838	0.00157733529	0.00835771251	0	0	0	0	3
596	315	0.726203212	5.86921589	293.209731	293.209722	293.207252	293.214838	0.00156068093	0.00835771251	0	0	0	0	3
597	315	0.727326411	5.87906357	293.210597	293.209769	293.207252	293.214838	0.00158098866	0.00835771251	0	0	0	0	3
598	316	0.728699613	5.88891125	293.211911	293.209843	293.207252	293.214838	0.00165024479	0.00835771251	0	0	0	0	3
599	317	0.729870408	5.89875893	293.213352	293.209918	293.207252	293.214838	0.00171706424	0.00835771251	0	0	0	0	3
600	317	0.730767037	5.9086066	293.213033	293.209924	293.207252	293.214838	0.00168241795	0.00835771251	0	0	0	0	3
601	318	0.731381632	5.91845428	293.216192	293.209959	293.207252	293.216192	0.00165733348	0.00835771251	0	0	0	0	3
602	319	0.731964533	5.92830196	293.212276	293.209953	293.207252	293.216192	0.0016540394	0.00835771251	0	0	0	0	3
603	319	0.732982974	5.93814964	293.216606	293.210051	293.207252	293.216606	0.00167254022	0.00835771251	0	0	0	0	3
604	320	0.733867417	5.94799731	293.211897	293.210037	293.207252	293.216606	0.00154638179	0.00835771251	0	0	0	0	3
605	320	0.735015892	5.95784499	293.210662	293.21001	293.207252	293.216606	0.00154638179	0.00835771251	0	0	0	0	3
606	321	0.735998054	5.96769267	293.210616	293.210009	293.207252	293.216606	0.00154638179	0.00835771251	0	0	0	0	3
607	322	0.736869339	5.97754035	293.214704	293.210085	293.207252	293.216606	0.00158083658	0.00835771251	0	0	0	0	3
608	322	0.738299448	5.98738803	293.210303	293.21	293.207252	293.216606	0.00158083658	0.00835771251	0	0	0	0	3
609	323	0.739264969	5.9972357	293.214713	293.210012	293.207252	293.216606	0.00158083658	0.00835771251	0	0	0	0	3
610	323	0.740252723	6.00708338	293.214552	293.210095	293.207252	293.216606	0.00159003567	0.00835771251	0	0	0	0	3
611	324	0.741209093	6.01693106	293.213635	293.210157	293.207252	293.216606	0.00165274013	0.00835771251	0	0	0	0	3
612	324	0.741992011	6.02677874	293.209849	293.210204	293.207252	293.216606	0.001699555	0.00835771251	0	0	0	0	3
613	325	0.74305763	6.03662641	293.208993	293.210248	293.207252	293.216606	0.00170555231	0.00835771251	0	0	0	0	3
614	325	0.744485847	6.04647409	293.208026	293.210274	293.207396	293.216606	0.00170151612	0.00835771251	0	0	0	0	3
615	326	0.745489405	6.05632177	293.208986	293.21033	293.207412	293.216606	0.00171475505	0.00835771251	0	0	0	0	3
616	326	0.747103395	6.06616945	293.209318	293.21034	293.207412	293.216606	0.00172393987	0.00835771251	0	0	0	0	3
617	327	0.748713377	6.07601712	293.208348	293.210371	293.207525	293.216606	0.00172170307	0.00835771251	0	0	0	0	3
618	327	0.749947935	6.0858648	293.208965	293.210419	293.20754	293.216606	0.00172568582	0.00835771251	0	0	0	0	3
619	327	0.751647141	6.09571248	293.20876	293.210442	293.20754	293.216606	0.00171988976	0.00835771251	0	0	0	0	3
620	328	0.753249229	6.10556016	293.209195	293.210469	293.20754	293.216606	0.00169883697	0.00835771251	0	0	0	0	3
621	328	0.754894106	6.11540784	293.21006	293.210501	293.20754	293.216606	0.00166429949	0.00835771251	0	0	0	0	3
622	329	0.75645616	6.12525551	293.210419	293.210545	293.20754	293.216606	0.00162591151	0.00835771251	0	0	0	0	3
623	329	0.758072139	6.13510319	293.210791	293.210563	293.20754	293.216606	0.0015743518	0.00835771251	0	0	0	0	3
624	330	0.759219729	6.14495087	293.211019	293.210578	293.20754	293.216606	0.00148277635	0.00835771251	0	0	0	0	3
625	330	0.760477752	6.15479855	293.212768	293.210587	293.20754	293.216606	0.00142066954	0.00835771251	0	0	0	0	3
626	331	0.761789671	6.16464622	293.214372	293.210649	293.20754	293.216606	0.00146665449	0.00835771251	0	0	0	0	3
627	331	0.762436607	6.1744939	293.213727	293.210654	293.20754	293.216606	0.00147173702	0.00835771251	0	0	0	0	3
628	332	0.762962795	6.18434158	293.212634	293.210653	293.20754	293.216606	0.00143787511	0.00835771251	0	0	0	0	3
629	333	0.764013447	6.19418926	293.210913	293.210615	293.20754	293.216606	0.00143573038	0.00835771251	0	0	0	0	3
630	333	0.765034635	6.20403693	293.217052	293.210724	293.20754	293.217052	0.00149696816	0.00835771251	0	0	0	0	3
631	334	0.765719642	6.21388461	293.209844	293.21071	293.20754	293.217052	0.00146288373	0.00835771251	0	0	0	0	3
632	334	0.766610968	6.22373229	293.213768	293.210759	293.20754	293.217052	0.00149128108	0.00835771251	0	0	0	0	3
633	335	0.767583609	6.23357997	293.211082	293.210777	293.20754	293.217052	0.0014566021	0.00835771251	0	0	0	0	3
634	335	0.768522438	6.24342764	293.214146	293.210817	293.20754	293.217052	0.00144551909	0.00835771251	0	0	0	0	3
635	336	0.769832566	6.25327532	293.212213	293.21083	293.20754	293.217052	0.0014320678	0.00835771251	0	0	0	0	3
636	336	0.771330308	6.263123	293.212494	293.210841	293.20754	293.217052	0.0014429971	0.00835771251	0	0	0	0	3
637	337	0.772343013	6.27297068	293.213976	293.210891	293.20754	293.217052	0.00149314794	0.00835771251	0	0	0	0	3
638	337	0.773842172	6.28281836	293.211854	293.210951	293.20754	293.217052	0.00154879545	0.00835771251	0	0	0	0	3
639	338	0.775055529	6.29266603	293.209507	293.210971	293.20754	293.217052	0.0015513316	0.00835771251	0	0	0	0	3
640	338	0.776513881	6.30251371	293.20938	293.210998	293.20754	293.217052	0.00157804748	0.00835771251	0	0	0	0	3
641	339	0.777647339	6.31236139	293.21066	293.211073	293.20754	293.217052	0.0016278153	0.00835771251	0	0	0	0	3
642	339	0.779280293	6.32220907	293.209596	293.2111	293.208026	293.217052	0.00160124669	0.00835771251	0	0	0	0	3
643	340	0.780223582	6.33205674	293.20927	293.211134	293.208026	293.217052	0.00157665684	0.00835771251	0	0	0	0	3
644	340	0.781711216	6.34190442	293.208972	293.21114	293.208026	293.217052	0.00152384431	0.00835771251	0	0	0	0	3
645	341	0.783075349	6.3517521	293.209665	293.211161	293.208026	293.217052	0.00147842732	0.00835771251	0	0	0	0	3
646	341	0.784570879	6.36159978	293.209987	293.211167	293.208026	293.217052	0.00144407002	0.00835771251	0	0	0	0	3
647	341	0.78616899	6.37144745	293.210594	293.211189	293.208026	293.217052	0.00141979688	0.00835771251	0	0	0	0	3
648	342	0.787830062	6.38129513	293.210939	293.211193	293.208026	293.217052	0.00134979928	0.00835771251	0	0	0	0	3
649	342	0.789601135	6.39114281	293.211319	293.21118	293.208026	293.217052	0.0012749402	0.00835771251	0	0	0	0	3
650	343	0.790850378	6.40099049	293.212035	293.211156	293.208026	293.217052	0.00126919887	0.00835771251	0	0	0	0	3
651	343	0.792222709	6.41083817	293.213552	293.211182	293.208026	293.217052	0.00123943667	0.00835771251	0	0	0	0	3
652	344	0.793159824	6.42068584	293.214993	293.21119	293.208026	293.217052	0.00123943667	0.00835771251	0	0	0	0	3
653	345	0.793875931	6.43053352	293.215389	293.211229	293.208026	293.217052	0.00122892168	0.00835771251	0	0	0	0	3
654	345	0.794424746	6.4403812	293.21186	293.211145	293.208026	293.217052	0.00122892168	0.00835771251	0	0	0	0	3
655	346	0.795397567	6.45022888	293.214151	293.211182	293.208026	293.217052	0.00122892168	0.00835771251	0	0	0	0	3
656	346	0.796459913	6.46007655	293.214943	293.211257	293.208026	293.217052	0.00125689645	0.00835771251	0	0	0	0	3
657	347	0.797557943	6.46992423	293.212531	293.21129	293.208026	293.217052	0.00128985953	0.00835771251	0	0	0	0	3
658	348	0.79903821	6.47977191	293.212868	293.211279	293.208026	293.217052	0.00128985953	0.00835771251	0	0	0	0	3
659	348	0.800358459	6.48961959	293.212687	293.211332	293.208026	293.217052	0.00131979276	0.00835771251	0	0	0	0	3
660	349	0.801782347	6.49946726	293.212473	293.211306	293.208026	293.217052	0.00123721224	0.00835771251	0	0	0	0	3
661	349	0.803490401	6.50931494	293.213266	293.211308	293.208026	293.217052	0.00117450778	0.00835771251	0	0	0	0	3
662	350	0.804703329	6.51916262	293.213404	293.211313	293.208026	293.217052	0.00112769291	0.00835771251	0	0	0	0	3
663	350	0.806021432	6.5290103	293.211544	293.211335	293.208026	293.217052	0.00108791889	0.00835771251	0	0	0	0	3
664	351	0.807753713	6.53885798	293.210971	293.211364	293.208026	293.217052	0.00109062895	0.00835771251	0	0	0	0	3
665	351	0.809504703	6.54870565	293.210579	293.211416	293.208348	293.217052	0.00108606447	0.00835771251	0	0	0	0	3
666	351	0.810438036	6.55855333	293.209973	293.211433	293.208348	293.217052	0.00109368901	0.00835771251	0	0	0	0	3
667	352	0.812017757	6.56840101	293.2094	293.211436	293.208348	293.217052	0.00106552793	0.00835771251	0	0	0	0	3
668	352	0.812963914	6.57824869	293.209223	293.211481	293.20876	293.217052	0.00106205214	0.00835771251	0	0	0	0	3
669	353	0.814317577	6.58809636	293.209333	293.211484	293.20876	293.217052	0.00104216133	0.00835771251	0	0	0	0	3
670	353	0.815746063	6.59794404	293.210006	293.211524	293.208972	293.217052	0.0010545724	0.00835771251	0	0	0	0	3
671	354	0.817246366	6.60779172	293.210468	293.211557	293.208972	293.217052	0.00105563849	0.00835771251	0	0	0	0	3
672	354	0.818853673	6.6176394	293.211438	293.211593	293.208972	293.217052	0.00104802126	0.00835771251	0	0	0	0	3
673	355	0.820446491	6.62748707	293.211122	293.211609	293.208972	293.217052	0.00104655462	0.00835771251	0	0	0	0	3
674	355	0.822081769	6.63733475	293.212054	293.211642	293.208972	293.217052	0.00106389378	0.00835771251	0	0	0	0	3
675	356	0.823556417	6.64718243	293.213884	293.211704	293.208972	293.217052	0.00111746664	0.00835771251	0	0	0	0	3
676	356	0.824887718	6.65703011	293.215631	293.211764	293.208972	293.217052	0.00114919518	0.00835771251	0	0	0	0	3
677	357	0.825389232	6.66687778	293.213763	293.211726	293.208972	293.217052	0.00114919518	0.00835771251	0	0	0	0	3
678	357	0.82606153	6.67672546	293.215053	293.211741	293.208972	293.217052	0.00114919518	0.00835771251	0	0	0	0	3
679	358	0.826901759	6.68657314	293.211413	293.21173	293.208972	293.217052	0.00114919518	0.00835771251	0	0	0	0	3
680	358	0.827984901	6.69642082	293.2195	293.211875	293.208972	293.2195	0.00116457827	0.00835771251	0	0	0	0	3
681	359	0.828666388	6.7062685	293.212572	293.211799	293.208972	293.2195	0.00116457827	0.00835771251	0	0	0	0	3
682	360	0.82962556	6.71611617	293.213945	293.211852	293.208972	293.2195	0.00111575059	0.00835771251	0	0	0	0	3
683	360	0.830932852	6.72596385	293.213724	293.211864	293.208972	293.2195	0.00109754252	0.00835771251	0	0	0	0	3
684	361	0.831776662	6.73581153	293.212562	293.211885	293.208972	293.2195	0.00106776656	0.00835771251	0	0	0	0	3
685	361	0.83311255	6.74565921	293.212624	293.211867	293.208972	293.2195	0.00105422288	0.00835771251	0	0	0	0	3
686	362	0.834737507	6.75550688	293.213304	293.211896	293.208972	293.2195	0.00105471865	0.00835771251	0	0	0	0	3
687	362	0.835831173	6.76535456	293.212429	293.211891	293.208972	293.2195	0.00100456781	0.00835771251	0	0	0	0	3
688	363	0.837030594	6.77520224	293.211252	293.211847	293.208972	293.2195	0.000944522251	0.00835771251	0	0	0	0	3
689	363	0.838567642	6.78504992	293.211168	293.21183	293.208972	293.2195	0.000925041957	0.00835771251	0	0	0	0	3
690	364	0.839889203	6.79489759	293.211626	293.21187	293.208972	293.2195	0.00089832608	0.00835771251	0	0	0	0	3
691	364	0.84150726	6.80474527	293.210456	293.21189	293.208972	293.2195	0.000823074279	0.00835771251	0	0	0	0	3
692	365	0.842717949	6.81459295	293.209848	293.211874	293.208972	293.2195	0.000796201831	0.00835771251	0	0	0	0	3
693	365	0.844621165	6.82444063	293.209687	293.211867	293.208972	293.2195	0.000762178252	0.00835771251	0	0	0	0	3
694	366	0.846355444	6.83428831	293.209952	293.211854	293.208972	293.2195	0.000755681495	0.00835771251	0	0	0	0	3
695	366	0.848107197	6.84413598	293.210629	293.211886	293.209223	293.2195	0.000750817162	0.00835771251	0	0	0	0	3
696	366	0.849800521	6.85398366	293.211683	293.211926	293.209223	293.2195	0.000781117598	0.00835771251	0	0	0	0	3
697	367	0.851419301	6.86383134	293.211906	293.211969	293.209223	293.2195	0.000824004028	0.00835771251	0	0	0	0	3
698	367	0.852680744	6.87367902	293.212432	293.212011	293.209223	293.2195	0.000865827591	0.00835771251	0	0	0	0	3
699	368	0.853691381	6.88352669	293.212569	293.212047	293.209223	293.2195	0.00090143767	0.00835771251	0	0	0	0	3
700	368	0.854653447	6.89337437	293.214129	293.212097	293.209223	293.2195	0.000952037991	0.00835771251	0	0	0	0	3
701	370	0.85600583	6.90322205	293.21534	293.212166	293.209223	293.2195	0.00102054309	0.00835771251	0	0	0	0	3
702	370	0.856630371	6.91306973	293.216376	293.212177	293.209223	293.2195	0.00103182276	0.00835771251	0	0	0	0	3
703	371	0.857145696	6.9229174	293.213428	293.212146	293.209223	293.2195	0.00103182276	0.00835771251	0	0	0	0	3
704	371	0.858080558	6.93276508	293.211109	293.212095	293.209223	293.2195	0.00103182276	0.00835771251	0	0	0	0	3
705	372	0.859052435	6.94261276	293.217674	293.21218	293.209223	293.2195	0.000998555591	0.00835771251	0	0	0	0	3
706	372	0.860005531	6.95246044	293.212475	293.212155	293.209223	293.2195	0.000923811155	0.00835771251	0	0	0	0	3
707	373	0.86127777	6.96230811	293.214361	293.212153	293.209223	293.2195	0.000901122954	0.00835771251	0	0	0	0	3
708	374	0.862258103	6.97215579	293.21543	293.212196	293.209223	293.2195	0.000916646715	0.00835771251	0	0	0	0	3
709	374	0.863238066	6.98200347	293.213353	293.212198	293.209223	293.2195	0.000892615137	0.00835771251	0	0	0	0	3
710	374	0.864450434	6.99185115	293.213717	293.212217	293.209223	293.2195	0.000911278925	0.00835771251	0	0	0	0	3
711	375	0.865402078	7.00169883	293.214339	293.212243	293.209223	293.2195	0.000935056313	0.00835771251	0	0	0	0	3
712	375	0.866762627	7.0115465	293.214236	293.212258	293.209223	293.2195	0.000945312361	0.00835771251	0	0	0	0	3
713	376	0.867707564	7.02139418	293.211871	293.21223	293.209223	293.2195	0.000922653225	0.00835771251	0	0	0	0	3
714	376	0.868864651	7.03124186	293.21171	293.212235	293.209223	293.2195	0.000893828634	0.00835771251	0	0	0	0	3
715	377	0.870426242	7.04108954	293.210697	293.212232	293.209223	293.2195	0.000841640095	0.00835771251	0	0	0	0	3
716	378	0.871802013	7.05093721	293.211718	293.212267	293.209223	293.2195	0.000833464782	0.00835771251	0	0	0	0	3
717	378	0.873717461	7.06078489	293.21062	293.212251	293.209223	293.2195	0.000830369655	0.00835771251	0	0	0	0	3
718	378	0.874601542	7.07063257	293.210004	293.212291	293.209223	293.2195	0.000809775426	0.00835771251	0	0	0	0	3
719	379	0.876318099	7.08048025	293.210893	293.212299	293.209333	293.2195	0.000814627947	0.00835771251	0	0	0	0	3
720	379	0.877870263	7.09032792	293.211047	293.212331	293.209687	293.2195	0.00080794636	0.00835771251	0	0	0	0	3
721	380	0.879499294	7.1001756	293.210873	293.212346	293.209687	293.2195	0.00078925434	0.00835771251	0	0	0	0	3
722	380	0.881165251	7.11002328	293.211928	293.212379	293.209687	293.2195	0.000786934727	0.00835771251	0	0	0	0	3
723	381	0.882792211	7.11987096	293.212258	293.2124	293.209687	293.2195	0.000790591791	0.00835771251	0	0	0	0	3
724	381	0.884485294	7.12971864	293.212583	293.212437	293.209687	293.2195	0.000795198208	0.00835771251	0	0	0	0	3
725	382	0.886043007	7.13956631	293.214086	293.212487	293.209687	293.2195	0.000782658739	0.00835771251	0	0	0	0	3
726	383	0.887246214	7.14941399	293.216087	293.212522	293.209687	293.2195	0.000795977229	0.00835771251	0	0	0	0	3
727	384	0.888069873	7.15926167	293.216464	293.212508	293.209687	293.2195	0.000795977229	0.00835771251	0	0	0	0	3
728	384	0.888883303	7.16910935	293.216338	293.212547	293.209687	293.2195	0.000817862203	0.00835771251	0	0	0	0	3
729	385	0.889668714	7.17895702	293.212442	293.21252	293.209687	293.2195	0.000817862203	0.00835771251	0	0	0	0	3
730	385	0.890781354	7.1888047	293.218418	293.212637	293.209687	293.2195	0.000838019122	0.00835771251	0	0	0	0	3
731	386	0.891659024	7.19865238	293.213231	293.212528	293.209687	293.218418	0.000838019122	0.00835771251	0	0	0	0	3
732	387	0.893192887	7.20850006	293.214225	293.212568	293.209687	293.218418	0.000806573137	0.00835771251	0	0	0	0	3
733	388	0.894555966	7.21834773	293.213277	293.212563	293.209687	293.218418	0.000806573137	0.00835771251	0	0	0	0	3
734	389	0.895538779	7.22819541	293.215096	293.212578	293.209687	293.218418	0.000806573137	0.00835771251	0	0	0	0	3
735	389	0.896866931	7.23804309	293.215431	293.212636	293.209687	293.218418	0.000806573137	0.00835771251	0	0	0	0	3
736	390	0.898255432	7.24789077	293.215032	293.212688	293.209687	293.218418	0.000857242104	0.00835771251	0	0	0	0	3
737	391	0.899051835	7.25773845	293.212079	293.212664	293.209687	293.218418	0.000857242104	0.00835771251	0	0	0	0	3
738	391	0.900212456	7.26758612	293.212573	293.212667	293.209687	293.218418	0.000857242104	0.00835771251	0	0	0	0	3
739	392	0.901527854	7.2774338	293.210746	293.212654	293.209687	293.218418	0.000857242104	0.00835771251	0	0	0	0	3
740	392	0.902738902	7.28728148	293.211293	293.212664	293.209687	293.218418	0.000833794592	0.00835771251	0	0	0	0	3
741	392	0.904336267	7.29712916	293.210514	293.212632	293.209687	293.218418	0.000833794592	0.00835771251	0	0	0	0	3
742	393	0.905872587	7.30697683	293.210145	293.212627	293.209687	293.218418	0.000833794592	0.00835771251	0	0	0	0	3
743	393	0.907121123	7.31682451	293.210894	293.212646	293.209687	293.218418	0.000833794592	0.00835771251	0	0	0	0	3
744	394	0.908619895	7.32667219	293.211056	293.212697	293.209952	293.218418	0.000842835797	0.00835771251	0	0	0	0	3
745	394	0.910154282	7.33651987	293.210985	293.21273	293.210004	293.218418	0.000844036216	0.00835771251	0	0	0	0	3
746	395	0.911732472	7.34636754	293.211733	293.212763	293.210004	293.218418	0.000836890407	0.00835771251	0	0	0	0	3
747	395	0.913400387	7.35621522	293.212259	293.212779	293.210004	293.218418	0.000809541794	0.00835771251	0	0	0	0	3
748	396	0.915146672	7.3660629	293.212697	293.212799	293.210004	293.218418	0.000787660937	0.00835771251	0	0	0	0	3
749	396	0.91651491	7.37591058	293.21322	293.212815	293.210004	293.218418	0.000768331878	0.00835771251	0	0	0	0	3
750	397	0.917799456	7.38575825	293.214508	293.212853	293.210004	293.218418	0.000758173511	0.00835771251	0	0	0	0	3
751	397	0.919196439	7.39560593	293.216342	293.212909	293.210004	293.218418	0.000814667531	0.00835771251	0	0	0	0	3
752	398	0.919824277	7.40545361	293.217749	293.212905	293.210004	293.218418	0.000814667531	0.00835771251	0	0	0	0	3
753	398	0.920334082	7.41530129	293.214901	293.212887	293.210004	293.218418	0.000814667531	0.00835771251	0	0	0	0	3
754	399	0.921230477	7.42514897	293.214687	293.212908	293.210004	293.218418	0.000814667531	0.00835771251	0	0	0	0	3
755	400	0.922325939	7.43499664	293.216094	293.212989	293.210004	293.218418	0.000835873061	0.00835771251	0	0	0	0	3
756	400	0.923544013	7.44484432	293.214597	293.212948	293.210004	293.218418	0.000835873061	0.00835771251	0	0	0	0	3
757	401	0.924943475	7.454692	293.215326	293.213007	293.210004	293.218418	0.000853819719	0.00835771251	0	0	0	0	3
758	401	0.92626708	7.46453968	293.215655	293.213034	293.210004	293.218418	0.0008379948	0.00835771251	0	0	0	0	3
759	402	0.927512957	7.47438735	293.213619	293.213009	293.210004	293.218418	0.000835818815	0.00835771251	0	0	0	0	3
760	403	0.928548417	7.48423503	293.213939	293.213019	293.210004	293.218418	0.000817155027	0.00835771251	0	0	0	0	3
761	403	0.930200606	7.49408271	293.214038	293.213031	293.210004	293.218418	0.000803750783	0.00835771251	0	0	0	0	3
762	404	0.931029792	7.50393039	293.211506	293.212993	293.210004	293.218418	0.000803750783	0.00835771251	0	0	0	0	3
763	404	0.932424947	7.51377806	293.21113	293.212928	293.210004	293.218418	0.000803750783	0.00835771251	0	0	0	0	3
764	405	0.933998113	7.52362574	293.211087	293.212899	293.210004	293.218418	0.000802351327	0.00835771251	0	0	0	0	3
765	405	0.935602535	7.53347342	293.211343	293.212882	293.210004	293.218418	0.000802351327	0.00835771251	0	0	0	0	3
766	405	0.936733054	7.5433211	293.210811	293.212899	293.210004	293.218418	0.000783268546	0.00835771251	0	0	0	0	3
767	406	0.938449144	7.55316878	293.210388	293.212858	293.210004	293.218418	0.000783268546	0.00835771251	0	0	0	0	3
768	406	0.940277006	7.56301645	293.210883	293.212869	293.210004	293.218418	0.000743048834	0.00835771251	0	0	0	0	3
769	407	0.941956388	7.57286413	293.210968	293.212859	293.210145	293.218418	0.000735112255	0.00835771251	0	0	0	0	3
770	407	0.943670034	7.58271181	293.212104	293.21289	293.210145	293.218418	0.000702518472	0.00835771251	0	0	0	0	3
771	408	0.945339749	7.59255949	293.212331	293.212918	293.210145	293.218418	0.000687663061	0.00835771251	0	0	0	0	3
772	408	0.947092876	7.60240716	293.212957	293.212968	293.210145	293.218418	0.000654469589	0.00835771251	0	0	0	0	3
773	409	0.948249926	7.61225484	293.213556	293.213004	293.210145	293.218418	0.000633879797	0.00835771251	0	0	0	0	3
774	409	0.949421158	7.62210252	293.215816	293.213072	293.210145	293.218418	0.000635330477	0.00835771251	0	0	0	0	3
775	410	0.950432299	7.6319502	293.215695	293.213125	293.210145	293.218418	0.000638138992	0.00835771251	0	0	0	0	3
776	410	0.951060124	7.64179787	293.217943	293.213148	293.210145	293.218418	0.000640066948	0.00835771251	0	0	0	0	3
777	411	0.951604309	7.65164555	293.216447	293.213121	293.210145	293.218418	0.000640066948	0.00835771251	0	0	0	0	3
778	411	0.952498205	7.66149323	293.212857	293.213075	293.210145	293.218418	0.000628702119	0.00835771251	0	0	0	0	3
779	412	0.953585296	7.67134091	293.217169	293.213103	293.210145	293.218418	0.000628702119	0.00835771251	0	0	0	0	3
780	413	0.954395494	7.68118859	293.211387	293.213089	293.210145	293.218418	0.000619969335	0.00835771251	0	0	0	0	3
781	413	0.955621842	7.69103626	293.212106	293.212979	293.210145	293.217943	0.000619969335	0.00835771251	0	0	0	0	3
782	414	0.956786607	7.70088394	293.214426	293.213002	293.210145	293.217943	0.00058552716	0.00835771251	0	0	0	0	3
783	414	0.958000878	7.71073162	293.212714	293.212967	293.210145	293.217943	0.00058552716	0.00835771251	0	0	0	0	3
784	415	0.959673936	7.7205793	293.21555	293.213027	293.210145	293.217943	0.000570486229	0.00835771251	0	0	0	0	3
785	416	0.960830145	7.73042697	293.216348	293.213055	293.210145	293.217943	0.000521117068	0.00835771251	0	0	0	0	3
786	416	0.962655765	7.74027465	293.213288	293.213013	293.210145	293.217943	0.000521117068	0.00835771251	0	0	0	0	3
787	417	0.963662044	7.75012233	293.21338	293.212976	293.210145	293.217943	0.000521117068	0.00835771251	0	0	0	0	3
788	417	0.964874324	7.75997001	293.212335	293.212975	293.210145	293.217943	0.000521117068	0.00835771251	0	0	0	0	3
789	418	0.965992646	7.76981768	293.213339	293.212988	293.210145	293.217943	0.000521117068	0.00835771251	0	0	0	0	3
790	418	0.967363285	7.77966536	293.211636	293.213005	293.210145	293.217943	0.000521117068	0.00835771251	0	0	0	0	3
791	418	0.968938517	7.78951304	293.211151	293.212992	293.210145	293.217943	0.000521117068	0.00835771251	0	0	0	0	3
792	419	0.970103548	7.79936072	293.210451	293.213007	293.210145	293.217943	0.000521117068	0.00835771251	0	0	0	0	3
793	419	0.971420863	7.80920839	293.211174	293.213038	293.210388	293.217943	0.000502470493	0.00835771251	0	0	0	0	3
794	420	0.972882894	7.81905607	293.211464	293.213043	293.210388	293.217943	0.000451697284	0.00835771251	0	0	0	0	3
795	420	0.974374515	7.82890375	293.212297	293.213072	293.210388	293.217943	0.000418245331	0.00835771251	0	0	0	0	3
796	421	0.975956059	7.83875143	293.213249	293.213125	293.210388	293.217943	0.000385136011	0.00835771251	0	0	0	0	3
797	421	0.977482208	7.84859911	293.212742	293.213149	293.210388	293.217943	0.000370506765	0.00835771251	0	0	0	0	3
798	422	0.978716352	7.85844678	293.213549	293.213179	293.210388	293.217943	0.000380842941	0.00835771251	0	0	0	0	3
799	422	0.980253793	7.86829446	293.214793	293.213231	293.210388	293.217943	0.000415607073	0.00835771251	0	0	0	0	3
800	423	0.981462624	7.87814214	293.216726	293.213296	293.210388	293.217943	0.000443075787	0.00835771251	0	0	0	0	3
801	424	0.982407077	7.88798982	293.215844	293.213309	293.210388	293.217943	0.000450622383	0.00835771251	0	0	0	0	3
802	424	0.983020479	7.89783749	293.216962	293.213278	293.210388	293.217943	0.000450622383	0.00835771251	0	0	0	0	3
803	425	0.983872394	7.90768517	293.213184	293.213233	293.210388	293.217943	0.000450622383	0.00835771251	0	0	0	0	3
804	426	0.984993647	7.91753285	293.215524	293.213259	293.210388	293.217943	0.000450622383	0.00835771251	0	0	0	0	3
805	426	0.986157222	7.92738053	293.211617	293.21321	293.210388	293.217943	0.000450622383	0.00835771251	0	0	0	0	3
806	427	0.987154896	7.9372282	293.214636	293.213183	293.210388	293.217943	0.000450622383	0.00835771251	0	0	0	0	3
807	427	0.988369764	7.94707588	293.214615	293.213184	293.210388	293.217943	0.000450622383	0.00835771251	0	0	0	0	3
808	428	0.989794373	7.95692356	293.214597	293.213168	293.210388	293.217943	0.000450622383	0.00835771251	0	0	0	0	3
809	428	0.991437323	7.96677124	293.215577	293.213179	293.210388	293.217943	0.000450622383	0.00835771251	0	0	0	0	3
810	429	0.992352455	7.97661892	293.216553	293.213218	293.210388	293.217943	0.000450622383	0.00835771251	0	0	0	0	3
811	429	0.993812699	7.98646659	293.214962	293.213245	293.210388	293.217943	0.000450622383	0.00835771251	0	0	0	0	3
812	430	0.995540783	7.99631427	293.213723	293.213238	293.210388	293.217943	0.000450622383	0.00835771251	0	0	0	0	3
813	430	0.997296772	8.00616195	293.21217	293.213231	293.210388	293.217943	0.000450622383	0.00835771251	0	0	0	0	3
814	431	0.998359373	8.01600963	293.211866	293.213254	293.210388	293.217943	0.000450622383	0.00835771251	0	0	0	0	3
815	431	1	8.0258573	293.211222	293.213255	293.210388	293.217943	0.000450622383	0.00835771251	0	0	0	0	3
