Iteration	CPUTime	PhysTime	Travels	Value	AvValue	MinValue	MaxValue	Delta	Criteria	PrevAvRefValue	Progress	CriteriaType	CriteriaVarType	CriteriaPercentage
1	2	0.00626576075	0.00984767767	0	0	0	0	0	0	0	0	0	0	3
2	3	0.00628001262	0.0196953553	0	0	0	0	0	0	0	0	0	0	3
3	3	0.00630278298	0.029543033	0	0	0	0	0	0	0	0	0	0	3
4	4	0.00632696671	0.0393907107	0	0	0	0	0	0	0	0	0	0	3
5	4	0.00635313572	0.0492383884	0	0	0	0	0	0	0	0	0	0	3
6	5	0.00639586892	0.059086066	0	0	0	0	0	0	0	0	0	0	3
7	6	0.00644466228	0.0689337437	0	0	0	0	0	0	0	0	0	0	3
8	6	0.00650038148	0.0787814214	0	0	0	0	0	0	0	0	0	0	3
9	6	0.00656305674	0.0886290991	0	0	0	0	0	0	0	0	0	0	3
10	7	0.00663430739	0.0984767767	0	0	0	0	0	0	0	0	0	0	3
11	7	0.00675567494	0.108324454	0	0	0	0	0	0	0	0	0	0	3
12	8	0.00689832325	0.118172132	0	0	0	0	0	0	0	0	0	0	3
13	8	0.00705950349	0.12801981	0	0	0	0	0	0	0	0	0	0	3
14	9	0.00723774639	0.137867487	0	0	0	0	0	0	0	0	0	0	3
15	9	0.0074428578	0.147715165	0	0	0	0	0	0	0	0	0	0	3
16	10	0.00779053395	0.157562843	0	0	0	0	0	0	0	0	0	0	3
17	10	0.00811129293	0.16741052	0	0	0	0	0	0	0	0	0	0	3
18	11	0.00850579856	0.177258198	0	0	0	0	0	0	0	0	0	0	3
19	12	0.00889031972	0.187105876	0	0	0	0	0	0	0	0	0	0	3
20	12	0.00934661917	0.196953553	0	0	0	0	0	0	0	0	0	0	3
21	13	0.0100965	0.206801231	0	0	0	0	0	0	0	0	0	0	3
22	13	0.0109364234	0.216648909	0	0	0	0	0	0	0	0	0	0	3
23	14	0.01174376	0.226496586	0	0	0	0	0	0	0	0	0	0	3
24	14	0.0126501397	0.236344264	0	0	0	0	0	0	0	0	0	0	3
25	15	0.0135652677	0.246191942	0	0	0	0	0	0	0	0	0	0	3
26	16	0.0148903751	0.25603962	0	0	0	0	0	0	0	0	0	0	3
27	16	0.0163021381	0.265887297	0	0	0	0	0	0	0	0	0	0	3
28	17	0.0171430274	0.275734975	0	0	0	0	0	0	0	0	0	0	3
29	18	0.0178925957	0.285582653	0	0	0	0	0	0	0	0	0	0	3
30	18	0.0188270382	0.29543033	0	0	0	0	0	0	0	0	0	0	3
31	19	0.0204981416	0.305278008	0	0	0	0	0	0	0	0	0	0	3
32	19	0.0215811903	0.315125686	0	0	0	0	0	0	0	0	0	0	3
33	20	0.0226881034	0.324973363	0	0	0	0	0	0	0	0	0	0	3
34	20	0.0237672396	0.334821041	0	0	0	0	0	0	0	0	0	0	3
35	21	0.0247754727	0.344668719	0	0	0	0	0	0	0	0	0	0	3
36	21	0.0261236008	0.354516396	0	0	0	0	0	0	0	0	0	0	3
37	22	0.0271979356	0.364364074	0	0	0	0	0	0	0	0	0	0	3
38	22	0.0283610386	0.374211752	0	0	0	0	0	0	0	0	0	0	3
39	23	0.029698846	0.384059429	0	0	0	0	0	0	0	0	0	0	3
40	23	0.0312244874	0.393907107	0	0	0	0	0	0	0	0	0	0	3
41	23	0.0329621346	0.403754785	0	0	0	0	0	0	0	0	0	0	3
42	24	0.0344988086	0.413602462	0	0	0	0	0	0	0	0	0	0	3
43	24	0.0362554121	0.42345014	0	0	0	0	0	0	0	0	0	0	3
44	25	0.0379871105	0.433297818	0	0	0	0	0	0	0	0	0	0	3
45	26	0.0394186135	0.443145495	0	0	0	0	0	0	0	0	0	0	3
46	26	0.0399345739	0.452993173	0	0	0	0	0	0	0	0	0	0	3
47	27	0.0405677857	0.462840851	0	0	0	0	0	0	0	0	0	0	3
48	27	0.0413964641	0.472688528	0	0	0	0	0	0	0	0	0	0	3
49	28	0.0425270849	0.482536206	0	0	0	0	0	0	0	0	0	0	3
50	28	0.0438537206	0.492383884	0	0	0	0	0	0	0	0	0	0	3
51	29	0.0448349749	0.502231561	0	0	0	0	0	0	0	0	0	0	3
52	30	0.0457679415	0.512079239	0	0	0	0	0	0	0	0	0	0	3
53	30	0.0470840226	0.521926917	0	0	0	0	0	0	0	0	0	0	3
54	31	0.0485415404	0.531774594	0	0	0	0	0	0	0	0	0	0	3
55	31	0.049771785	0.541622272	0	0	0	0	0	0	0	0	0	0	3
56	32	0.0508078802	0.55146995	0	0	0	0	0	0	0	0	0	0	3
57	32	0.0521922924	0.561317627	0	0	0	0	0	0	0	0	0	0	3
58	33	0.0536357086	0.571165305	0	0	0	0	0	0	0	0	0	0	3
59	33	0.055015834	0.581012983	0	0	0	0	0	0	0	0	0	0	3
60	34	0.0561893969	0.59086066	0	0	0	0	0	0	0	0	0	0	3
61	34	0.0576646694	0.600708338	0	0	0	0	0	0	0	0	0	0	3
62	35	0.0589129824	0.610556016	0	0	0	0	0	0	0	0	0	0	3
63	35	0.0602285636	0.620403693	0	0	0	0	0	0	0	0	0	0	3
64	35	0.0616472887	0.630251371	0	0	0	0	0	0	0	0	0	0	3
65	36	0.0631289339	0.640099049	0	0	0	0	0	0	0	0	0	0	3
66	36	0.0647382989	0.649946726	0	0	0	0	0	0	0	0	0	0	3
67	37	0.066449768	0.659794404	0	0	0	0	0	0	0	0	0	0	3
68	37	0.068144949	0.669642082	0	0	0	0	0	0	0	0	0	0	3
69	38	0.0697817833	0.679489759	0	0	0	0	0	0	0	0	0	0	3
70	38	0.0710281169	0.689337437	0	0	0	0	0	0	0	0	0	0	3
71	39	0.0715829305	0.699185115	0	0	0	0	0	0	0	0	0	0	3
72	40	0.0722845791	0.709032792	0	0	0	0	0	0	0	0	0	0	3
73	40	0.0733972852	0.71888047	0	0	0	0	0	0	0	0	0	0	3
74	41	0.0741782272	0.728728148	0	0	0	0	0	0	0	0	0	0	3
75	41	0.0752705491	0.738575825	0	0	0	0	0	0	0	0	0	0	3
76	42	0.0761660255	0.748423503	0	0	0	0	0	0	0	0	0	0	3
77	42	0.0770001396	0.758271181	0	0	0	0	0	0	0	0	0	0	3
78	43	0.0784242895	0.768118859	0	0	0	0	0	0	0	0	0	0	3
79	43	0.0800337827	0.777966536	0	0	0	0	0	0	0	0	0	0	3
80	44	0.0810755409	0.787814214	0	0	0	0	0	0	0	0	0	0	3
81	44	0.0824488768	0.797661892	0	0	0	0	0	0	0	0	0	0	3
82	45	0.0834705255	0.807509569	0	0	0	0	0	0	0	0	0	0	3
83	45	0.0849256057	0.817357247	0	0	0	0	0	0	0	0	0	0	3
84	46	0.0866598686	0.827204925	0	0	0	0	0	0	0	0	0	0	3
85	46	0.0879988662	0.837052602	0	0	0	0	0	0	0	0	0	0	3
86	47	0.0897150661	0.84690028	0	0	0	0	0	0	0	0	0	0	3
87	47	0.0910914888	0.856747958	0	0	0	0	0	0	0	0	0	0	3
88	48	0.0924787163	0.866595635	0	0	0	0	0	0	0	0	0	0	3
89	48	0.0940229058	0.876443313	0	0	0	0	0	0	0	0	0	0	3
90	48	0.0957029772	0.886290991	0	0	0	0	0	0	0	0	0	0	3
91	49	0.0973160945	0.896138668	0	0	0	0	0	0	0	0	0	0	3
92	50	0.0989509276	0.905986346	0	0	0	0	0	0	0	0	0	0	3
93	50	0.100256464	0.915834024	0	0	0	0	0	0	0	0	0	0	3
94	51	0.101421324	0.925681701	0	0	0	0	0	0	0	0	0	0	3
95	51	0.10250023	0.935529379	0	0	0	0	0	0	0	0	0	0	3
96	52	0.103054122	0.945377057	0	0	0	0	0	0	0	0	0	0	3
97	52	0.103607729	0.955224734	0	0	0	0	0	0	0	0	0	0	3
98	53	0.104742474	0.965072412	0	0	0	0	0	0	0	0	0	0	3
99	54	0.105840514	0.97492009	0	0	0	0	0	0	0	0	0	0	3
100	54	0.107229977	0.984767767	0	0	0	0	0	0	0	0	0	0	3
101	55	0.108172087	0.994615445	0	0	0	0	0	0	0	0	0	0	3
102	56	0.109510497	1.00446312	0	0	0	0	0	1e-08	0	0	0	0	3
103	56	0.111015166	1.0143108	0	0	0	0	0	1e-08	0	0	0	0	3
104	57	0.11252137	1.02415848	0	0	0	0	0	1e-08	0	0	0	0	3
105	58	0.113792873	1.03400616	0	0	0	0	0	1e-08	0	0	0	0	3
106	58	0.114259148	1.04385383	0	0	0	0	0	1e-08	0	0	0	0	3
107	59	0.115604046	1.05370151	0	0	0	0	0	1e-08	0	0	0	0	3
108	59	0.117165236	1.06354919	0	0	0	0	0	1e-08	0	0	0	0	3
109	59	0.118711914	1.07339687	0	0	0	0	0	1e-08	0	0	0	0	3
110	60	0.119781002	1.08324454	0	0	0	0	0	1e-08	0	0	0	0	3
111	60	0.121535655	1.09309222	0	0	0	0	0	1e-08	0	0	0	0	3
112	61	0.122982515	1.1029399	0	0	0	0	0	1e-08	0	0	0	0	3
113	61	0.12440617	1.11278758	0	0	0	0	0	1e-08	0	0	0	0	3
114	62	0.125860434	1.12263525	0	0	0	0	0	1e-08	0	0	0	0	3
115	62	0.127432244	1.13248293	0	0	0	0	0	1e-08	0	0	0	0	3
116	63	0.129052162	1.14233061	0	0	0	0	0	1e-08	0	0	0	0	3
117	63	0.130760535	1.15217829	0	0	0	0	0	1e-08	0	0	0	0	3
118	64	0.132301183	1.16202597	0	0	0	0	0	1e-08	0	0	0	0	3
119	64	0.133581184	1.17187364	0	0	0	0	0	1e-08	0	0	0	0	3
120	65	0.134172193	1.18172132	0	0	0	0	0	1e-08	0	0	0	0	3
121	65	0.134717437	1.191569	0	0	0	0	0	1e-08	0	0	0	0	3
122	66	0.13561131	1.20141668	0	0	0	0	0	1e-08	0	0	0	0	3
123	67	0.136631187	1.21126435	0	0	0	0	0	1e-08	0	0	0	0	3
124	67	0.137740265	1.22111203	0	0	0	0	0	1e-08	0	0	0	0	3
125	68	0.138845696	1.23095971	0	0	0	0	0	1e-08	0	0	0	0	3
126	69	0.140035819	1.24080739	0	0	0	0	0	1e-08	0	0	0	0	3
127	69	0.141432784	1.25065506	0	0	0	0	0	1e-08	0	0	0	0	3
128	70	0.141571411	1.26050274	0	0	0	0	0	1e-08	0	0	0	0	3
129	70	0.141847893	1.27035042	0	0	0	0	0	1e-08	0	0	0	0	3
130	71	0.142503122	1.2801981	0	0	0	0	0	1e-08	0	0	0	0	3
131	71	0.142796256	1.29004578	0	0	0	0	0	1e-08	0	0	0	0	3
132	72	0.143480582	1.29989345	0	0	0	0	0	1e-08	0	0	0	0	3
133	72	0.144075855	1.30974113	0	0	0	0	0	1e-08	0	0	0	0	3
134	73	0.144699194	1.31958881	0	0	0	0	0	1e-08	0	0	0	0	3
135	73	0.145193367	1.32943649	0	0	0	0	0	1e-08	0	0	0	0	3
136	74	0.145804307	1.33928416	0	0	0	0	0	1e-08	0	0	0	0	3
137	74	0.146729423	1.34913184	0	0	0	0	0	1e-08	0	0	0	0	3
138	75	0.147399648	1.35897952	0	0	0	0	0	1e-08	0	0	0	0	3
139	75	0.148150538	1.3688272	0	0	0	0	0	1e-08	0	0	0	0	3
140	76	0.149200014	1.37867487	0	0	0	0	0	1e-08	0	0	0	0	3
141	76	0.150660683	1.38852255	0	0	0	0	0	1e-08	0	0	0	0	3
142	77	0.152114839	1.39837023	0	0	0	0	0	1e-08	0	0	0	0	3
143	77	0.153497706	1.40821791	0	0	0	0	0	1e-08	0	0	0	0	3
144	78	0.155617278	1.41806558	0	0	0	0	0	1e-08	0	0	0	0	3
145	78	0.157068223	1.42791326	0	0	0	0	0	1e-08	0	0	0	0	3
146	78	0.158123244	1.43776094	0	0	0	0	0	1e-08	0	0	0	0	3
147	79	0.159951138	1.44760862	0	0	0	0	0	1e-08	0	0	0	0	3
148	79	0.161676183	1.4574563	0	0	0	0	0	1e-08	0	0	0	0	3
149	80	0.163433298	1.46730397	0	0	0	0	0	1e-08	0	0	0	0	3
150	80	0.164830922	1.47715165	0	0	0	0	0	1e-08	0	0	0	0	3
151	81	0.165564341	1.48699933	0	0	0	0	0	1e-08	0	0	0	0	3
152	82	0.166281529	1.49684701	0	0	0	0	0	1e-08	0	0	0	0	3
153	82	0.167191659	1.50669468	0	0	0	0	0	1e-08	0	0	0	0	3
154	83	0.1682597	1.51654236	0	0	0	0	0	1e-08	0	0	0	0	3
155	84	0.169320699	1.52639004	0	0	0	0	0	1e-08	0	0	0	0	3
156	84	0.17075593	1.53623772	0	0	0	0	0	1e-08	0	0	0	0	3
157	85	0.171863428	1.54608539	0	0	0	0	0	1e-08	0	0	0	0	3
158	85	0.173280021	1.55593307	0	0	0	0	0	1e-08	0	0	0	0	3
159	86	0.174338169	1.56578075	0	0	0	0	0	1e-08	0	0	0	0	3
160	86	0.175855444	1.57562843	0	0	0	0	0	1e-08	0	0	0	0	3
161	87	0.176983651	1.58547611	0	0	0	0	0	1e-08	0	0	0	0	3
162	87	0.178364004	1.59532378	0	0	0	0	0	1e-08	0	0	0	0	3
163	88	0.179855744	1.60517146	0	0	0	0	0	1e-08	0	0	0	0	3
164	88	0.181709537	1.61501914	0	0	0	0	0	1e-08	0	0	0	0	3
165	89	0.182791295	1.62486682	0	0	0	0	0	1e-08	0	0	0	0	3
166	89	0.184316677	1.63471449	0	0	0	0	0	1e-08	0	0	0	0	3
167	89	0.18567761	1.64456217	0	0	0	0	0	1e-08	0	0	0	0	3
168	90	0.187066514	1.65440985	0	0	0	0	0	1e-08	0	0	0	0	3
169	90	0.188523719	1.66425753	0	0	0	0	0	1e-08	0	0	0	0	3
170	91	0.190146264	1.6741052	0	0	0	0	0	1e-08	0	0	0	0	3
171	91	0.191768144	1.68395288	0	0	0	0	0	1e-08	0	0	0	0	3
172	92	0.193533076	1.69380056	0	0	0	0	0	1e-08	0	0	0	0	3
173	92	0.195090862	1.70364824	0	0	0	0	0	1e-08	0	0	0	0	3
174	93	0.19634476	1.71349592	0	0	0	0	0	1e-08	0	0	0	0	3
175	94	0.196829827	1.72334359	0	0	0	0	0	1e-08	0	0	0	0	3
176	94	0.197447311	1.73319127	0	0	0	0	0	1e-08	0	0	0	0	3
177	95	0.198328028	1.74303895	0	0	0	0	0	1e-08	0	0	0	0	3
178	95	0.19933402	1.75288663	0	0	0	0	0	1e-08	0	0	0	0	3
179	96	0.199977378	1.7627343	0	0	0	0	0	1e-08	0	0	0	0	3
180	97	0.200966211	1.77258198	0	0	0	0	0	1e-08	0	0	0	0	3
181	97	0.20199596	1.78242966	0	0	0	0	0	1e-08	0	0	0	0	3
182	98	0.202929838	1.79227734	0	0	0	0	0	1e-08	0	0	0	0	3
183	98	0.204204301	1.80212501	0	0	0	0	0	1e-08	0	0	0	0	3
184	99	0.20597929	1.81197269	0	0	0	0	0	1e-08	0	0	0	0	3
185	99	0.207072085	1.82182037	0	0	0	0	0	1e-08	0	0	0	0	3
186	100	0.208710311	1.83166805	0	0	0	0	0	1e-08	0	0	0	0	3
187	100	0.210309299	1.84151572	0	0	0	0	0	1e-08	0	0	0	0	3
188	101	0.211784109	1.8513634	0	0	0	0	0	1e-08	0	0	0	0	3
189	101	0.213175557	1.86121108	0	0	0	0	0	1e-08	0	0	0	0	3
190	101	0.214712459	1.87105876	0	0	0	0	0	1e-08	0	0	0	0	3
191	102	0.216063419	1.88090644	0	0	0	0	0	1e-08	0	0	0	0	3
192	102	0.217499527	1.89075411	0	0	0	0	0	1e-08	0	0	0	0	3
193	103	0.219020589	1.90060179	0	0	0	0	0	1e-08	0	0	0	0	3
194	103	0.220584	1.91044947	0	0	0	0	0	1e-08	0	0	0	0	3
195	104	0.222192513	1.92029715	0	0	0	0	0	1e-08	0	0	0	0	3
196	104	0.223932356	1.93014482	0	0	0	0	0	1e-08	0	0	0	0	3
197	105	0.225423285	1.9399925	0	0	0	0	0	1e-08	0	0	0	0	3
198	105	0.226838985	1.94984018	0	0	0	0	0	1e-08	0	0	0	0	3
199	106	0.227845483	1.95968786	0	0	0	0	0	1e-08	0	0	0	0	3
200	106	0.228422257	1.96953553	0	0	0	0	0	1e-08	0	0	0	0	3
201	107	0.228993462	1.97938321	0	0	0	0	0	1e-08	0	0	0	0	3
202	108	0.229997251	1.98923089	0	0	0	0	0	1e-08	0	0	0	0	3
203	109	0.231000268	1.99907857	0	0	0	0	0	1e-08	0	0	0	0	3
204	109	0.232115297	2.00892625	0	0	0	0	0	1e-08	0	0	0	0	3
205	110	0.23333404	2.01877392	0	0	0	0	0	1e-08	0	0	0	0	3
206	110	0.234804298	2.0286216	0	0	0	0	0	1e-08	0	0	0	0	3
207	111	0.235531561	2.03846928	0	0	0	0	0	1e-08	0	0	0	0	3
208	112	0.236601546	2.04831696	0	0	0	0	0	1e-08	0	0	0	0	3
209	112	0.237855215	2.05816463	0	0	0	0	0	1e-08	0	0	0	0	3
210	113	0.238758458	2.06801231	0	0	0	0	0	1e-08	0	0	0	0	3
211	113	0.239800922	2.07785999	0	0	0	0	0	1e-08	0	0	0	0	3
212	114	0.241393353	2.08770767	0	0	0	0	0	1e-08	0	0	0	0	3
213	114	0.242457417	2.09755534	0	0	0	0	0	1e-08	0	0	0	0	3
214	115	0.243928012	2.10740302	0	0	0	0	0	1e-08	0	0	0	0	3
215	115	0.245106109	2.1172507	0	0	0	0	0	1e-08	0	0	0	0	3
216	116	0.24670845	2.12709838	0	0	0	0	0	1e-08	0	0	0	0	3
217	116	0.247935943	2.13694606	0	0	0	0	0	1e-08	0	0	0	0	3
218	116	0.249255996	2.14679373	0	0	0	0	0	1e-08	0	0	0	0	3
219	117	0.250796973	2.15664141	0	0	0	0	0	1e-08	0	0	0	0	3
220	117	0.252387986	2.16648909	0	0	0	0	0	1e-08	0	0	0	0	3
221	118	0.253963863	2.17633677	0	0	0	0	0	1e-08	0	0	0	0	3
222	118	0.255712098	2.18618444	0	0	0	0	0	1e-08	0	0	0	0	3
223	119	0.257329319	2.19603212	0	0	0	0	0	1e-08	0	0	0	0	3
224	119	0.258512804	2.2058798	0	0	0	0	0	1e-08	0	0	0	0	3
225	120	0.259491686	2.21572748	0	0	0	0	0	1e-08	0	0	0	0	3
226	121	0.260025804	2.22557515	0	0	0	0	0	1e-08	0	0	0	0	3
227	121	0.26054805	2.23542283	0	0	0	0	0	1e-08	0	0	0	0	3
228	122	0.261517222	2.24527051	0	0	0	0	0	1e-08	0	0	0	0	3
229	122	0.262648309	2.25511819	0	0	0	0	0	1e-08	0	0	0	0	3
230	123	0.263673071	2.26496586	0	0	0	0	0	1e-08	0	0	0	0	3
231	124	0.265010674	2.27481354	0	0	0	0	0	1e-08	0	0	0	0	3
232	124	0.26574252	2.28466122	0	0	0	0	0	1e-08	0	0	0	0	3
233	125	0.26697486	2.2945089	0	0	0	0	0	1e-08	0	0	0	0	3
234	125	0.268464427	2.30435658	0	0	0	0	0	1e-08	0	0	0	0	3
235	126	0.269159927	2.31420425	0	0	0	0	0	1e-08	0	0	0	0	3
236	126	0.26990916	2.32405193	0	0	0	0	0	1e-08	0	0	0	0	3
237	127	0.271206568	2.33389961	0	0	0	0	0	1e-08	0	0	0	0	3
238	127	0.272515853	2.34374729	0	0	0	0	0	1e-08	0	0	0	0	3
239	128	0.273870325	2.35359496	0	0	0	0	0	1e-08	0	0	0	0	3
240	128	0.275302289	2.36344264	0	0	0	0	0	1e-08	0	0	0	0	3
241	129	0.276730448	2.37329032	0	0	0	0	0	1e-08	0	0	0	0	3
242	129	0.277892475	2.383138	0	0	0	0	0	1e-08	0	0	0	0	3
243	130	0.278967807	2.39298567	0	0	0	0	0	1e-08	0	0	0	0	3
244	130	0.280217625	2.40283335	0	0	0	0	0	1e-08	0	0	0	0	3
245	130	0.281626228	2.41268103	0	0	0	0	0	1e-08	0	0	0	0	3
246	131	0.283062113	2.42252871	0	0	0	0	0	1e-08	0	0	0	0	3
247	131	0.284591643	2.43237639	0	0	0	0	0	1e-08	0	0	0	0	3
248	132	0.286194619	2.44222406	0	0	0	0	0	1e-08	0	0	0	0	3
249	132	0.287746362	2.45207174	0	0	0	0	0	1e-08	0	0	0	0	3
250	133	0.289312056	2.46191942	0	0	0	0	0	1e-08	0	0	0	0	3
251	133	0.290599455	2.4717671	0	0	0	0	0	1e-08	0	0	0	0	3
252	134	0.291108949	2.48161477	0	0	0	0	0	1e-08	0	0	0	0	3
253	135	0.291749292	2.49146245	0	0	0	0	0	1e-08	0	0	0	0	3
254	135	0.292660069	2.50131013	0	0	0	0	0	1e-08	0	0	0	0	3
255	136	0.293629057	2.51115781	0	0	0	0	0	1e-08	0	0	0	0	3
256	136	0.294759953	2.52100548	0	0	0	0	0	1e-08	0	0	0	0	3
257	137	0.296131084	2.53085316	0	0	0	0	0	1e-08	0	0	0	0	3
258	137	0.297405497	2.54070084	0	0	0	0	0	1e-08	0	0	0	0	3
259	138	0.298808845	2.55054852	0	0	0	0	0	1e-08	0	0	0	0	3
260	138	0.300388867	2.5603962	0	0	0	0	0	1e-08	0	0	0	0	3
261	139	0.301616093	2.57024387	0	0	0	0	0	1e-08	0	0	0	0	3
262	139	0.303321208	2.58009155	0	0	0	0	0	1e-08	0	0	0	0	3
263	140	0.304805434	2.58993923	0	0	0	0	0	1e-08	0	0	0	0	3
264	140	0.306104846	2.59978691	0	0	0	0	0	1e-08	0	0	0	0	3
265	141	0.307395306	2.60963458	0	0	0	0	0	1e-08	0	0	0	0	3
266	141	0.309097534	2.61948226	0	0	0	0	0	1e-08	0	0	0	0	3
267	142	0.310613146	2.62932994	0	0	0	0	0	1e-08	0	0	0	0	3
268	142	0.311967834	2.63917762	0	0	0	0	0	1e-08	0	0	0	0	3
269	143	0.313512015	2.64902529	0	0	0	0	0	1e-08	0	0	0	0	3
270	143	0.315092228	2.65887297	0	0	0	0	0	1e-08	0	0	0	0	3
271	144	0.316709114	2.66872065	0	0	0	0	0	1e-08	0	0	0	0	3
272	144	0.318481689	2.67856833	0	0	0	0	0	1e-08	0	0	0	0	3
273	145	0.319744458	2.688416	0	0	0	0	0	1e-08	0	0	0	0	3
274	145	0.321140816	2.69826368	0	0	0	0	0	1e-08	0	0	0	0	3
275	146	0.322041154	2.70811136	0	0	0	0	0	1e-08	0	0	0	0	3
276	147	0.322654918	2.71795904	0	0	0	0	0	1e-08	0	0	0	0	3
277	147	0.323161095	2.72780672	0	0	0	0	0	1e-08	0	0	0	0	3
278	148	0.324152458	2.73765439	0	0	0	0	0	1e-08	0	0	0	0	3
279	148	0.325167069	2.74750207	0	0	0	0	0	1e-08	0	0	0	0	3
280	149	0.325963503	2.75734975	0	0	0	0	0	1e-08	0	0	0	0	3
281	150	0.327209014	2.76719743	0	0	0	0	0	1e-08	0	0	0	0	3
282	150	0.328354553	2.7770451	0	0	0	0	0	1e-08	0	0	0	0	3
283	151	0.329124601	2.78689278	0	0	0	0	0	1e-08	0	0	0	0	3
284	151	0.330645355	2.79674046	0	0	0	0	0	1e-08	0	0	0	0	3
285	152	0.332261929	2.80658814	0	0	0	0	0	1e-08	0	0	0	0	3
286	152	0.333423847	2.81643581	0	0	0	0	0	1e-08	0	0	0	0	3
287	153	0.334619324	2.82628349	0	0	0	0	0	1e-08	0	0	0	0	3
288	153	0.33598329	2.83613117	0	0	0	0	0	1e-08	0	0	0	0	3
289	154	0.337334583	2.84597885	0	0	0	0	0	1e-08	0	0	0	0	3
290	154	0.339176689	2.85582653	0	0	0	0	0	1e-08	0	0	0	0	3
291	155	0.339603248	2.8656742	0	0	0	0	0	1e-08	0	0	0	0	3
292	155	0.341525802	2.87552188	0	0	0	0	0	1e-08	0	0	0	0	3
293	156	0.343019431	2.88536956	0	0	0	0	0	1e-08	0	0	0	0	3
294	156	0.344589859	2.89521724	0	0	0	0	0	1e-08	0	0	0	0	3
295	156	0.346189392	2.90506491	0	0	0	0	0	1e-08	0	0	0	0	3
296	157	0.347869737	2.91491259	0	0	0	0	0	1e-08	0	0	0	0	3
297	157	0.349561748	2.92476027	0	0	0	0	0	1e-08	0	0	0	0	3
298	158	0.350862357	2.93460795	0	0	0	0	0	1e-08	0	0	0	0	3
299	158	0.352010714	2.94445562	0	0	0	0	0	1e-08	0	0	0	0	3
300	159	0.353291605	2.9543033	0	0	0	0	0	1e-08	0	0	0	0	3
301	160	0.354050891	2.96415098	0	0	0	0	0	1e-08	0	0	0	0	3
302	161	0.354625661	2.97399866	0	0	0	0	0	1e-08	0	0	0	0	3
303	162	0.355551839	2.98384633	0	0	0	0	0	1e-08	0	0	0	0	3
304	162	0.356602745	2.99369401	0	0	0	0	0	1e-08	0	0	0	0	3
305	163	0.357653522	3.00354169	0	0	0	0	0	1e-08	0	0	0	0	3
306	164	0.35910352	3.01338937	0	0	0	0	0	1e-08	0	0	0	0	3
307	164	0.360225817	3.02323705	0	0	0	0	0	1e-08	0	0	0	0	3
308	165	0.361725526	3.03308472	0	0	0	0	0	1e-08	0	0	0	0	3
309	165	0.363018659	3.0429324	0	0	0	0	0	1e-08	0	0	0	0	3
310	166	0.364276004	3.05278008	0	0	0	0	0	1e-08	0	0	0	0	3
311	166	0.365857422	3.06262776	0	0	0	0	0	1e-08	0	0	0	0	3
312	167	0.367527519	3.07247543	0	0	0	0	0	1e-08	0	0	0	0	3
313	167	0.368898558	3.08232311	0	0	0	0	0	1e-08	0	0	0	0	3
314	168	0.370486244	3.09217079	0	0	0	0	0	1e-08	0	0	0	0	3
315	168	0.371782203	3.10201847	0	0	0	0	0	1e-08	0	0	0	0	3
316	169	0.37297857	3.11186614	0	0	0	0	0	1e-08	0	0	0	0	3
317	169	0.37444231	3.12171382	0	0	0	0	0	1e-08	0	0	0	0	3
318	169	0.375970228	3.1315615	0	0	0	0	0	1e-08	0	0	0	0	3
319	170	0.377501684	3.14140918	0	0	0	0	0	1e-08	0	0	0	0	3
320	170	0.379109453	3.15125686	0	0	0	0	0	1e-08	0	0	0	0	3
321	171	0.38079208	3.16110453	0	0	0	0	0	1e-08	0	0	0	0	3
322	171	0.382122396	3.17095221	0	0	0	0	0	1e-08	0	0	0	0	3
323	172	0.383189379	3.18079989	0	0	0	0	0	1e-08	0	0	0	0	3
324	173	0.384364493	3.19064757	0	0	0	0	0	1e-08	0	0	0	0	3
325	173	0.385323144	3.20049524	0	0	0	0	0	1e-08	0	0	0	0	3
326	174	0.38583341	3.21034292	0	0	0	0	0	1e-08	0	0	0	0	3
327	174	0.386429027	3.2201906	0	0	0	0	0	1e-08	0	0	0	0	3
328	175	0.387521734	3.23003828	0	0	0	0	0	1e-08	0	0	0	0	3
329	176	0.388581616	3.23988595	0	0	0	0	0	1e-08	0	0	0	0	3
330	176	0.389375925	3.24973363	0	0	0	0	0	1e-08	0	0	0	0	3
331	177	0.390565571	3.25958131	0	0	0	0	0	1e-08	0	0	0	0	3
332	177	0.391968165	3.26942899	0	0	0	0	0	1e-08	0	0	0	0	3
333	178	0.393448824	3.27927667	0	0	0	0	0	1e-08	0	0	0	0	3
334	178	0.394699213	3.28912434	0	0	0	0	0	1e-08	0	0	0	0	3
335	179	0.395907962	3.29897202	0	0	0	0	0	1e-08	0	0	0	0	3
336	179	0.397211743	3.3088197	0	0	0	0	0	1e-08	0	0	0	0	3
337	180	0.39851066	3.31866738	0	0	0	0	0	1e-08	0	0	0	0	3
338	180	0.400304382	3.32851505	0	0	0	0	0	1e-08	0	0	0	0	3
339	180	0.401573954	3.33836273	0	0	0	0	0	1e-08	0	0	0	0	3
340	181	0.403053454	3.34821041	0	0	0	0	0	1e-08	0	0	0	0	3
341	181	0.404447462	3.35805809	0	0	0	0	0	1e-08	0	0	0	0	3
342	182	0.405997561	3.36790576	0	0	0	0	0	1e-08	0	0	0	0	3
343	182	0.407608771	3.37775344	0	0	0	0	0	1e-08	0	0	0	0	3
344	183	0.409204191	3.38760112	0	0	0	0	0	1e-08	0	0	0	0	3
345	183	0.410865054	3.3974488	0	0	0	0	0	1e-08	0	0	0	0	3
346	184	0.412606829	3.40729647	0	0	0	0	0	1e-08	0	0	0	0	3
347	184	0.414098425	3.41714415	0	0	0	0	0	1e-08	0	0	0	0	3
348	185	0.415190817	3.42699183	0	0	0	0	0	1e-08	0	0	0	0	3
349	185	0.416316753	3.43683951	0	0	0	0	0	1e-08	0	0	0	0	3
350	186	0.416897	3.44668719	0	0	0	0	0	1e-08	0	0	0	0	3
351	186	0.417442527	3.45653486	0	0	0	0	0	1e-08	0	0	0	0	3
352	187	0.418335239	3.46638254	0	0	0	0	0	1e-08	0	0	0	0	3
353	188	0.419333134	3.47623022	0	0	0	0	0	1e-08	0	0	0	0	3
354	188	0.420307231	3.4860779	0	0	0	0	0	1e-08	0	0	0	0	3
355	189	0.421709399	3.49592557	0	0	0	0	0	1e-08	0	0	0	0	3
356	190	0.423220391	3.50577325	0	0	0	0	0	1e-08	0	0	0	0	3
357	190	0.42484105	3.51562093	0	0	0	0	0	1e-08	0	0	0	0	3
358	191	0.425788364	3.52546861	0	0	0	0	0	1e-08	0	0	0	0	3
359	191	0.427336439	3.53531628	0	0	0	0	0	1e-08	0	0	0	0	3
360	192	0.428955382	3.54516396	0	0	0	0	0	1e-08	0	0	0	0	3
361	192	0.429912866	3.55501164	0	0	0	0	0	1e-08	0	0	0	0	3
362	193	0.431753919	3.56485932	0	0	0	0	0	1e-08	0	0	0	0	3
363	193	0.432761005	3.574707	0	0	0	0	0	1e-08	0	0	0	0	3
364	193	0.434496159	3.58455467	0	0	0	0	0	1e-08	0	0	0	0	3
365	194	0.435483443	3.59440235	0	0	0	0	0	1e-08	0	0	0	0	3
366	194	0.436732031	3.60425003	0	0	0	0	0	1e-08	0	0	0	0	3
367	195	0.438150209	3.61409771	0	0	0	0	0	1e-08	0	0	0	0	3
368	195	0.439685371	3.62394538	0	0	0	0	0	1e-08	0	0	0	0	3
369	196	0.441288837	3.63379306	0	0	0	0	0	1e-08	0	0	0	0	3
370	196	0.442826809	3.64364074	0	0	0	0	0	1e-08	0	0	0	0	3
371	196	0.444472291	3.65348842	0	0	0	0	0	1e-08	0	0	0	0	3
372	197	0.445745398	3.66333609	0	0	0	0	0	1e-08	0	0	0	0	3
373	198	0.446883545	3.67318377	0	0	0	0	0	1e-08	0	0	0	0	3
374	198	0.447966472	3.68303145	0	0	0	0	0	1e-08	0	0	0	0	3
375	199	0.448630825	3.69287913	0	0	0	0	0	1e-08	0	0	0	0	3
376	199	0.449201148	3.70272681	0	0	0	0	0	1e-08	0	0	0	0	3
377	200	0.450279394	3.71257448	0	0	0	0	0	1e-08	0	0	0	0	3
378	200	0.451221634	3.72242216	0	0	0	0	0	1e-08	0	0	0	0	3
379	201	0.452382577	3.73226984	0	0	0	0	0	1e-08	0	0	0	0	3
380	202	0.452673632	3.74211752	0	0	0	0	0	1e-08	0	0	0	0	3
381	202	0.453145915	3.75196519	0	0	0	0	0	1e-08	0	0	0	0	3
382	203	0.453717806	3.76181287	0	0	0	0	0	1e-08	0	0	0	0	3
383	203	0.454669879	3.77166055	0	0	0	0	0	1e-08	0	0	0	0	3
384	203	0.455236509	3.78150823	0	0	0	0	0	1e-08	0	0	0	0	3
385	204	0.456660672	3.7913559	0	0	0	0	0	1e-08	0	0	0	0	3
386	204	0.457837836	3.80120358	0	0	0	0	0	1e-08	0	0	0	0	3
387	205	0.458689101	3.81105126	0	0	0	0	0	1e-08	0	0	0	0	3
388	205	0.459713279	3.82089894	0	0	0	0	0	1e-08	0	0	0	0	3
389	206	0.461241776	3.83074661	0	0	0	0	0	1e-08	0	0	0	0	3
390	206	0.46256327	3.84059429	0	0	0	0	0	1e-08	0	0	0	0	3
391	207	0.464218767	3.85044197	0	0	0	0	0	1e-08	0	0	0	0	3
392	207	0.465557986	3.86028965	0	0	0	0	0	1e-08	0	0	0	0	3
393	207	0.466957343	3.87013733	0	0	0	0	0	1e-08	0	0	0	0	3
394	208	0.468114904	3.879985	0	0	0	0	0	1e-08	0	0	0	0	3
395	208	0.469428055	3.88983268	0	0	0	0	0	1e-08	0	0	0	0	3
396	209	0.470954763	3.89968036	0	0	0	0	0	1e-08	0	0	0	0	3
397	209	0.472576218	3.90952804	0	0	0	0	0	1e-08	0	0	0	0	3
398	210	0.474121477	3.91937571	0	0	0	0	0	1e-08	0	0	0	0	3
399	210	0.475810684	3.92922339	0	0	0	0	0	1e-08	0	0	0	0	3
400	211	0.477403718	3.93907107	0	0	0	0	0	1e-08	0	0	0	0	3
401	212	0.478653783	3.94891875	0	0	0	0	0	1e-08	0	0	0	0	3
402	213	0.479517705	3.95876642	0	0	0	0	0	1e-08	0	0	0	0	3
403	213	0.480000534	3.9686141	0	0	0	0	0	1e-08	0	0	0	0	3
404	214	0.480563074	3.97846178	0	0	0	0	0	1e-08	0	0	0	0	3
405	215	0.481538527	3.98830946	0	0	0	0	0	1e-08	0	0	0	0	3
406	215	0.482711668	3.99815714	0	0	0	0	0	1e-08	0	0	0	0	3
407	216	0.483581008	4.00800481	0	0	0	0	0	1e-08	0	0	0	0	3
408	217	0.484925703	4.01785249	0	0	0	0	0	1e-08	0	0	0	0	3
409	217	0.486415835	4.02770017	0	0	0	0	0	1e-08	0	0	0	0	3
410	218	0.48782454	4.03754785	0	0	0	0	0	1e-08	0	0	0	0	3
411	218	0.489297969	4.04739552	0	0	0	0	0	1e-08	0	0	0	0	3
412	219	0.490470668	4.0572432	0	0	0	0	0	1e-08	0	0	0	0	3
413	219	0.491536507	4.06709088	0	0	0	0	0	1e-08	0	0	0	0	3
414	220	0.492964201	4.07693856	0	0	0	0	0	1e-08	0	0	0	0	3
415	220	0.494347322	4.08678623	0	0	0	0	0	1e-08	0	0	0	0	3
416	221	0.496009749	4.09663391	0	0	0	0	0	1e-08	0	0	0	0	3
417	221	0.497607378	4.10648159	0	0	0	0	0	1e-08	0	0	0	0	3
418	222	0.499285615	4.11632927	0	0	0	0	0	1e-08	0	0	0	0	3
419	222	0.500750642	4.12617695	0	0	0	0	0	1e-08	0	0	0	0	3
420	222	0.502359824	4.13602462	0	0	0	0	0	1e-08	0	0	0	0	3
421	223	0.50407349	4.1458723	0	0	0	0	0	1e-08	0	0	0	0	3
422	223	0.505686481	4.15571998	0	0	0	0	0	1e-08	0	0	0	0	3
423	224	0.507382169	4.16556766	0	0	0	0	0	1e-08	0	0	0	0	3
424	225	0.508903636	4.17541533	0	0	0	0	0	1e-08	0	0	0	0	3
425	225	0.510066921	4.18526301	0	0	0	0	0	1e-08	0	0	0	0	3
426	226	0.511027128	4.19511069	0	0	0	0	0	1e-08	0	0	0	0	3
427	226	0.511557313	4.20495837	0	0	0	0	0	1e-08	0	0	0	0	3
428	227	0.512454204	4.21480604	0	0	0	0	0	1e-08	0	0	0	0	3
429	228	0.513448862	4.22465372	0	0	0	0	0	1e-08	0	0	0	0	3
430	228	0.514241163	4.2345014	0	0	0	0	0	1e-08	0	0	0	0	3
431	229	0.515426051	4.24434908	0	0	0	0	0	1e-08	0	0	0	0	3
432	230	0.516296869	4.25419675	0	0	0	0	0	1e-08	0	0	0	0	3
433	230	0.517675038	4.26404443	0	0	0	0	0	1e-08	0	0	0	0	3
434	231	0.5188804	4.27389211	0	0	0	0	0	1e-08	0	0	0	0	3
435	231	0.52065426	4.28373979	0	0	0	0	0	1e-08	0	0	0	0	3
436	232	0.521695584	4.29358747	0	0	0	0	0	1e-08	0	0	0	0	3
437	232	0.523126579	4.30343514	0	0	0	0	0	1e-08	0	0	0	0	3
438	233	0.524758322	4.31328282	0	0	0	0	0	1e-08	0	0	0	0	3
439	233	0.526193806	4.3231305	0	0	0	0	0	1e-08	0	0	0	0	3
440	234	0.528086616	4.33297818	0	0	0	0	0	1e-08	0	0	0	0	3
441	234	0.529314796	4.34282585	0	0	0	0	0	1e-08	0	0	0	0	3
442	234	0.53105515	4.35267353	0	0	0	0	0	1e-08	0	0	0	0	3
443	235	0.532644077	4.36252121	0	0	0	0	0	1e-08	0	0	0	0	3
444	235	0.534221951	4.37236889	0	0	0	0	0	1e-08	0	0	0	0	3
445	236	0.535886985	4.38221656	0	0	0	0	0	1e-08	0	0	0	0	3
446	236	0.537566918	4.39206424	0	0	0	0	0	1e-08	0	0	0	0	3
447	237	0.539005715	4.40191192	0	0	0	0	0	1e-08	0	0	0	0	3
448	237	0.540616784	4.4117596	0	0	0	0	0	1e-08	0	0	0	0	3
449	238	0.541901461	4.42160728	0	0	0	0	0	1e-08	0	0	0	0	3
450	238	0.542548415	4.43145495	0	0	0	0	0	1e-08	0	0	0	0	3
451	239	0.543083768	4.44130263	0	0	0	0	0	1e-08	0	0	0	0	3
452	239	0.544063097	4.45115031	0	0	0	0	0	1e-08	0	0	0	0	3
453	240	0.545153765	4.46099799	0	0	0	0	0	1e-08	0	0	0	0	3
454	241	0.546332243	4.47084566	0	0	0	0	0	1e-08	0	0	0	0	3
455	241	0.547729155	4.48069334	0	0	0	0	0	1e-08	0	0	0	0	3
456	242	0.549174004	4.49054102	0	0	0	0	0	1e-08	0	0	0	0	3
457	242	0.550683033	4.5003887	0	0	0	0	0	1e-08	0	0	0	0	3
458	243	0.551755068	4.51023637	0	0	0	0	0	1e-08	0	0	0	0	3
459	243	0.55288635	4.52008405	0	0	0	0	0	1e-08	0	0	0	0	3
460	244	0.554411271	4.52993173	0	0	0	0	0	1e-08	0	0	0	0	3
461	244	0.555942334	4.53977941	0	0	0	0	0	1e-08	0	0	0	0	3
462	245	0.55758743	4.54962709	0	0	0	0	0	1e-08	0	0	0	0	3
463	245	0.559018158	4.55947476	0	0	0	0	0	1e-08	0	0	0	0	3
464	246	0.560345705	4.56932244	0	0	0	0	0	1e-08	0	0	0	0	3
465	246	0.561764685	4.57917012	0	0	0	0	0	1e-08	0	0	0	0	3
466	246	0.563126891	4.5890178	0	0	0	0	0	1e-08	0	0	0	0	3
467	247	0.564603296	4.59886547	0	0	0	0	0	1e-08	0	0	0	0	3
468	247	0.566085979	4.60871315	0	0	0	0	0	1e-08	0	0	0	0	3
469	248	0.567672347	4.61856083	0	0	0	0	0	1e-08	0	0	0	0	3
470	248	0.56937731	4.62840851	0	0	0	0	0	1e-08	0	0	0	0	3
471	249	0.570614183	4.63825618	0	0	0	0	0	1e-08	0	0	0	0	3
472	249	0.571698713	4.64810386	0	0	0	0	0	1e-08	0	0	0	0	3
473	250	0.572918837	4.65795154	0	0	0	0	0	1e-08	0	0	0	0	3
474	251	0.573840946	4.66779922	0	0	0	0	0	1e-08	0	0	0	0	3
475	251	0.574336828	4.67764689	0	0	0	0	0	1e-08	0	0	0	0	3
476	252	0.574924197	4.68749457	0	0	0	0	0	1e-08	0	0	0	0	3
477	252	0.576021665	4.69734225	0	0	0	0	0	1e-08	0	0	0	0	3
478	253	0.577056374	4.70718993	0	0	0	0	0	1e-08	0	0	0	0	3
479	254	0.577967657	4.71703761	0	0	0	0	0	1e-08	0	0	0	0	3
480	254	0.579340744	4.72688528	0	0	0	0	0	1e-08	0	0	0	0	3
481	255	0.580420565	4.73673296	0	0	0	0	0	1e-08	0	0	0	0	3
482	255	0.582017098	4.74658064	0	0	0	0	0	1e-08	0	0	0	0	3
483	256	0.583679779	4.75642832	0	0	0	0	0	1e-08	0	0	0	0	3
484	257	0.584757171	4.76627599	0	0	0	0	0	1e-08	0	0	0	0	3
485	257	0.585531352	4.77612367	0	0	0	0	0	1e-08	0	0	0	0	3
486	258	0.586847811	4.78597135	0	0	0	0	0	1e-08	0	0	0	0	3
487	258	0.588348295	4.79581903	0	0	0	0	0	1e-08	0	0	0	0	3
488	259	0.590176489	4.8056667	0	0	0	0	0	1e-08	0	0	0	0	3
489	259	0.591440902	4.81551438	0	0	0	0	0	1e-08	0	0	0	0	3
490	260	0.592846943	4.82536206	0	0	0	0	0	1e-08	0	0	0	0	3
491	260	0.594768583	4.83520974	0	0	0	0	0	1e-08	0	0	0	0	3
492	261	0.596541601	4.84505742	0	0	0	0	0	1e-08	0	0	0	0	3
493	261	0.598320444	4.85490509	0	0	0	0	0	1e-08	0	0	0	0	3
494	261	0.599902065	4.86475277	0	0	0	0	0	1e-08	0	0	0	0	3
495	262	0.601619079	4.87460045	0	0	0	0	0	1e-08	0	0	0	0	3
496	263	0.603077536	4.88444813	0	0	0	0	0	1e-08	0	0	0	0	3
497	263	0.604183413	4.8942958	0	0	0	0	0	1e-08	0	0	0	0	3
498	264	0.60520678	4.90414348	0	0	0	0	0	1e-08	0	0	0	0	3
499	264	0.60571309	4.91399116	0	0	0	0	0	1e-08	0	0	0	0	3
500	265	0.606304124	4.92383884	0	0	0	0	0	1e-08	0	0	0	0	3
501	266	0.607388203	4.93368651	0	0	0	0	0	1e-08	0	0	0	0	3
502	267	0.608545482	4.94353419	0	0	0	0	0	1e-08	0	0	0	0	3
503	267	0.609901701	4.95338187	0	0	0	0	0	1e-08	0	0	0	0	3
504	268	0.610266568	4.96322955	0	0	0	0	0	1e-08	0	0	0	0	3
505	268	0.61103222	4.97307722	0	0	0	0	0	1e-08	0	0	0	0	3
506	269	0.612145846	4.9829249	0	0	0	0	0	1e-08	0	0	0	0	3
507	270	0.61311422	4.99277258	0	0	0	0	0	1e-08	0	0	0	0	3
508	270	0.613460283	5.00262026	0	0	0	0	0	1e-08	0	0	0	0	3
509	271	0.614720113	5.01246794	0	0	0	0	0	1e-08	0	0	0	0	3
510	271	0.615705223	5.02231561	0	0	0	0	0	1e-08	0	0	0	0	3
511	271	0.61645743	5.03216329	0	0	0	0	0	1e-08	0	0	0	0	3
512	272	0.61758421	5.04201097	0	0	0	0	0	1e-08	0	0	0	0	3
513	272	0.618286967	5.05185865	0	0	0	0	0	1e-08	0	0	0	0	3
514	273	0.619166214	5.06170632	0	0	0	0	0	1e-08	0	0	0	0	3
515	273	0.620019231	5.071554	0	0	0	0	0	1e-08	0	0	0	0	3
516	274	0.621631675	5.08140168	0	0	0	0	0	1e-08	0	0	0	0	3
517	274	0.623022342	5.09124936	0	0	0	0	0	1e-08	0	0	0	0	3
518	275	0.624185046	5.10109703	0	0	0	0	0	1e-08	0	0	0	0	3
519	275	0.625412378	5.11094471	0	0	0	0	0	1e-08	0	0	0	0	3
520	275	0.626830544	5.12079239	0	0	0	0	0	1e-08	0	0	0	0	3
521	276	0.628331549	5.13064007	0	0	0	0	0	1e-08	0	0	0	0	3
522	276	0.629988905	5.14048775	0	0	0	0	0	1e-08	0	0	0	0	3
523	277	0.631644077	5.15033542	0	0	0	0	0	1e-08	0	0	0	0	3
524	277	0.63340622	5.1601831	0	0	0	0	0	1e-08	0	0	0	0	3
525	278	0.635117756	5.17003078	0	0	0	0	0	1e-08	0	0	0	0	3
526	278	0.636538125	5.17987846	0	0	0	0	0	1e-08	0	0	0	0	3
527	279	0.637120631	5.18972613	0	0	0	0	0	1e-08	0	0	0	0	3
528	279	0.637737347	5.19957381	0	0	0	0	0	1e-08	0	0	0	0	3
529	280	0.638756186	5.20942149	0	0	0	0	0	1e-08	0	0	0	0	3
530	281	0.639986603	5.21926917	0	0	0	0	0	1e-08	0	0	0	0	3
531	281	0.641342225	5.22911684	0	0	0	0	0	1e-08	0	0	0	0	3
532	282	0.64227141	5.23896452	0	0	0	0	0	1e-08	0	0	0	0	3
533	282	0.643418447	5.2488122	0	0	0	0	0	1e-08	0	0	0	0	3
534	283	0.644932908	5.25865988	0	0	0	0	0	1e-08	0	0	0	0	3
535	283	0.646448185	5.26850756	0	0	0	0	0	1e-08	0	0	0	0	3
536	284	0.647831725	5.27835523	0	0	0	0	0	1e-08	0	0	0	0	3
537	284	0.648986243	5.28820291	0	0	0	0	0	1e-08	0	0	0	0	3
538	285	0.650597471	5.29805059	0	0	0	0	0	1e-08	0	0	0	0	3
539	285	0.651856602	5.30789827	0	0	0	0	0	1e-08	0	0	0	0	3
540	286	0.653327176	5.31774594	0	0	0	0	0	1e-08	0	0	0	0	3
541	286	0.654762424	5.32759362	0	0	0	0	0	1e-08	0	0	0	0	3
542	286	0.656099765	5.3374413	0	0	0	0	0	1e-08	0	0	0	0	3
543	287	0.657528189	5.34728898	0	0	0	0	0	1e-08	0	0	0	0	3
544	287	0.659119054	5.35713665	0	0	0	0	0	1e-08	0	0	0	0	3
545	288	0.660762385	5.36698433	0	0	0	0	0	1e-08	0	0	0	0	3
546	288	0.662382413	5.37683201	0	0	0	0	0	1e-08	0	0	0	0	3
547	289	0.664089905	5.38667969	0	0	0	0	0	1e-08	0	0	0	0	3
548	289	0.665713437	5.39652736	0	0	0	0	0	1e-08	0	0	0	0	3
549	290	0.666851964	5.40637504	0	0	0	0	0	1e-08	0	0	0	0	3
550	291	0.667634772	5.41622272	0	0	0	0	0	1e-08	0	0	0	0	3
551	291	0.668283236	5.4260704	0	0	0	0	0	1e-08	0	0	0	0	3
552	292	0.668957188	5.43591808	0	0	0	0	0	1e-08	0	0	0	0	3
553	292	0.669912764	5.44576575	0	0	0	0	0	1e-08	0	0	0	0	3
554	293	0.67099995	5.45561343	0	0	0	0	0	1e-08	0	0	0	0	3
555	293	0.672047058	5.46546111	0	0	0	0	0	1e-08	0	0	0	0	3
556	294	0.673119723	5.47530879	0	0	0	0	0	1e-08	0	0	0	0	3
557	295	0.674337418	5.48515646	0	0	0	0	0	1e-08	0	0	0	0	3
558	295	0.675407472	5.49500414	0	0	0	0	0	1e-08	0	0	0	0	3
559	296	0.676500236	5.50485182	0	0	0	0	0	1e-08	0	0	0	0	3
560	296	0.678153235	5.5146995	0	0	0	0	0	1e-08	0	0	0	0	3
561	297	0.679285544	5.52454717	0	0	0	0	0	1e-08	0	0	0	0	3
562	297	0.680700473	5.53439485	0	0	0	0	0	1e-08	0	0	0	0	3
563	297	0.682301751	5.54424253	0	0	0	0	0	1e-08	0	0	0	0	3
564	298	0.683964329	5.55409021	0	0	0	0	0	1e-08	0	0	0	0	3
565	298	0.684935161	5.56393789	0	0	0	0	0	1e-08	0	0	0	0	3
566	299	0.68669263	5.57378556	0	0	0	0	0	1e-08	0	0	0	0	3
567	299	0.688347308	5.58363324	0	0	0	0	0	1e-08	0	0	0	0	3
568	300	0.689872353	5.59348092	0	0	0	0	0	1e-08	0	0	0	0	3
569	300	0.691420402	5.6033286	0	0	0	0	0	1e-08	0	0	0	0	3
570	301	0.693081865	5.61317627	0	0	0	0	0	1e-08	0	0	0	0	3
571	301	0.694810279	5.62302395	0	0	0	0	0	1e-08	0	0	0	0	3
572	302	0.695882974	5.63287163	0	0	0	0	0	1e-08	0	0	0	0	3
573	302	0.697135068	5.64271931	0	0	0	0	0	1e-08	0	0	0	0	3
574	303	0.69838942	5.65256698	0	0	0	0	0	1e-08	0	0	0	0	3
575	304	0.699263408	5.66241466	0	0	0	0	0	1e-08	0	0	0	0	3
576	304	0.699907997	5.67226234	0	0	0	0	0	1e-08	0	0	0	0	3
577	305	0.700547642	5.68211002	0	0	0	0	0	1e-08	0	0	0	0	3
578	305	0.701494525	5.6919577	0	0	0	0	0	1e-08	0	0	0	0	3
579	306	0.702696981	5.70180537	0	0	0	0	0	1e-08	0	0	0	0	3
580	307	0.703996366	5.71165305	0	0	0	0	0	1e-08	0	0	0	0	3
581	307	0.704943226	5.72150073	0	0	0	0	0	1e-08	0	0	0	0	3
582	308	0.7061606	5.73134841	0	0	0	0	0	1e-08	0	0	0	0	3
583	309	0.707874861	5.74119608	0	0	0	0	0	1e-08	0	0	0	0	3
584	309	0.709021028	5.75104376	0	0	0	0	0	1e-08	0	0	0	0	3
585	310	0.710338026	5.76089144	0	0	0	0	0	1e-08	0	0	0	0	3
586	310	0.711765454	5.77073912	0	0	0	0	0	1e-08	0	0	0	0	3
587	311	0.713030692	5.78058679	0	0	0	0	0	1e-08	0	0	0	0	3
588	311	0.71453202	5.79043447	0	0	0	0	0	1e-08	0	0	0	0	3
589	312	0.715829828	5.80028215	0	0	0	0	0	1e-08	0	0	0	0	3
590	312	0.717392365	5.81012983	0	0	0	0	0	1e-08	0	0	0	0	3
591	313	0.718537263	5.8199775	0	0	0	0	0	1e-08	0	0	0	0	3
592	313	0.719980684	5.82982518	0	0	0	0	0	1e-08	0	0	0	0	3
593	314	0.721483594	5.83967286	0	0	0	0	0	1e-08	0	0	0	0	3
594	314	0.723020389	5.84952054	0	0	0	0	0	1e-08	0	0	0	0	3
595	314	0.724634817	5.85936822	0	0	0	0	0	1e-08	0	0	0	0	3
596	315	0.726203212	5.86921589	0	0	0	0	0	1e-08	0	0	0	0	3
597	315	0.727326411	5.87906357	0	0	0	0	0	1e-08	0	0	0	0	3
598	316	0.728699613	5.88891125	0	0	0	0	0	1e-08	0	0	0	0	3
599	317	0.729870408	5.89875893	0	0	0	0	0	1e-08	0	0	0	0	3
600	317	0.730767037	5.9086066	0	0	0	0	0	1e-08	0	0	0	0	3
601	318	0.731381632	5.91845428	0	0	0	0	0	1e-08	0	0	0	0	3
602	319	0.731964533	5.92830196	0	0	0	0	0	1e-08	0	0	0	0	3
603	319	0.732982974	5.93814964	0	0	0	0	0	1e-08	0	0	0	0	3
604	320	0.733867417	5.94799731	0	0	0	0	0	1e-08	0	0	0	0	3
605	320	0.735015892	5.95784499	0	0	0	0	0	1e-08	0	0	0	0	3
606	321	0.735998054	5.96769267	0	0	0	0	0	1e-08	0	0	0	0	3
607	322	0.736869339	5.97754035	0	0	0	0	0	1e-08	0	0	0	0	3
608	322	0.738299448	5.98738803	0	0	0	0	0	1e-08	0	0	0	0	3
609	323	0.739264969	5.9972357	0	0	0	0	0	1e-08	0	0	0	0	3
610	323	0.740252723	6.00708338	0	0	0	0	0	1e-08	0	0	0	0	3
611	324	0.741209093	6.01693106	0	0	0	0	0	1e-08	0	0	0	0	3
612	324	0.741992011	6.02677874	0	0	0	0	0	1e-08	0	0	0	0	3
613	325	0.74305763	6.03662641	0	0	0	0	0	1e-08	0	0	0	0	3
614	325	0.744485847	6.04647409	0	0	0	0	0	1e-08	0	0	0	0	3
615	326	0.745489405	6.05632177	0	0	0	0	0	1e-08	0	0	0	0	3
616	326	0.747103395	6.06616945	0	0	0	0	0	1e-08	0	0	0	0	3
617	327	0.748713377	6.07601712	0	0	0	0	0	1e-08	0	0	0	0	3
618	327	0.749947935	6.0858648	0	0	0	0	0	1e-08	0	0	0	0	3
619	327	0.751647141	6.09571248	0	0	0	0	0	1e-08	0	0	0	0	3
620	328	0.753249229	6.10556016	0	0	0	0	0	1e-08	0	0	0	0	3
621	328	0.754894106	6.11540784	0	0	0	0	0	1e-08	0	0	0	0	3
622	329	0.75645616	6.12525551	0	0	0	0	0	1e-08	0	0	0	0	3
623	329	0.758072139	6.13510319	0	0	0	0	0	1e-08	0	0	0	0	3
624	330	0.759219729	6.14495087	0	0	0	0	0	1e-08	0	0	0	0	3
625	330	0.760477752	6.15479855	0	0	0	0	0	1e-08	0	0	0	0	3
626	331	0.761789671	6.16464622	0	0	0	0	0	1e-08	0	0	0	0	3
627	331	0.762436607	6.1744939	0	0	0	0	0	1e-08	0	0	0	0	3
628	332	0.762962795	6.18434158	0	0	0	0	0	1e-08	0	0	0	0	3
629	333	0.764013447	6.19418926	0	0	0	0	0	1e-08	0	0	0	0	3
630	333	0.765034635	6.20403693	0	0	0	0	0	1e-08	0	0	0	0	3
631	334	0.765719642	6.21388461	0	0	0	0	0	1e-08	0	0	0	0	3
632	334	0.766610968	6.22373229	0	0	0	0	0	1e-08	0	0	0	0	3
633	335	0.767583609	6.23357997	0	0	0	0	0	1e-08	0	0	0	0	3
634	335	0.768522438	6.24342764	0	0	0	0	0	1e-08	0	0	0	0	3
635	336	0.769832566	6.25327532	0	0	0	0	0	1e-08	0	0	0	0	3
636	336	0.771330308	6.263123	0	0	0	0	0	1e-08	0	0	0	0	3
637	337	0.772343013	6.27297068	0	0	0	0	0	1e-08	0	0	0	0	3
638	337	0.773842172	6.28281836	0	0	0	0	0	1e-08	0	0	0	0	3
639	338	0.775055529	6.29266603	0	0	0	0	0	1e-08	0	0	0	0	3
640	338	0.776513881	6.30251371	0	0	0	0	0	1e-08	0	0	0	0	3
641	339	0.777647339	6.31236139	0	0	0	0	0	1e-08	0	0	0	0	3
642	339	0.779280293	6.32220907	0	0	0	0	0	1e-08	0	0	0	0	3
643	340	0.780223582	6.33205674	0	0	0	0	0	1e-08	0	0	0	0	3
644	340	0.781711216	6.34190442	0	0	0	0	0	1e-08	0	0	0	0	3
645	341	0.783075349	6.3517521	0	0	0	0	0	1e-08	0	0	0	0	3
646	341	0.784570879	6.36159978	0	0	0	0	0	1e-08	0	0	0	0	3
647	341	0.78616899	6.37144745	0	0	0	0	0	1e-08	0	0	0	0	3
648	342	0.787830062	6.38129513	0	0	0	0	0	1e-08	0	0	0	0	3
649	342	0.789601135	6.39114281	0	0	0	0	0	1e-08	0	0	0	0	3
650	343	0.790850378	6.40099049	0	0	0	0	0	1e-08	0	0	0	0	3
651	343	0.792222709	6.41083817	0	0	0	0	0	1e-08	0	0	0	0	3
652	344	0.793159824	6.42068584	0	0	0	0	0	1e-08	0	0	0	0	3
653	345	0.793875931	6.43053352	0	0	0	0	0	1e-08	0	0	0	0	3
654	345	0.794424746	6.4403812	0	0	0	0	0	1e-08	0	0	0	0	3
655	346	0.795397567	6.45022888	0	0	0	0	0	1e-08	0	0	0	0	3
656	346	0.796459913	6.46007655	0	0	0	0	0	1e-08	0	0	0	0	3
657	347	0.797557943	6.46992423	0	0	0	0	0	1e-08	0	0	0	0	3
658	348	0.79903821	6.47977191	0	0	0	0	0	1e-08	0	0	0	0	3
659	348	0.800358459	6.48961959	0	0	0	0	0	1e-08	0	0	0	0	3
660	349	0.801782347	6.49946726	0	0	0	0	0	1e-08	0	0	0	0	3
661	349	0.803490401	6.50931494	0	0	0	0	0	1e-08	0	0	0	0	3
662	350	0.804703329	6.51916262	0	0	0	0	0	1e-08	0	0	0	0	3
663	350	0.806021432	6.5290103	0	0	0	0	0	1e-08	0	0	0	0	3
664	351	0.807753713	6.53885798	0	0	0	0	0	1e-08	0	0	0	0	3
665	351	0.809504703	6.54870565	0	0	0	0	0	1e-08	0	0	0	0	3
666	351	0.810438036	6.55855333	0	0	0	0	0	1e-08	0	0	0	0	3
667	352	0.812017757	6.56840101	0	0	0	0	0	1e-08	0	0	0	0	3
668	352	0.812963914	6.57824869	0	0	0	0	0	1e-08	0	0	0	0	3
669	353	0.814317577	6.58809636	0	0	0	0	0	1e-08	0	0	0	0	3
670	353	0.815746063	6.59794404	0	0	0	0	0	1e-08	0	0	0	0	3
671	354	0.817246366	6.60779172	0	0	0	0	0	1e-08	0	0	0	0	3
672	354	0.818853673	6.6176394	0	0	0	0	0	1e-08	0	0	0	0	3
673	355	0.820446491	6.62748707	0	0	0	0	0	1e-08	0	0	0	0	3
674	355	0.822081769	6.63733475	0	0	0	0	0	1e-08	0	0	0	0	3
675	356	0.823556417	6.64718243	0	0	0	0	0	1e-08	0	0	0	0	3
676	356	0.824887718	6.65703011	0	0	0	0	0	1e-08	0	0	0	0	3
677	357	0.825389232	6.66687778	0	0	0	0	0	1e-08	0	0	0	0	3
678	357	0.82606153	6.67672546	0	0	0	0	0	1e-08	0	0	0	0	3
679	358	0.826901759	6.68657314	0	0	0	0	0	1e-08	0	0	0	0	3
680	358	0.827984901	6.69642082	0	0	0	0	0	1e-08	0	0	0	0	3
681	359	0.828666388	6.7062685	0	0	0	0	0	1e-08	0	0	0	0	3
682	360	0.82962556	6.71611617	0	0	0	0	0	1e-08	0	0	0	0	3
683	360	0.830932852	6.72596385	0	0	0	0	0	1e-08	0	0	0	0	3
684	361	0.831776662	6.73581153	0	0	0	0	0	1e-08	0	0	0	0	3
685	361	0.83311255	6.74565921	0	0	0	0	0	1e-08	0	0	0	0	3
686	362	0.834737507	6.75550688	0	0	0	0	0	1e-08	0	0	0	0	3
687	362	0.835831173	6.76535456	0	0	0	0	0	1e-08	0	0	0	0	3
688	363	0.837030594	6.77520224	0	0	0	0	0	1e-08	0	0	0	0	3
689	363	0.838567642	6.78504992	0	0	0	0	0	1e-08	0	0	0	0	3
690	364	0.839889203	6.79489759	0	0	0	0	0	1e-08	0	0	0	0	3
691	364	0.84150726	6.80474527	0	0	0	0	0	1e-08	0	0	0	0	3
692	365	0.842717949	6.81459295	0	0	0	0	0	1e-08	0	0	0	0	3
693	365	0.844621165	6.82444063	0	0	0	0	0	1e-08	0	0	0	0	3
694	366	0.846355444	6.83428831	0	0	0	0	0	1e-08	0	0	0	0	3
695	366	0.848107197	6.84413598	0	0	0	0	0	1e-08	0	0	0	0	3
696	366	0.849800521	6.85398366	0	0	0	0	0	1e-08	0	0	0	0	3
697	367	0.851419301	6.86383134	0	0	0	0	0	1e-08	0	0	0	0	3
698	367	0.852680744	6.87367902	0	0	0	0	0	1e-08	0	0	0	0	3
699	368	0.853691381	6.88352669	0	0	0	0	0	1e-08	0	0	0	0	3
700	368	0.854653447	6.89337437	0	0	0	0	0	1e-08	0	0	0	0	3
701	370	0.85600583	6.90322205	0	0	0	0	0	1e-08	0	0	0	0	3
702	370	0.856630371	6.91306973	0	0	0	0	0	1e-08	0	0	0	0	3
703	371	0.857145696	6.9229174	0	0	0	0	0	1e-08	0	0	0	0	3
704	371	0.858080558	6.93276508	0	0	0	0	0	1e-08	0	0	0	0	3
705	372	0.859052435	6.94261276	0	0	0	0	0	1e-08	0	0	0	0	3
706	372	0.860005531	6.95246044	0	0	0	0	0	1e-08	0	0	0	0	3
707	373	0.86127777	6.96230811	0	0	0	0	0	1e-08	0	0	0	0	3
708	374	0.862258103	6.97215579	0	0	0	0	0	1e-08	0	0	0	0	3
709	374	0.863238066	6.98200347	0	0	0	0	0	1e-08	0	0	0	0	3
710	374	0.864450434	6.99185115	0	0	0	0	0	1e-08	0	0	0	0	3
711	375	0.865402078	7.00169883	0	0	0	0	0	1e-08	0	0	0	0	3
712	375	0.866762627	7.0115465	0	0	0	0	0	1e-08	0	0	0	0	3
713	376	0.867707564	7.02139418	0	0	0	0	0	1e-08	0	0	0	0	3
714	376	0.868864651	7.03124186	0	0	0	0	0	1e-08	0	0	0	0	3
715	377	0.870426242	7.04108954	0	0	0	0	0	1e-08	0	0	0	0	3
716	378	0.871802013	7.05093721	0	0	0	0	0	1e-08	0	0	0	0	3
717	378	0.873717461	7.06078489	0	0	0	0	0	1e-08	0	0	0	0	3
718	378	0.874601542	7.07063257	0	0	0	0	0	1e-08	0	0	0	0	3
719	379	0.876318099	7.08048025	0	0	0	0	0	1e-08	0	0	0	0	3
720	379	0.877870263	7.09032792	0	0	0	0	0	1e-08	0	0	0	0	3
721	380	0.879499294	7.1001756	0	0	0	0	0	1e-08	0	0	0	0	3
722	380	0.881165251	7.11002328	0	0	0	0	0	1e-08	0	0	0	0	3
723	381	0.882792211	7.11987096	0	0	0	0	0	1e-08	0	0	0	0	3
724	381	0.884485294	7.12971864	0	0	0	0	0	1e-08	0	0	0	0	3
725	382	0.886043007	7.13956631	0	0	0	0	0	1e-08	0	0	0	0	3
726	383	0.887246214	7.14941399	0	0	0	0	0	1e-08	0	0	0	0	3
727	384	0.888069873	7.15926167	0	0	0	0	0	1e-08	0	0	0	0	3
728	384	0.888883303	7.16910935	0	0	0	0	0	1e-08	0	0	0	0	3
729	385	0.889668714	7.17895702	0	0	0	0	0	1e-08	0	0	0	0	3
730	385	0.890781354	7.1888047	0	0	0	0	0	1e-08	0	0	0	0	3
731	386	0.891659024	7.19865238	0	0	0	0	0	1e-08	0	0	0	0	3
732	387	0.893192887	7.20850006	0	0	0	0	0	1e-08	0	0	0	0	3
733	388	0.894555966	7.21834773	0	0	0	0	0	1e-08	0	0	0	0	3
734	389	0.895538779	7.22819541	0	0	0	0	0	1e-08	0	0	0	0	3
735	389	0.896866931	7.23804309	0	0	0	0	0	1e-08	0	0	0	0	3
736	390	0.898255432	7.24789077	0	0	0	0	0	1e-08	0	0	0	0	3
737	391	0.899051835	7.25773845	0	0	0	0	0	1e-08	0	0	0	0	3
738	391	0.900212456	7.26758612	0	0	0	0	0	1e-08	0	0	0	0	3
739	392	0.901527854	7.2774338	0	0	0	0	0	1e-08	0	0	0	0	3
740	392	0.902738902	7.28728148	0	0	0	0	0	1e-08	0	0	0	0	3
741	392	0.904336267	7.29712916	0	0	0	0	0	1e-08	0	0	0	0	3
742	393	0.905872587	7.30697683	0	0	0	0	0	1e-08	0	0	0	0	3
743	393	0.907121123	7.31682451	0	0	0	0	0	1e-08	0	0	0	0	3
744	394	0.908619895	7.32667219	0	0	0	0	0	1e-08	0	0	0	0	3
745	394	0.910154282	7.33651987	0	0	0	0	0	1e-08	0	0	0	0	3
746	395	0.911732472	7.34636754	0	0	0	0	0	1e-08	0	0	0	0	3
747	395	0.913400387	7.35621522	0	0	0	0	0	1e-08	0	0	0	0	3
748	396	0.915146672	7.3660629	0	0	0	0	0	1e-08	0	0	0	0	3
749	396	0.91651491	7.37591058	0	0	0	0	0	1e-08	0	0	0	0	3
750	397	0.917799456	7.38575825	0	0	0	0	0	1e-08	0	0	0	0	3
751	397	0.919196439	7.39560593	0	0	0	0	0	1e-08	0	0	0	0	3
752	398	0.919824277	7.40545361	0	0	0	0	0	1e-08	0	0	0	0	3
753	398	0.920334082	7.41530129	0	0	0	0	0	1e-08	0	0	0	0	3
754	399	0.921230477	7.42514897	0	0	0	0	0	1e-08	0	0	0	0	3
755	400	0.922325939	7.43499664	0	0	0	0	0	1e-08	0	0	0	0	3
756	400	0.923544013	7.44484432	0	0	0	0	0	1e-08	0	0	0	0	3
757	401	0.924943475	7.454692	0	0	0	0	0	1e-08	0	0	0	0	3
758	401	0.92626708	7.46453968	0	0	0	0	0	1e-08	0	0	0	0	3
759	402	0.927512957	7.47438735	0	0	0	0	0	1e-08	0	0	0	0	3
760	403	0.928548417	7.48423503	0	0	0	0	0	1e-08	0	0	0	0	3
761	403	0.930200606	7.49408271	0	0	0	0	0	1e-08	0	0	0	0	3
762	404	0.931029792	7.50393039	0	0	0	0	0	1e-08	0	0	0	0	3
763	404	0.932424947	7.51377806	0	0	0	0	0	1e-08	0	0	0	0	3
764	405	0.933998113	7.52362574	0	0	0	0	0	1e-08	0	0	0	0	3
765	405	0.935602535	7.53347342	0	0	0	0	0	1e-08	0	0	0	0	3
766	405	0.936733054	7.5433211	0	0	0	0	0	1e-08	0	0	0	0	3
767	406	0.938449144	7.55316878	0	0	0	0	0	1e-08	0	0	0	0	3
768	406	0.940277006	7.56301645	0	0	0	0	0	1e-08	0	0	0	0	3
769	407	0.941956388	7.57286413	0	0	0	0	0	1e-08	0	0	0	0	3
770	407	0.943670034	7.58271181	0	0	0	0	0	1e-08	0	0	0	0	3
771	408	0.945339749	7.59255949	0	0	0	0	0	1e-08	0	0	0	0	3
772	408	0.947092876	7.60240716	0	0	0	0	0	1e-08	0	0	0	0	3
773	409	0.948249926	7.61225484	0	0	0	0	0	1e-08	0	0	0	0	3
774	409	0.949421158	7.62210252	0	0	0	0	0	1e-08	0	0	0	0	3
775	410	0.950432299	7.6319502	0	0	0	0	0	1e-08	0	0	0	0	3
776	410	0.951060124	7.64179787	0	0	0	0	0	1e-08	0	0	0	0	3
777	411	0.951604309	7.65164555	0	0	0	0	0	1e-08	0	0	0	0	3
778	411	0.952498205	7.66149323	0	0	0	0	0	1e-08	0	0	0	0	3
779	412	0.953585296	7.67134091	0	0	0	0	0	1e-08	0	0	0	0	3
780	413	0.954395494	7.68118859	0	0	0	0	0	1e-08	0	0	0	0	3
781	413	0.955621842	7.69103626	0	0	0	0	0	1e-08	0	0	0	0	3
782	414	0.956786607	7.70088394	0	0	0	0	0	1e-08	0	0	0	0	3
783	414	0.958000878	7.71073162	0	0	0	0	0	1e-08	0	0	0	0	3
784	415	0.959673936	7.7205793	0	0	0	0	0	1e-08	0	0	0	0	3
785	416	0.960830145	7.73042697	0	0	0	0	0	1e-08	0	0	0	0	3
786	416	0.962655765	7.74027465	0	0	0	0	0	1e-08	0	0	0	0	3
787	417	0.963662044	7.75012233	0	0	0	0	0	1e-08	0	0	0	0	3
788	417	0.964874324	7.75997001	0	0	0	0	0	1e-08	0	0	0	0	3
789	418	0.965992646	7.76981768	0	0	0	0	0	1e-08	0	0	0	0	3
790	418	0.967363285	7.77966536	0	0	0	0	0	1e-08	0	0	0	0	3
791	418	0.968938517	7.78951304	0	0	0	0	0	1e-08	0	0	0	0	3
792	419	0.970103548	7.79936072	0	0	0	0	0	1e-08	0	0	0	0	3
793	419	0.971420863	7.80920839	0	0	0	0	0	1e-08	0	0	0	0	3
794	420	0.972882894	7.81905607	0	0	0	0	0	1e-08	0	0	0	0	3
795	420	0.974374515	7.82890375	0	0	0	0	0	1e-08	0	0	0	0	3
796	421	0.975956059	7.83875143	0	0	0	0	0	1e-08	0	0	0	0	3
797	421	0.977482208	7.84859911	0	0	0	0	0	1e-08	0	0	0	0	3
798	422	0.978716352	7.85844678	0	0	0	0	0	1e-08	0	0	0	0	3
799	422	0.980253793	7.86829446	0	0	0	0	0	1e-08	0	0	0	0	3
800	423	0.981462624	7.87814214	0	0	0	0	0	1e-08	0	0	0	0	3
801	424	0.982407077	7.88798982	0	0	0	0	0	1e-08	0	0	0	0	3
802	424	0.983020479	7.89783749	0	0	0	0	0	1e-08	0	0	0	0	3
803	425	0.983872394	7.90768517	0	0	0	0	0	1e-08	0	0	0	0	3
804	426	0.984993647	7.91753285	0	0	0	0	0	1e-08	0	0	0	0	3
805	426	0.986157222	7.92738053	0	0	0	0	0	1e-08	0	0	0	0	3
806	427	0.987154896	7.9372282	0	0	0	0	0	1e-08	0	0	0	0	3
807	427	0.988369764	7.94707588	0	0	0	0	0	1e-08	0	0	0	0	3
808	428	0.989794373	7.95692356	0	0	0	0	0	1e-08	0	0	0	0	3
809	428	0.991437323	7.96677124	0	0	0	0	0	1e-08	0	0	0	0	3
810	429	0.992352455	7.97661892	0	0	0	0	0	1e-08	0	0	0	0	3
811	429	0.993812699	7.98646659	0	0	0	0	0	1e-08	0	0	0	0	3
812	430	0.995540783	7.99631427	0	0	0	0	0	1e-08	0	0	0	0	3
813	430	0.997296772	8.00616195	0	0	0	0	0	1e-08	0	0	0	0	3
814	431	0.998359373	8.01600963	0	0	0	0	0	1e-08	0	0	0	0	3
815	431	1	8.0258573	0	0	0	0	0	1e-08	0	0	0	0	3
