Iteration	CPUTime	PhysTime	Travels	Value	AvValue	MinValue	MaxValue	Delta	Criteria	PrevAvRefValue	Progress	CriteriaType	CriteriaVarType	CriteriaPercentage
1	2	0.00626576075	0.00984767767	133507.883	133507.883	133507.883	133507.883	0	0	0	0	0	0	3
2	3	0.00628001262	0.0196953553	-5292231.67	121194.701	-5292231.67	133507.883	12313.1818	0	0	0	0	0	3
3	3	0.00630278298	0.029543033	58276.9773	120967.395	-5292231.67	133507.883	12540.4877	0	0	0	0	0	3
4	4	0.00632696671	0.0393907107	141320.822	121045.192	-5292231.67	141320.822	12540.4877	0	0	0	0	0	3
5	4	0.00635313572	0.0492383884	216773.009	121439.502	-5292231.67	216773.009	12540.4877	0	0	0	0	0	3
6	5	0.00639586892	0.059086066	269011.396	122425.485	-5292231.67	269011.396	12540.4877	0	0	0	0	0	3
7	6	0.00644466228	0.0689337437	24947.6868	121687.468	-5292231.67	269011.396	12540.4877	0	0	0	0	0	3
8	6	0.00650038148	0.0787814214	-23187.5943	120445.645	-5292231.67	269011.396	13062.2373	0	0	0	0	0	3
9	6	0.00656305674	0.0886290991	24885.0147	119533.069	-5292231.67	269011.396	13974.8133	0	0	0	0	0	3
10	7	0.00663430739	0.0984767767	-42811.6962	117789.531	-5292231.67	269011.396	15718.3517	0	0	0	0	0	3
11	7	0.00675567494	0.108324454	27188.0922	116161.851	-5292231.67	269011.396	17346.0313	0	0	0	0	0	3
12	8	0.00689832325	0.118172132	30876.9865	114398.272	-5292231.67	269011.396	19109.6109	0	0	0	0	0	3
13	8	0.00705950349	0.12801981	78277.4071	113573.572	-5292231.67	269011.396	19934.3105	0	0	0	0	0	3
14	9	0.00723774639	0.137867487	79722.7988	112739.934	-5292231.67	269011.396	20767.9484	0	0	0	0	0	3
15	9	0.0074428578	0.147715165	80648.4182	111855.551	-5292231.67	269011.396	21652.3313	0	0	0	0	0	3
16	10	0.00779053395	0.157562843	94917.7475	111099.651	-5292231.67	269011.396	22408.2321	0	0	0	0	0	3
17	10	0.00811129293	0.16741052	104382.411	110834.019	-5292231.67	269011.396	22673.8636	0	0	0	0	0	3
18	11	0.00850579856	0.177258198	87539.5091	109753.601	-5292231.67	269011.396	23754.2813	0	0	0	0	0	3
19	12	0.00889031972	0.187105876	93691.0191	109058.868	-5292231.67	269011.396	24449.0148	0	0	0	0	0	3
20	12	0.00934661917	0.196953553	84282.8253	107849.308	-5292231.67	269011.396	25658.5745	0	0	0	0	0	3
21	13	0.0100965	0.206801231	90976.8226	106596.166	-5292231.67	269011.396	26911.717	0	0	0	0	0	3
22	13	0.0109364234	0.216648909	94530.8288	105669.541	-5292231.67	269011.396	27838.3416	0	0	0	0	0	3
23	14	0.01174376	0.226496586	107206.05	105775.17	-5292231.67	269011.396	27838.3416	0	0	0	0	0	3
24	14	0.0126501397	0.236344264	106055.116	105795.228	-5292231.67	269011.396	27838.3416	0	0	0	0	0	3
25	15	0.0135652677	0.246191942	110475.165	106110.942	-5292231.67	269011.396	27838.3416	0	0	0	0	0	3
26	16	0.0148903751	0.25603962	98012.8781	105390.288	-5292231.67	269011.396	28117.5947	0	0	0	0	0	3
27	16	0.0163021381	0.265887297	110950.307	105871.785	-5292231.67	269011.396	28117.5947	0	0	0	0	0	3
28	17	0.0171430274	0.275734975	91219.8965	105153.089	-5292231.67	269011.396	28354.7934	0	0	0	0	0	3
29	18	0.0178925957	0.285582653	91715.3462	104590.147	-5292231.67	269011.396	28917.7361	0	0	0	0	0	3
30	18	0.0188270382	0.29543033	84457.5701	103590.906	-5292231.67	269011.396	29916.9763	0	0	0	0	0	3
31	19	0.0204981416	0.305278008	98073.6524	103141.114	-5292231.67	269011.396	30366.7684	0	0	0	0	0	3
32	19	0.0215811903	0.315125686	98518.3483	102909.121	-5292231.67	269011.396	30598.7612	0	0	0	0	0	3
33	20	0.0226881034	0.324973363	95994.2626	102571.758	-5292231.67	269011.396	30936.1252	0	0	0	0	0	3
34	20	0.0237672396	0.334821041	101443.164	102520.514	-5292231.67	269011.396	30987.3683	0	0	0	0	0	3
35	21	0.0247754727	0.344668719	108937.783	102781.664	-5292231.67	269011.396	30987.3683	0	0	0	0	0	3
36	21	0.0261236008	0.354516396	111970.307	103255.851	-5292231.67	269011.396	30987.3683	0	0	0	0	0	3
37	22	0.0271979356	0.364364074	109529.19	103503.652	-5292231.67	269011.396	30987.3683	0	0	0	0	0	3
38	22	0.0283610386	0.374211752	111163.699	103817.795	-5292231.67	269011.396	30987.3683	0	0	0	0	0	3
39	23	0.029698846	0.384059429	110997.031	104141.189	-5292231.67	269011.396	30987.3683	0	0	0	0	0	3
40	23	0.0312244874	0.393907107	109508.841	104403.455	-5292231.67	269011.396	30987.3683	0	0	0	0	0	3
41	23	0.0329621346	0.403754785	104912.826	104430.307	-5292231.67	269011.396	30987.3683	0	0	0	0	0	3
42	24	0.0344988086	0.413602462	103938.31	104408.392	-5292231.67	269011.396	30987.3683	0	0	0	0	0	3
43	24	0.0362554121	0.42345014	103283.939	104353.911	-5292231.67	269011.396	30987.3683	0	0	0	0	0	3
44	25	0.0379871105	0.433297818	95770.0336	103962.603	-5292231.67	269011.396	30987.3683	0	0	0	0	0	3
45	26	0.0394186135	0.443145495	86709.9301	103336.065	-5292231.67	269011.396	30987.3683	0	0	0	0	0	3
46	26	0.0399345739	0.452993173	92517.8492	103196.292	-5292231.67	269011.396	30987.3683	0	0	0	0	0	3
47	27	0.0405677857	0.462840851	82641.067	102875.451	-5292231.67	269011.396	30987.3683	0	0	0	0	0	3
48	27	0.0413964641	0.472688528	90130.2494	102620.316	-5292231.67	269011.396	30987.3683	0	0	0	0	0	3
49	28	0.0425270849	0.482536206	82162.6341	102076.43	-5292231.67	269011.396	31431.4525	0	0	0	0	0	3
50	28	0.0438537206	0.492383884	91684.1239	101762.049	-5292231.67	269011.396	31745.8341	0	0	0	0	0	3
51	29	0.0448349749	0.502231561	108687.08	101913.609	-5292231.67	269011.396	31745.8341	0	0	0	0	0	3
52	30	0.0457679415	0.512079239	86682.8467	96542.464	-5292231.67	269011.396	25883.0212	0	0	0	0	0	3
53	30	0.0470840226	0.521926917	106045.666	98731.1482	-42811.6962	269011.396	25883.0212	0	0	0	0	0	3
54	31	0.0485415404	0.531774594	89204.2495	98424.2152	-42811.6962	269011.396	25883.0212	0	0	0	0	0	3
55	31	0.049771785	0.541622272	88363.164	98115.4338	-42811.6962	269011.396	25883.0212	0	0	0	0	0	3
56	32	0.0508078802	0.55146995	96845.0274	98015.9751	-42811.6962	269011.396	25883.0212	0	0	0	0	0	3
57	32	0.0521922924	0.561317627	102773.683	98000.2412	-42811.6962	111970.307	25145.0044	0	0	0	0	0	3
58	33	0.0536357086	0.571165305	105726.797	98312.1037	-42811.6962	111970.307	23903.1814	0	0	0	0	0	3
59	33	0.055015834	0.581012983	105982.008	98669.8308	-42811.6962	111970.307	22990.6055	0	0	0	0	0	3
60	34	0.0561893969	0.59086066	108528.055	98996.144	-42811.6962	111970.307	21247.0671	0	0	0	0	0	3
61	34	0.0576646694	0.600708338	111196.343	99546.846	27188.0922	111970.307	19619.3875	0	0	0	0	0	3
62	35	0.0589129824	0.610556016	111582.251	100003.272	30876.9865	111970.307	17855.8079	0	0	0	0	0	3
63	35	0.0602285636	0.620403693	109377.95	100419.432	78277.4071	111970.307	17031.1083	0	0	0	0	0	3
64	35	0.0616472887	0.630251371	109716.259	100726.433	79722.7988	111970.307	16197.4704	0	0	0	0	0	3
65	36	0.0631289339	0.640099049	107643.205	100976.775	80648.4182	111970.307	15313.0874	0	0	0	0	0	3
66	36	0.0647382989	0.649946726	103008.169	101106.608	82162.6341	111970.307	14557.1867	0	0	0	0	0	3
67	37	0.066449768	0.659794404	104696.239	101248.023	82162.6341	111970.307	14291.5552	0	0	0	0	0	3
68	37	0.068144949	0.669642082	100457.483	101208.953	82162.6341	111970.307	13211.1375	0	0	0	0	0	3
69	38	0.0697817833	0.679489759	91450.9502	101036.299	82162.6341	111970.307	12516.404	0	0	0	0	0	3
70	38	0.0710281169	0.689337437	88907.3414	100838.475	82162.6341	111970.307	11306.8442	0	0	0	0	0	3
71	39	0.0715829305	0.699185115	90231.1965	100865.297	82162.6341	111970.307	10053.7017	0	0	0	0	0	3
72	40	0.0722845791	0.709032792	92903.4053	100894.703	82162.6341	111970.307	9568.47783	0	0	0	0	0	3
73	40	0.0733972852	0.71888047	73526.9899	100492.739	73526.9899	111970.307	9568.47783	0	0	0	0	0	3
74	41	0.0741782272	0.728728148	86060.6841	100225.41	73526.9899	111970.307	9568.47783	0	0	0	0	0	3
75	41	0.0752705491	0.738575825	85536.1142	99884.7967	73526.9899	111970.307	9568.47783	0	0	0	0	0	3
76	42	0.0761660255	0.748423503	100396.369	99737.2995	73526.9899	111970.307	9329.32091	0	0	0	0	0	3
77	42	0.0770001396	0.758271181	93278.5791	99687.3514	73526.9899	111970.307	9329.32091	0	0	0	0	0	3
78	43	0.0784242895	0.768118859	102966.113	99506.5596	73526.9899	111970.307	8610.62538	0	0	0	0	0	3
79	43	0.0800337827	0.777966536	102045.941	99682.3451	73526.9899	111970.307	8047.68271	0	0	0	0	0	3
80	44	0.0810755409	0.787814214	97460.273	99740.2238	73526.9899	111970.307	7887.84285	0	0	0	0	0	3
81	44	0.0824488768	0.797661892	99076.9854	99950.3704	73526.9899	111970.307	7887.84285	0	0	0	0	0	3
82	45	0.0834705255	0.807509569	102413.791	100040.139	73526.9899	111970.307	7887.84285	0	0	0	0	0	3
83	45	0.0849256057	0.817357247	104455.645	100167.586	73526.9899	111970.307	7887.84285	0	0	0	0	0	3
84	46	0.0866598686	0.827204925	108597.896	100468.342	73526.9899	111970.307	7887.84285	0	0	0	0	0	3
85	46	0.0879988662	0.837052602	107707.228	100602.869	73526.9899	111970.307	7887.84285	0	0	0	0	0	3
86	47	0.0897150661	0.84690028	109998.56	100721.77	73526.9899	111970.307	7887.84285	0	0	0	0	0	3
87	47	0.0910914888	0.856747958	109430.167	100672.853	73526.9899	111582.251	7887.84285	0	0	0	0	0	3
88	48	0.0924787163	0.866595635	110062.644	100726.637	73526.9899	111582.251	7887.84285	0	0	0	0	0	3
89	48	0.0940229058	0.876443313	107368.434	100697.957	73526.9899	111582.251	7887.84285	0	0	0	0	0	3
90	48	0.0957029772	0.886290991	103334.383	100556.318	73526.9899	111582.251	7887.84285	0	0	0	0	0	3
91	49	0.0973160945	0.896138668	102957.631	100408.27	73526.9899	111582.251	7887.84285	0	0	0	0	0	3
92	50	0.0989509276	0.905986346	100921.747	100302.375	73526.9899	111582.251	7865.92794	0	0	0	0	0	3
93	50	0.100256464	0.915834024	99593.8989	100203.342	73526.9899	111582.251	7811.44731	0	0	0	0	0	3
94	51	0.101421324	0.925681701	86798.9338	99880.6938	73526.9899	111582.251	7420.13859	0	0	0	0	0	3
95	51	0.10250023	0.935529379	89508.1058	99817.5651	73526.9899	111582.251	6793.60079	0	0	0	0	0	3
96	52	0.103054122	0.945377057	77356.8835	99916.9253	73526.9899	111582.251	6653.82789	0	0	0	0	0	3
97	52	0.103607729	0.955224734	104838.511	100019.673	73526.9899	111582.251	6332.98684	0	0	0	0	0	3
98	53	0.104742474	0.965072412	87908.3312	99976.993	73526.9899	111582.251	6077.85215	0	0	0	0	0	3
99	54	0.105840514	0.97492009	96185.7872	100039.014	73526.9899	111582.251	5533.96629	0	0	0	0	0	3
100	54	0.107229977	0.984767767	97844.9938	100304.271	73526.9899	111582.251	5371.14528	0	0	0	0	0	3
101	55	0.108172087	0.994615445	96548.8091	100427.062	73526.9899	111582.251	5371.14528	0	0	0	0	0	3
102	56	0.109510497	1.00446312	91598.5099	100119.042	73526.9899	111582.251	4705.5587	34137.1448	0	0	0	0	3
103	56	0.111015166	1.0143108	91959.1776	100122.99	73526.9899	111582.251	3247.78143	34137.1448	0	0	0	0	3
104	57	0.11252137	1.02415848	90412.5085	99780.3619	73526.9899	111582.251	3247.78143	34137.1448	0	0	0	0	3
105	58	0.113792873	1.03400616	91302.243	99851.3937	73526.9899	111582.251	3247.78143	34137.1448	0	0	0	0	3
106	58	0.114259148	1.04385383	115206.675	100181.584	73526.9899	115206.675	3247.78143	34137.1448	0	0	0	0	3
107	59	0.115604046	1.05370151	107851.654	100394.135	73526.9899	115206.675	3247.78143	34137.1448	0	0	0	0	3
108	59	0.117165236	1.06354919	109948.752	100573.014	73526.9899	115206.675	2935.919	34137.1448	0	0	0	0	3
109	59	0.118711914	1.07339687	107110.436	100614.077	73526.9899	115206.675	2578.19183	34137.1448	0	0	0	0	3
110	60	0.119781002	1.08324454	109180.392	100641.093	73526.9899	115206.675	2251.87865	34137.1448	0	0	0	0	3
111	60	0.121535655	1.09309222	110176.176	100755.483	73526.9899	115206.675	1741.46312	34137.1448	0	0	0	0	3
112	61	0.122982515	1.1029399	106580.364	100648.692	73526.9899	115206.675	1741.46312	34137.1448	0	0	0	0	3
113	61	0.12440617	1.11278758	108773.024	100616.899	73526.9899	115206.675	1741.46312	34137.1448	0	0	0	0	3
114	62	0.125860434	1.12263525	107044.455	100583.706	73526.9899	115206.675	1741.46312	34137.1448	0	0	0	0	3
115	62	0.127432244	1.13248293	102911.105	100442.361	73526.9899	115206.675	1741.46312	34137.1448	0	0	0	0	3
116	63	0.129052162	1.14233061	103645.658	100359.234	73526.9899	115206.675	1741.46312	34137.1448	0	0	0	0	3
117	63	0.130760535	1.15217829	101218.556	100316.899	73526.9899	115206.675	1741.46312	34137.1448	0	0	0	0	3
118	64	0.132301183	1.16202597	92867.443	100028.794	73526.9899	115206.675	1702.39353	34137.1448	0	0	0	0	3
119	64	0.133581184	1.17187364	84309.7814	99710.2081	73526.9899	115206.675	1529.73924	34137.1448	0	0	0	0	3
120	65	0.134172193	1.18172132	81450.5097	99752.5653	73526.9899	115206.675	1388.14372	34137.1448	0	0	0	0	3
121	65	0.134717437	1.191569	97741.256	99947.5762	73526.9899	115206.675	1388.14372	34137.1448	0	0	0	0	3
122	66	0.13561131	1.20141668	91037.0621	99907.3739	73526.9899	115206.675	1388.14372	34137.1448	0	0	0	0	3
123	67	0.136631187	1.21126435	83977.8409	99731.2678	73526.9899	115206.675	1248.92295	34137.1448	0	0	0	0	3
124	67	0.137740265	1.22111203	92393.2783	100057.943	77356.8835	115206.675	1248.92295	34137.1448	0	0	0	0	3
125	68	0.138845696	1.23095971	91696.0202	100084.038	77356.8835	115206.675	1248.92295	34137.1448	0	0	0	0	3
126	69	0.140035819	1.24080739	92480.3105	100189.676	77356.8835	115206.675	1248.92295	34137.1448	0	0	0	0	3
127	69	0.141432784	1.25065506	176522.197	101820.656	77356.8835	176522.197	2314.09595	34137.1448	0	0	0	0	3
128	70	0.141571411	1.26050274	-275743.74	101120.415	-275743.74	176522.197	2314.09595	34137.1448	0	0	0	0	3
129	70	0.141847893	1.27035042	-26405.9479	100523.046	-275743.74	176522.197	2138.31044	34137.1448	0	0	0	0	3
130	71	0.142503122	1.2801981	74113.9027	100206.808	-275743.74	176522.197	2110.4474	34137.1448	0	0	0	0	3
131	71	0.142796256	1.29004578	34360.3984	99940.438	-275743.74	176522.197	2110.4474	34137.1448	0	0	0	0	3
132	72	0.143480582	1.29989345	78940.0815	99724.3982	-275743.74	176522.197	2110.4474	34137.1448	0	0	0	0	3
133	72	0.144075855	1.30974113	84271.9007	99527.2857	-275743.74	176522.197	2293.36983	34137.1448	0	0	0	0	3
134	73	0.144699194	1.31958881	110211.049	99518.7276	-275743.74	176522.197	2301.92787	34137.1448	0	0	0	0	3
135	73	0.145193367	1.32943649	127800.785	99488.4978	-275743.74	176522.197	2332.15776	34137.1448	0	0	0	0	3
136	74	0.145804307	1.33928416	112516.744	99435.8146	-275743.74	176522.197	2384.84091	34137.1448	0	0	0	0	3
137	74	0.146729423	1.34913184	121387.232	99474.0472	-275743.74	176522.197	2384.84091	34137.1448	0	0	0	0	3
138	75	0.147399648	1.35897952	101533.761	99255.1916	-275743.74	176522.197	2565.46395	34137.1448	0	0	0	0	3
139	75	0.148150538	1.3688272	98999.8099	98982.4475	-275743.74	176522.197	2838.20801	34137.1448	0	0	0	0	3
140	76	0.149200014	1.37867487	101087.168	98787.7889	-275743.74	176522.197	3032.86662	34137.1448	0	0	0	0	3
141	76	0.150660683	1.38852255	106307.415	98848.6554	-275743.74	176522.197	3032.86662	34137.1448	0	0	0	0	3
142	77	0.152114839	1.39837023	104155.981	98868.5358	-275743.74	176522.197	3032.86662	34137.1448	0	0	0	0	3
143	77	0.153497706	1.40821791	107051.342	99014.4487	-275743.74	176522.197	3032.86662	34137.1448	0	0	0	0	3
144	78	0.155617278	1.41806558	105056.285	99232.1046	-275743.74	176522.197	3032.86662	34137.1448	0	0	0	0	3
145	78	0.157068223	1.42791326	109157.161	99751.1562	-275743.74	176522.197	3032.86662	34137.1448	0	0	0	0	3
146	78	0.158123244	1.43776094	104150.307	100033.278	-275743.74	176522.197	3032.86662	34137.1448	0	0	0	0	3
147	79	0.159951138	1.44760862	103279.452	100358.321	-275743.74	176522.197	3032.86662	34137.1448	0	0	0	0	3
148	79	0.161676183	1.4574563	101914.714	100361.844	-275743.74	176522.197	3032.86662	34137.1448	0	0	0	0	3
149	80	0.163433298	1.46730397	95493.3818	100456.869	-275743.74	176522.197	3032.86662	34137.1448	0	0	0	0	3
150	80	0.164830922	1.47715165	87969.4264	100240.513	-275743.74	176522.197	3032.86662	34137.1448	0	0	0	0	3
151	81	0.165564341	1.48699933	82852.9337	100078.963	-275743.74	176522.197	3032.86662	34137.1448	0	0	0	0	3
152	82	0.166281529	1.49684701	97143.9909	100099.973	-275743.74	176522.197	3032.86662	34137.1448	0	0	0	0	3
153	82	0.167191659	1.50669468	86762.5926	100086.792	-275743.74	176522.197	3032.86662	34137.1448	0	0	0	0	3
154	83	0.1682597	1.51654236	81944.9999	99961.945	-275743.74	176522.197	3032.86662	34137.1448	0	0	0	0	3
155	84	0.169320699	1.52639004	91420.8503	100055.631	-275743.74	176522.197	3032.86662	34137.1448	0	0	0	0	3
156	84	0.17075593	1.53623772	95514.0861	100136.592	-275743.74	176522.197	3032.86662	34137.1448	0	0	0	0	3
157	85	0.171863428	1.54608539	94152.7142	99899.5625	-275743.74	176522.197	3032.86662	34137.1448	0	0	0	0	3
158	85	0.173280021	1.55593307	103615.282	99805.3969	-275743.74	176522.197	3032.86662	34137.1448	0	0	0	0	3
159	86	0.174338169	1.56578075	89737.8865	99342.0899	-275743.74	176522.197	3032.86662	34137.1448	0	0	0	0	3
160	86	0.175855444	1.57562843	94319.5888	98998.4703	-275743.74	176522.197	3032.86662	34137.1448	0	0	0	0	3
161	87	0.176983651	1.58547611	100690.106	98841.5395	-275743.74	176522.197	3032.86662	34137.1448	0	0	0	0	3
162	87	0.178364004	1.59532378	107059.919	98691.1904	-275743.74	176522.197	3129.4651	34371.2239	0	0	0	0	3
163	88	0.179855744	1.60517146	106307.309	98690.2539	-275743.74	176522.197	3130.40161	34619.4377	0	0	0	0	3
164	88	0.181709537	1.61501914	109349.469	98784.5868	-275743.74	176522.197	3130.40161	34859.6446	0	0	0	0	3
165	89	0.182791295	1.62486682	108462.204	98757.4803	-275743.74	176522.197	3130.40161	35092.2258	0	0	0	0	3
166	89	0.184316677	1.63471449	112500.591	99011.2367	-275743.74	176522.197	3130.40161	35317.539	0	0	0	0	3
167	89	0.18567761	1.64456217	109853.121	99139.2304	-275743.74	176522.197	3130.40161	35535.9194	0	0	0	0	3
168	90	0.187066514	1.65440985	109171.707	99323.6137	-275743.74	176522.197	3130.40161	35747.6822	0	0	0	0	3
169	90	0.188523719	1.66425753	107763.73	99719.2854	-275743.74	176522.197	3130.40161	35953.1237	0	0	0	0	3
170	91	0.190146264	1.6741052	103783.661	100184.569	-275743.74	176522.197	3130.40161	36152.5229	0	0	0	0	3
171	91	0.191768144	1.68395288	103511.189	100470.481	-275743.74	176522.197	3130.40161	36346.1424	0	0	0	0	3
172	92	0.193533076	1.69380056	102111.42	100545.023	-275743.74	176522.197	3130.40161	36534.2298	0	0	0	0	3
173	92	0.195090862	1.70364824	93755.3651	100510.088	-275743.74	176522.197	3130.40161	36717.0191	0	0	0	0	3
174	93	0.19634476	1.71349592	78977.7671	100340.303	-275743.74	176522.197	3130.40161	36894.7308	0	0	0	0	3
175	94	0.196829827	1.72334359	96025.3576	100454.042	-275743.74	176522.197	3130.40161	37067.5738	0	0	0	0	3
176	94	0.197447311	1.73319127	97843.6032	100591.743	-275743.74	176522.197	3130.40161	37235.7453	0	0	0	0	3
177	95	0.198328028	1.74303895	102249.395	100782.395	-275743.74	176522.197	3130.40161	37399.4322	0	0	0	0	3
178	95	0.19933402	1.75288663	65694.7306	98345.4222	-275743.74	127800.785	2774.99292	37558.8116	0	0	0	0	3
179	96	0.199977378	1.7627343	107271.582	99331.6474	-26405.9479	127800.785	2436.97295	37714.0513	0	0	0	0	3
180	97	0.200966211	1.77258198	99344.3288	99919.9043	34360.3984	127800.785	2436.97295	37865.3104	0	0	0	0	3
181	97	0.20199596	1.78242966	102073.335	100241.394	34360.3984	127800.785	2436.97295	38012.7402	0	0	0	0	3
182	98	0.202929838	1.79227734	91007.7255	100419.145	65694.7306	127800.785	2436.97295	38156.4843	0	0	0	0	3
183	98	0.204204301	1.80212501	102089.287	100696.256	65694.7306	127800.785	2436.97295	38296.6791	0	0	0	0	3
184	99	0.20597929	1.81197269	98247.5805	100783.983	65694.7306	127800.785	2438.56094	38433.4546	0	0	0	0	3
185	99	0.207072085	1.82182037	97392.0145	100630.343	65694.7306	127800.785	2438.56094	38566.9342	0	0	0	0	3
186	100	0.208710311	1.83166805	97401.1255	100335.665	65694.7306	121387.232	2438.56094	38697.2358	0	0	0	0	3
187	100	0.210309299	1.84151572	104260.395	100317.583	65694.7306	121387.232	2438.56094	38824.4715	0	0	0	0	3
188	101	0.211784109	1.8513634	101457.979	100043.814	65694.7306	112500.591	2438.56094	38948.7481	0	0	0	0	3
189	101	0.213175557	1.86121108	106118.687	100157.142	65694.7306	112500.591	2438.56094	39070.1679	0	0	0	0	3
190	101	0.214712459	1.87105876	110780.869	100415.498	65694.7306	112500.591	2438.56094	39188.8281	0	0	0	0	3
191	102	0.216063419	1.88090644	109850.611	100595.59	65694.7306	112500.591	2438.56094	39304.8218	0	0	0	0	3
192	102	0.217499527	1.89075411	109800.219	100668.538	65694.7306	112500.591	2438.56094	39418.2378	0	0	0	0	3
193	103	0.219020589	1.90060179	107145.046	100739.98	65694.7306	112500.591	2438.56094	39529.1612	0	0	0	0	3
194	103	0.220584	1.91044947	104379.673	100694.703	65694.7306	112500.591	2438.56094	39637.6732	0	0	0	0	3
195	104	0.222192513	1.92029715	102697.304	100604.227	65694.7306	112500.591	2438.56094	39743.8516	0	0	0	0	3
196	104	0.223932356	1.93014482	102582.327	100470.101	65694.7306	112500.591	2438.56094	39847.7709	0	0	0	0	3
197	105	0.225423285	1.9399925	96908.6811	100333.51	65694.7306	112500.591	2438.56094	39949.5024	0	0	0	0	3
198	105	0.226838985	1.94984018	89431.7063	100022.265	65694.7306	112500.591	2438.56094	40049.1145	0	0	0	0	3
199	106	0.227845483	1.95968786	86066.2141	99760.6436	65694.7306	112500.591	2438.56094	40146.6728	0	0	0	0	3
200	106	0.228422257	1.96953553	87454.4288	99766.8009	65694.7306	112500.591	2438.56094	40242.2401	0	0	0	0	3
201	107	0.228993462	1.97938321	90699.1952	99943.0536	65694.7306	112500.591	2438.56094	40335.8767	0	0	0	0	3
202	108	0.229997251	1.98923089	80551.3933	99835.4859	65694.7306	112500.591	2438.56094	40427.6406	0	0	0	0	3
203	109	0.231000268	1.99907857	85035.0758	99635.9338	65694.7306	112500.591	2438.56094	40517.5874	0	0	0	0	3
204	109	0.232115297	2.00892625	93895.4663	99717.8088	65694.7306	112500.591	2438.56094	40605.7705	0	0	0	0	3
205	110	0.23333404	2.01877392	98839.4561	99993.0572	65694.7306	112500.591	2438.56094	40692.2413	0	0	0	0	3
206	110	0.234804298	2.0286216	106162.234	100270.461	65694.7306	112500.591	2438.56094	40777.0493	0	0	0	0	3
207	111	0.235531561	2.03846928	83300.6392	100185.32	65694.7306	112500.591	2438.56094	40860.2418	0	0	0	0	3
208	112	0.236601546	2.04831696	93025.8275	100170.191	65694.7306	112500.591	2438.56094	40941.8647	0	0	0	0	3
209	112	0.237855215	2.05816463	84259.3181	99785.7202	65694.7306	112500.591	2438.56094	41021.9619	0	0	0	0	3
210	113	0.238758458	2.06801231	86899.1923	99770.0797	65694.7306	112500.591	2438.56094	41100.5758	0	0	0	0	3
211	113	0.239800922	2.07785999	95325.5946	99826.9511	65694.7306	112500.591	2438.56094	41177.7473	0	0	0	0	3
212	114	0.241393353	2.08770767	102967.984	99889.4893	65694.7306	112500.591	2438.56094	41253.5156	0	0	0	0	3
213	114	0.242457417	2.09755534	107649.106	99863.8861	65694.7306	112500.591	2438.56094	41327.9188	0	0	0	0	3
214	115	0.243928012	2.10740302	106439.148	99864.7856	65694.7306	112500.591	2438.56094	41400.9933	0	0	0	0	3
215	115	0.245106109	2.1172507	110554.358	99786.0861	65694.7306	112500.591	2438.56094	41472.7745	0	0	0	0	3
216	116	0.24670845	2.12709838	111345.369	99929.0282	65694.7306	112500.591	2438.56094	41543.2963	0	0	0	0	3
217	116	0.247935943	2.13694606	113205.319	99883.7607	65694.7306	113205.319	2438.56094	41612.5917	0	0	0	0	3
218	116	0.249255996	2.14679373	112215.457	99926.3987	65694.7306	113205.319	2438.56094	41680.6923	0	0	0	0	3
219	117	0.250796973	2.15664141	110287.08	99975.4291	65694.7306	113205.319	2438.56094	41747.6289	0	0	0	0	3
220	117	0.252387986	2.16648909	104651.949	99914.2251	65694.7306	113205.319	2438.56094	41813.4309	0	0	0	0	3
221	118	0.253963863	2.17633677	103487.375	99904.0792	65694.7306	113205.319	2438.56094	41878.127	0	0	0	0	3
222	118	0.255712098	2.18618444	102132.734	99873.5198	65694.7306	113205.319	2438.56094	41941.7448	0	0	0	0	3
223	119	0.257329319	2.19603212	98993.336	99789.2955	65694.7306	113205.319	2438.56094	42004.3111	0	0	0	0	3
224	119	0.258512804	2.2058798	88599.3859	99728.6933	65694.7306	113205.319	2438.56094	42065.8517	0	0	0	0	3
225	120	0.259491686	2.21572748	84826.5941	99909.7338	65694.7306	113205.319	2438.56094	42126.3916	0	0	0	0	3
226	121	0.260025804	2.22557515	83816.5062	99803.5326	65694.7306	113205.319	2438.56094	42185.9551	0	0	0	0	3
227	121	0.26054805	2.23542283	93321.4794	99769.0638	65694.7306	113205.319	2438.56094	42244.5656	0	0	0	0	3
228	122	0.261517222	2.24527051	88111.3779	99555.6923	65694.7306	113205.319	2438.56094	42302.2458	0	0	0	0	3
229	122	0.262648309	2.25511819	86009.618	99851.7086	80551.3933	113205.319	1452.33581	42317.019	0	0	0	0	3
230	123	0.263673071	2.26496586	92617.9277	99660.3842	80551.3933	113205.319	1228.29086	42118.3074	0	0	0	0	3
231	124	0.265010674	2.27481354	98277.2149	99636.3758	80551.3933	113205.319	1228.29086	41871.1072	0	0	0	0	3
232	124	0.26574252	2.28466122	100509.23	99607.0305	80551.3933	113205.319	1228.29086	41627.71	0	0	0	0	3
233	125	0.26697486	2.2945089	94668.6942	99637.3996	80551.3933	113205.319	1228.29086	41361.8429	0	0	0	0	3
234	125	0.268464427	2.30435658	109795.457	99824.2381	80551.3933	113205.319	1228.29086	41100.0042	0	0	0	0	3
235	126	0.269159927	2.31420425	51310.5736	99334.4884	51310.5736	113205.319	1405.49152	40853.9428	0	0	0	0	3
236	126	0.26990916	2.32405193	92983.0534	99292.539	51310.5736	113205.319	1447.44095	40611.554	0	0	0	0	3
237	127	0.271206568	2.33389961	91207.9126	99174.284	51310.5736	113205.319	1565.69594	40367.5552	0	0	0	0	3
238	127	0.272515853	2.34374729	97674.6187	99011.9841	51310.5736	113205.319	1727.99584	40127.1445	0	0	0	0	3
239	128	0.273870325	2.35359496	106689.544	99121.3749	51310.5736	113205.319	1727.99584	39883.7055	0	0	0	0	3
240	128	0.275302289	2.36344264	105196.275	99104.6774	51310.5736	113205.319	1727.99584	39643.7945	0	0	0	0	3
241	129	0.276730448	2.37329032	110297.774	99073.0796	51310.5736	113205.319	1727.99584	39407.3354	0	0	0	0	3
242	129	0.277892475	2.383138	112544.738	99090.7804	51310.5736	113205.319	1727.99584	39174.2544	0	0	0	0	3
243	130	0.278967807	2.39298567	113559.449	99093.6876	51310.5736	113559.449	1727.99584	38944.7544	0	0	0	0	3
244	130	0.280217625	2.40283335	111198.885	99140.7924	51310.5736	113559.449	1682.71922	38718.4868	0	0	0	0	3
245	130	0.281626228	2.41268103	111893.328	99300.8905	51310.5736	113559.449	1592.24305	38495.3838	0	0	0	0	3
246	131	0.283062113	2.42252871	108708.667	99433.0633	51310.5736	113559.449	1458.11645	38275.3795	0	0	0	0	3
247	131	0.284591643	2.43237639	103647.245	99448.9965	51310.5736	113559.449	1321.52635	38058.4097	0	0	0	0	3
248	132	0.286194619	2.44222406	104180.764	99636.1297	51310.5736	113559.449	1258.47663	37844.4121	0	0	0	0	3
249	132	0.287746362	2.45207174	100995.51	99907.9492	51310.5736	113559.449	1258.47663	37633.326	0	0	0	0	3
250	133	0.289312056	2.46191942	93303.1129	99966.3635	51310.5736	113559.449	1258.47663	37425.0924	0	0	0	0	3
251	133	0.290599455	2.4717671	83040.838	99731.9795	51310.5736	113559.449	1258.47663	37219.6539	0	0	0	0	3
252	134	0.291108949	2.48161477	94195.9162	99769.6348	51310.5736	113559.449	1258.47663	37016.9546	0	0	0	0	3
253	135	0.291749292	2.49146245	92820.3062	100009.969	51310.5736	113559.449	1258.47663	36816.9401	0	0	0	0	3
254	135	0.292660069	2.50131013	85827.8806	100044.081	51310.5736	113559.449	1258.47663	36619.5573	0	0	0	0	3
255	136	0.293629057	2.51115781	84243.8263	99906.6421	51310.5736	113559.449	1258.47663	36424.7547	0	0	0	0	3
256	136	0.294759953	2.52100548	96789.415	99870.4256	51310.5736	113559.449	1258.47663	36232.482	0	0	0	0	3
257	137	0.296131084	2.53085316	98259.0796	99683.5587	51310.5736	113559.449	1173.33604	36042.6902	0	0	0	0	3
258	137	0.297405497	2.54070084	94011.7892	99759.3019	51310.5736	113559.449	1158.20655	35855.3317	0	0	0	0	3
259	138	0.298808845	2.55054852	96718.9699	99806.5322	51310.5736	113559.449	1032.09682	35670.3599	0	0	0	0	3
260	138	0.300388867	2.5603962	92879.4757	99943.1971	51310.5736	113559.449	1032.09682	35487.7295	0	0	0	0	3
261	139	0.301616093	2.57024387	97486.1453	100082.664	51310.5736	113559.449	1070.6797	35307.3963	0	0	0	0	3
262	139	0.303321208	2.58009155	101052.174	100186.76	51310.5736	113559.449	1174.7756	35129.3173	0	0	0	0	3
263	140	0.304805434	2.58993923	106459.439	100263.735	51310.5736	113559.449	1251.75092	34953.4505	0	0	0	0	3
264	140	0.306104846	2.59978691	103504.1	100206.42	51310.5736	113559.449	1251.75092	34779.7549	0	0	0	0	3
265	141	0.307395306	2.60963458	107737.502	100215.129	51310.5736	113559.449	1251.75092	34608.1905	0	0	0	0	3
266	141	0.309097534	2.61948226	112075.507	100340.278	51310.5736	113559.449	1328.29405	34438.7183	0	0	0	0	3
267	142	0.310613146	2.62932994	110880.713	100314.322	51310.5736	113559.449	1328.29405	34271.3004	0	0	0	0	3
268	142	0.311967834	2.63917762	111296.434	100299.544	51310.5736	113559.449	1328.29405	34137.1448	0	0	0	0	3
269	143	0.313512015	2.64902529	108964.886	100262.991	51310.5736	113559.449	1328.29405	34137.1448	0	0	0	0	3
270	143	0.315092228	2.65887297	104489.767	100126.625	51310.5736	113559.449	1328.29405	34137.1448	0	0	0	0	3
271	144	0.316709114	2.66872065	103515.335	100099.873	51310.5736	113559.449	1328.29405	34137.1448	0	0	0	0	3
272	144	0.318481689	2.67856833	101537.732	100056.636	51310.5736	113559.449	1328.29405	34137.1448	0	0	0	0	3
273	145	0.319744458	2.688416	100029.229	99999.413	51310.5736	113559.449	1328.29405	34137.1448	0	0	0	0	3
274	145	0.321140816	2.69826368	90909.0383	99825.9902	51310.5736	113559.449	1328.29405	34137.1448	0	0	0	0	3
275	146	0.322041154	2.70811136	85624.3775	99833.8646	51310.5736	113559.449	1328.29405	34137.1448	0	0	0	0	3
276	147	0.322654918	2.71795904	76697.7107	99841.6258	51310.5736	113559.449	1328.29405	34137.1448	0	0	0	0	3
277	147	0.323161095	2.72780672	106058.559	100027.04	51310.5736	113559.449	1328.29405	34137.1448	0	0	0	0	3
278	148	0.324152458	2.73765439	106092.134	100176.631	51310.5736	113559.449	1328.29405	34137.1448	0	0	0	0	3
279	148	0.325167069	2.74750207	70622.3532	99889.2338	51310.5736	113559.449	1328.29405	34137.1448	0	0	0	0	3
280	149	0.325963503	2.75734975	106800.203	100224.117	51310.5736	113559.449	1328.29405	34137.1448	0	0	0	0	3
281	150	0.327209014	2.76719743	100251.71	100347.337	51310.5736	113559.449	1335.35283	34137.1448	0	0	0	0	3
282	150	0.328354553	2.7770451	97506.2132	100339.671	51310.5736	113559.449	1335.35283	34137.1448	0	0	0	0	3
283	151	0.329124601	2.78689278	108870.537	100441.357	51310.5736	113559.449	1429.37261	34137.1448	0	0	0	0	3
284	151	0.330645355	2.79674046	102403.64	100599.955	51310.5736	113559.449	1587.97099	34137.1448	0	0	0	0	3
285	152	0.332261929	2.80658814	97587.4767	100308.922	51310.5736	113559.449	1587.97099	34137.1448	0	0	0	0	3
286	152	0.333423847	2.81643581	89929.6633	100651.548	70622.3532	113559.449	1639.56361	34137.1448	0	0	0	0	3
287	153	0.334619324	2.82628349	95584.622	100646.728	70622.3532	113559.449	1639.56361	34137.1448	0	0	0	0	3
288	153	0.33598329	2.83613117	106099.659	100950.596	70622.3532	113559.449	1938.61214	34137.1448	0	0	0	0	3
289	154	0.337334583	2.84597885	99778.886	100992.341	70622.3532	113559.449	1919.26171	34137.1448	0	0	0	0	3
290	154	0.339176689	2.85582653	105237.598	100993.926	70622.3532	113559.449	1920.84672	34137.1448	0	0	0	0	3
291	155	0.339603248	2.8656742	107885.375	100946.058	70622.3532	113559.449	1920.84672	34137.1448	0	0	0	0	3
292	155	0.341525802	2.87552188	108587.092	100966.654	70622.3532	113559.449	1903.14593	34137.1448	0	0	0	0	3
293	156	0.343019431	2.88536956	108089.825	100923.436	70622.3532	113559.449	1900.23875	34137.1448	0	0	0	0	3
294	156	0.344589859	2.89521724	108701.086	100902.503	70622.3532	112075.507	1853.13387	34137.1448	0	0	0	0	3
295	156	0.346189392	2.90506491	104793.077	100801.77	70622.3532	112075.507	1693.03587	34137.1448	0	0	0	0	3
296	157	0.347869737	2.91491259	102048.522	100597.545	70622.3532	112075.507	1560.86297	34137.1448	0	0	0	0	3
297	157	0.349561748	2.92476027	101081.549	100434.721	70622.3532	112075.507	1544.92982	34137.1448	0	0	0	0	3
298	158	0.350862357	2.93460795	97755.6679	100307.998	70622.3532	112075.507	1357.79658	34137.1448	0	0	0	0	3
299	158	0.352010714	2.94445562	93689.8741	100098.202	70622.3532	112075.507	1310.36762	34137.1448	0	0	0	0	3
300	159	0.353291605	2.9543033	88383.117	99848.0219	70622.3532	112075.507	1310.36762	34137.1448	0	0	0	0	3
301	160	0.354050891	2.96415098	88115.0812	99868.6998	70622.3532	112075.507	1310.36762	34137.1448	0	0	0	0	3
302	161	0.354625661	2.97399866	104862.556	100251.894	70622.3532	112075.507	1310.36762	34137.1448	0	0	0	0	3
303	162	0.355551839	2.98384633	104438.425	100359.943	70622.3532	112075.507	1310.36762	34137.1448	0	0	0	0	3
304	162	0.356602745	2.99369401	91378.8102	100288.854	70622.3532	112075.507	1310.36762	34137.1448	0	0	0	0	3
305	163	0.357653522	3.00354169	98013.0664	100454.707	70622.3532	112075.507	1310.36762	34137.1448	0	0	0	0	3
306	164	0.35910352	3.01338937	98951.7382	100661.335	70622.3532	112075.507	1310.36762	34137.1448	0	0	0	0	3
307	164	0.360225817	3.02323705	96131.9583	100650.572	70622.3532	112075.507	1310.36762	34137.1448	0	0	0	0	3
308	165	0.361725526	3.03308472	104399.112	100786.266	70622.3532	112075.507	1234.62446	34137.1448	0	0	0	0	3
309	165	0.363018659	3.0429324	90398.4037	100713.119	70622.3532	112075.507	1187.39411	34137.1448	0	0	0	0	3
310	166	0.364276004	3.05278008	90215.116	100597.116	70622.3532	112075.507	1167.93611	34137.1448	0	0	0	0	3
311	166	0.365857422	3.06262776	95200.5249	100653.017	70622.3532	112075.507	1167.93611	34137.1448	0	0	0	0	3
312	167	0.367527519	3.07247543	100288.429	100702.744	70622.3532	112075.507	1167.93611	34137.1448	0	0	0	0	3
313	167	0.368898558	3.08232311	101176.661	100703.566	70622.3532	112075.507	1167.93611	34137.1448	0	0	0	0	3
314	168	0.370486244	3.09217079	105620.577	100692.355	70622.3532	112075.507	1167.93611	34137.1448	0	0	0	0	3
315	168	0.371782203	3.10201847	107985.551	100780.636	70622.3532	112075.507	1167.93611	34137.1448	0	0	0	0	3
316	169	0.37297857	3.11186614	111405.293	100837.563	70622.3532	112075.507	1167.93611	34137.1448	0	0	0	0	3
317	169	0.37444231	3.12171382	110267.037	100756.038	70622.3532	111405.293	1167.93611	34137.1448	0	0	0	0	3
318	169	0.375970228	3.1315615	107873.964	100687.652	70622.3532	111405.293	1167.93611	34137.1448	0	0	0	0	3
319	170	0.377501684	3.14140918	105801.061	100587.847	70622.3532	111405.293	1167.93611	34137.1448	0	0	0	0	3
320	170	0.379109453	3.15125686	102176.13	100429.577	70622.3532	111405.293	1167.93611	34137.1448	0	0	0	0	3
321	171	0.38079208	3.16110453	103524.359	100411.182	70622.3532	111405.293	1167.93611	34137.1448	0	0	0	0	3
322	171	0.382122396	3.17095221	98915.1269	100304.028	70622.3532	111405.293	1167.93611	34137.1448	0	0	0	0	3
323	172	0.383189379	3.18079989	93541.7388	100158.727	70622.3532	111405.293	1167.93611	34137.1448	0	0	0	0	3
324	173	0.384364493	3.19064757	86841.9685	99919.0926	70622.3532	111405.293	1167.93611	34137.1448	0	0	0	0	3
325	173	0.385323144	3.20049524	81009.01	99832.6683	70622.3532	111405.293	1161.25807	34137.1448	0	0	0	0	3
326	174	0.38583341	3.21034292	96311.2397	100005.031	70622.3532	111405.293	1161.25807	34137.1448	0	0	0	0	3
327	174	0.386429027	3.2201906	96089.0452	100192.768	70622.3532	111405.293	1161.25807	34137.1448	0	0	0	0	3
328	175	0.387521734	3.23003828	101062.319	100161.398	70622.3532	111405.293	1161.25807	34137.1448	0	0	0	0	3
329	176	0.388581616	3.23988595	99869.5565	100065.342	70622.3532	111405.293	1161.25807	34137.1448	0	0	0	0	3
330	176	0.389375925	3.24973363	99985.4285	100529.604	81009.01	111405.293	1161.25807	34137.1448	0	0	0	0	3
331	177	0.390565571	3.25958131	91303.9986	100282.409	81009.01	111405.293	1161.25807	34137.1448	0	0	0	0	3
332	177	0.391968165	3.26942899	84241.1076	99935.5665	81009.01	111405.293	1161.25807	34137.1448	0	0	0	0	3
333	178	0.393448824	3.27927667	98261.2147	99940.2332	81009.01	111405.293	1161.25807	34137.1448	0	0	0	0	3
334	178	0.394699213	3.28912434	81263.3143	99479.2289	81009.01	111405.293	1514.69744	34137.1448	0	0	0	0	3
335	179	0.395907962	3.29897202	90786.6246	99250.0856	81009.01	111405.293	1743.84071	34137.1448	0	0	0	0	3
336	179	0.397211743	3.3088197	91403.1072	99133.9497	81009.01	111405.293	1859.97663	34137.1448	0	0	0	0	3
337	180	0.39851066	3.31866738	102259.295	99360.6345	81009.01	111405.293	1859.97663	34137.1448	0	0	0	0	3
338	180	0.400304382	3.32851505	105202.759	99588.8946	81009.01	111405.293	1859.97663	34137.1448	0	0	0	0	3
339	180	0.401573954	3.33836273	107863.389	99613.6636	81009.01	111405.293	1859.97663	34137.1448	0	0	0	0	3
340	181	0.403053454	3.34821041	108802.843	99817.1383	81009.01	111405.293	1859.97663	34137.1448	0	0	0	0	3
341	181	0.404447462	3.35805809	110606.62	99894.5934	81009.01	111405.293	1832.70451	34137.1448	0	0	0	0	3
342	182	0.405997561	3.36790576	112968.189	100148.483	81009.01	112968.189	1832.70451	34137.1448	0	0	0	0	3
343	182	0.407608771	3.37775344	110564.009	100156.926	81009.01	112968.189	1789.48616	34137.1448	0	0	0	0	3
344	183	0.409204191	3.38760112	106257.875	100124.966	81009.01	112968.189	1768.55323	34137.1448	0	0	0	0	3
345	183	0.410865054	3.3974488	103883.623	100015.943	81009.01	112968.189	1703.61315	34137.1448	0	0	0	0	3
346	184	0.412606829	3.40729647	102576.189	99968.0363	81009.01	112968.189	1703.61315	34137.1448	0	0	0	0	3
347	184	0.414098425	3.41714415	99571.8553	99906.3278	81009.01	112968.189	1703.61315	34137.1448	0	0	0	0	3
348	185	0.415190817	3.42699183	89465.7879	99702.2467	81009.01	112968.189	1703.61315	34137.1448	0	0	0	0	3
349	185	0.416316753	3.43683951	84041.0015	99471.5239	81009.01	112968.189	1703.61315	34137.1448	0	0	0	0	3
350	186	0.416897	3.44668719	90436.7751	99493.054	81009.01	112968.189	1703.61315	34137.1448	0	0	0	0	3
351	186	0.417442527	3.45653486	94385.0633	99671.4469	81009.01	112968.189	1703.61315	34137.1448	0	0	0	0	3
352	187	0.418335239	3.46638254	102346.752	99845.0952	81009.01	112968.189	1703.61315	34137.1448	0	0	0	0	3
353	188	0.419333134	3.47623022	98207.9125	99775.2791	81009.01	112968.189	1703.61315	34137.1448	0	0	0	0	3
354	188	0.420307231	3.4860779	106199.766	99805.2252	81009.01	112968.189	1703.61315	34137.1448	0	0	0	0	3
355	189	0.421709399	3.49592557	105838.361	100071.171	81009.01	112968.189	1703.61315	34137.1448	0	0	0	0	3
356	190	0.423220391	3.50577325	84869.4691	99753.8302	81009.01	112968.189	1703.61315	34137.1448	0	0	0	0	3
357	190	0.42484105	3.51562093	95853.5942	99675.3679	81009.01	112968.189	1703.61315	34137.1448	0	0	0	0	3
358	191	0.425788364	3.52546861	80631.99	99460.8656	80631.99	112968.189	1703.61315	34137.1448	0	0	0	0	3
359	191	0.427336439	3.53531628	92968.7547	99194.8091	80631.99	112968.189	1703.61315	34137.1448	0	0	0	0	3
360	192	0.428955382	3.54516396	102631.9	99451.7127	80631.99	112968.189	1703.61315	34137.1448	0	0	0	0	3
361	192	0.429912866	3.55501164	100962.171	99650.6836	80631.99	112968.189	1703.61315	34137.1448	0	0	0	0	3
362	193	0.431753919	3.56485932	104541.441	99894.1215	80631.99	112968.189	1703.61315	34137.1448	0	0	0	0	3
363	193	0.432761005	3.574707	104814.786	99959.9926	80631.99	112968.189	1703.61315	34137.1448	0	0	0	0	3
364	193	0.434496159	3.58455467	107805.111	100142.078	80631.99	112968.189	1703.61315	34137.1448	0	0	0	0	3
365	194	0.435483443	3.59440235	113686.841	100213.995	80631.99	113686.841	1703.61315	34137.1448	0	0	0	0	3
366	194	0.436732031	3.60425003	111139.535	100268.959	80631.99	113686.841	1703.61315	34137.1448	0	0	0	0	3
367	195	0.438150209	3.61409771	107926.201	100231.154	80631.99	113686.841	1622.08794	34137.1448	0	0	0	0	3
368	195	0.439685371	3.62394538	107550.469	100178.22	80631.99	113686.841	1553.70262	34137.1448	0	0	0	0	3
369	196	0.441288837	3.63379306	103600.572	100082.216	80631.99	113686.841	1453.89727	34137.1448	0	0	0	0	3
370	196	0.442826809	3.64364074	102950.192	100015.667	80631.99	113686.841	1395.65409	34137.1448	0	0	0	0	3
371	196	0.444472291	3.65348842	100522.402	99975.2819	80631.99	113686.841	1395.65409	34137.1448	0	0	0	0	3
372	197	0.445745398	3.66333609	98789.9237	99860.109	80631.99	113686.841	1395.65409	34137.1448	0	0	0	0	3
373	198	0.446883545	3.67318377	86264.9469	99640.592	80631.99	113686.841	1395.65409	34137.1448	0	0	0	0	3
374	198	0.447966472	3.68303145	90937.424	99595.5527	80631.99	113686.841	1395.65409	34137.1448	0	0	0	0	3
375	199	0.448630825	3.69287913	81583.3778	99642.5519	80631.99	113686.841	1395.65409	34137.1448	0	0	0	0	3
376	199	0.449201148	3.70272681	96452.8721	99893.7169	80631.99	113686.841	1395.65409	34137.1448	0	0	0	0	3
377	200	0.450279394	3.71257448	82915.6192	99638.0212	80631.99	113686.841	1395.65409	34137.1448	0	0	0	0	3
378	200	0.451221634	3.72242216	94033.3832	99589.1409	80631.99	113686.841	1395.65409	34137.1448	0	0	0	0	3
379	201	0.452382577	3.73226984	115489.314	99848.9192	80631.99	115489.314	1395.65409	34137.1448	0	0	0	0	3
380	202	0.452673632	3.74211752	3685.58079	99411.8799	3685.58079	115489.314	1395.65409	34137.1448	0	0	0	0	3
381	202	0.453145915	3.75196519	40904.2216	98971.4256	3685.58079	115489.314	1310.98287	34137.1448	0	0	0	0	3
382	203	0.453717806	3.76181287	102848.293	99150.9707	3685.58079	115489.314	1297.53314	34137.1448	0	0	0	0	3
383	203	0.454669879	3.77166055	95444.8424	99428.2195	3685.58079	115489.314	1297.53314	34137.1448	0	0	0	0	3
384	203	0.455236509	3.78150823	86744.5124	99339.8679	3685.58079	115489.314	1297.53314	34137.1448	0	0	0	0	3
385	204	0.456660672	3.7913559	101510.594	99754.5482	3685.58079	115489.314	1297.53314	34137.1448	0	0	0	0	3
386	204	0.457837836	3.80120358	86296.6486	99673.7763	3685.58079	115489.314	1297.53314	34137.1448	0	0	0	0	3
387	205	0.458689101	3.81105126	95618.5596	99793.0247	3685.58079	115489.314	1297.53314	34137.1448	0	0	0	0	3
388	205	0.459713279	3.82089894	97604.7913	99704.064	3685.58079	115489.314	1297.53314	34137.1448	0	0	0	0	3
389	206	0.461241776	3.83074661	101618.892	99590.2371	3685.58079	115489.314	1297.53314	34137.1448	0	0	0	0	3
390	206	0.46256327	3.84059429	103831.816	99509.9255	3685.58079	115489.314	1297.53314	34137.1448	0	0	0	0	3
391	207	0.464218767	3.85044197	106545.927	99475.5794	3685.58079	115489.314	1297.53314	34137.1448	0	0	0	0	3
392	207	0.465557986	3.86028965	111452.448	99484.1359	3685.58079	115489.314	1297.53314	34137.1448	0	0	0	0	3
393	207	0.466957343	3.87013733	115041.654	99498.3897	3685.58079	115489.314	1297.53314	34137.1448	0	0	0	0	3
394	208	0.468114904	3.879985	113850.539	99478.2999	3685.58079	115489.314	1297.53314	34137.1448	0	0	0	0	3
395	208	0.469428055	3.88983268	108743.025	99500.7115	3685.58079	115489.314	1297.53314	34137.1448	0	0	0	0	3
396	209	0.470954763	3.89968036	108790.85	99615.6051	3685.58079	115489.314	1297.53314	34137.1448	0	0	0	0	3
397	209	0.472576218	3.90952804	103917.675	99645.9363	3685.58079	115489.314	1297.53314	34137.1448	0	0	0	0	3
398	210	0.474121477	3.91937571	103696.706	99752.0619	3685.58079	115489.314	1297.53314	34137.1448	0	0	0	0	3
399	210	0.475810684	3.92922339	102476.414	100013.34	3685.58079	115489.314	1297.53314	34137.1448	0	0	0	0	3
400	211	0.477403718	3.93907107	95943.6716	100201.608	3685.58079	115489.314	1297.53314	34137.1448	0	0	0	0	3
401	212	0.478653783	3.94891875	85241.9343	99990.5453	3685.58079	115489.314	1297.53314	34137.1448	0	0	0	0	3
402	213	0.479517705	3.95876642	86350.4223	99849.9728	3685.58079	115489.314	1297.53314	34137.1448	0	0	0	0	3
403	213	0.480000534	3.9686141	87167.8485	99714.5286	3685.58079	115489.314	1297.53314	34137.1448	0	0	0	0	3
404	214	0.480563074	3.97846178	90136.6181	99651.0872	3685.58079	115489.314	1297.53314	34137.1448	0	0	0	0	3
405	215	0.481538527	3.98830946	96071.7351	99489.8863	3685.58079	115489.314	1297.53314	34137.1448	0	0	0	0	3
406	215	0.482711668	3.99815714	97332.6352	99302.4771	3685.58079	115489.314	1297.53314	34137.1448	0	0	0	0	3
407	216	0.483581008	4.00800481	108343.006	99793.9807	3685.58079	115489.314	1297.53314	34137.1448	0	0	0	0	3
408	217	0.484925703	4.01785249	97715.6353	99853.751	3685.58079	115489.314	1297.53314	34137.1448	0	0	0	0	3
409	217	0.486415835	4.02770017	100045.122	100158.798	3685.58079	115489.314	1297.53314	34137.1448	0	0	0	0	3
410	218	0.48782454	4.03754785	87848.7184	100056.124	3685.58079	115489.314	1297.53314	34137.1448	0	0	0	0	3
411	218	0.489297969	4.04739552	86041.3872	99644.8103	3685.58079	115489.314	1297.53314	34137.1448	0	0	0	0	3
412	219	0.490470668	4.0572432	98137.0372	99594.7834	3685.58079	115489.314	1297.53314	34137.1448	0	0	0	0	3
413	219	0.491536507	4.06709088	102617.663	99496.3408	3685.58079	115489.314	1297.53314	34137.1448	0	0	0	0	3
414	220	0.492964201	4.07693856	103939.039	99512.73	3685.58079	115489.314	1297.53314	34137.1448	0	0	0	0	3
415	220	0.494347322	4.08678623	104326.824	99383.5749	3685.58079	115489.314	1297.53314	34137.1448	0	0	0	0	3
416	221	0.496009749	4.09663391	105923.367	99329.8882	3685.58079	115489.314	1297.53314	34137.1448	0	0	0	0	3
417	221	0.497607378	4.10648159	109526.686	99355.2732	3685.58079	115489.314	1259.72827	34137.1448	0	0	0	0	3
418	222	0.499285615	4.11632927	109994.026	99448.4966	3685.58079	115489.314	1230.18214	34137.1448	0	0	0	0	3
419	222	0.500750642	4.12617695	111476.658	99533.3851	3685.58079	115489.314	1230.18214	34137.1448	0	0	0	0	3
420	222	0.502359824	4.13602462	108458.724	99661.7749	3685.58079	115489.314	1230.18214	34137.1448	0	0	0	0	3
421	223	0.50407349	4.1458723	103195.888	99678.0827	3685.58079	115489.314	1230.18214	34137.1448	0	0	0	0	3
422	223	0.505686481	4.15571998	102377.53	99726.5171	3685.58079	115489.314	1230.18214	34137.1448	0	0	0	0	3
423	224	0.507382169	4.16556766	101238.087	99787.4472	3685.58079	115489.314	1230.18214	34137.1448	0	0	0	0	3
424	225	0.508903636	4.17541533	95697.5552	99935.2696	3685.58079	115489.314	1230.18214	34137.1448	0	0	0	0	3
425	225	0.510066921	4.18526301	87062.2688	99851.0358	3685.58079	115489.314	1230.18214	34137.1448	0	0	0	0	3
426	226	0.511027128	4.19511069	85848.3226	99830.0517	3685.58079	115489.314	1230.18214	34137.1448	0	0	0	0	3
427	226	0.511557313	4.20495837	94246.5032	99813.4659	3685.58079	115489.314	1230.18214	34137.1448	0	0	0	0	3
428	227	0.512454204	4.21480604	93944.0664	100021.843	3685.58079	115489.314	1230.18214	34137.1448	0	0	0	0	3
429	228	0.513448862	4.22465372	79641.3745	99786.753	3685.58079	115489.314	1230.18214	34137.1448	0	0	0	0	3
430	228	0.514241163	4.2345014	98354.402	99473.7063	3685.58079	115041.654	1230.18214	34137.1448	0	0	0	0	3
431	229	0.515426051	4.24434908	91237.7797	99762.476	40904.2216	115041.654	1230.18214	34137.1448	0	0	0	0	3
432	230	0.516296869	4.25419675	98542.2759	100185.83	79641.3745	115041.654	1050.63714	34137.1448	0	0	0	0	3
433	230	0.517675038	4.26404443	96286.7452	100078.004	79641.3745	115041.654	899.130663	34137.1448	0	0	0	0	3
434	231	0.5188804	4.27389211	97879.106	100105.424	79641.3745	115041.654	899.130663	34137.1448	0	0	0	0	3
435	231	0.52065426	4.28373979	98455.3633	100176.41	79641.3745	115041.654	899.130663	34137.1448	0	0	0	0	3
436	232	0.521695584	4.29358747	94243.9692	100052.204	79641.3745	115041.654	899.130663	34137.1448	0	0	0	0	3
437	232	0.523126579	4.30343514	99048.8446	100278.227	79641.3745	115041.654	975.749983	34137.1448	0	0	0	0	3
438	233	0.524758322	4.31328282	105489.064	100466.959	79641.3745	115041.654	1164.48172	34137.1448	0	0	0	0	3
439	233	0.526193806	4.3231305	104751.949	100603.576	79641.3745	115041.654	1301.09921	34137.1448	0	0	0	0	3
440	234	0.528086616	4.33297818	107603.293	100778.567	79641.3745	115041.654	1476.08999	34137.1448	0	0	0	0	3
441	234	0.529314796	4.34282585	110222.166	100891.877	79641.3745	115041.654	1589.39955	34137.1448	0	0	0	0	3
442	234	0.53105515	4.35267353	111782.93	101035.422	79641.3745	115041.654	1732.94454	34137.1448	0	0	0	0	3
443	235	0.532644077	4.36252121	107937.429	100990.943	79641.3745	115041.654	1732.94454	34137.1448	0	0	0	0	3
444	235	0.534221951	4.37236889	107844.031	100859.393	79641.3745	113850.539	1732.94454	34137.1448	0	0	0	0	3
445	236	0.535886985	4.38221656	103406.946	100700.09	79641.3745	111782.93	1732.94454	34137.1448	0	0	0	0	3
446	236	0.537566918	4.39206424	104041.988	100627.482	79641.3745	111782.93	1732.94454	34137.1448	0	0	0	0	3
447	237	0.539005715	4.40191192	99627.6804	100423.2	79641.3745	111782.93	1732.94454	34137.1448	0	0	0	0	3
448	237	0.540616784	4.4117596	93056.2464	100165.489	79641.3745	111782.93	1732.94454	34137.1448	0	0	0	0	3
449	238	0.541901461	4.42160728	85126.7327	99799.9449	79641.3745	111782.93	1732.94454	34137.1448	0	0	0	0	3
450	238	0.542548415	4.43145495	78173.8202	99522.5575	78173.8202	111782.93	1732.94454	34137.1448	0	0	0	0	3
451	239	0.543083768	4.44130263	104814.482	99652.4955	78173.8202	111782.93	1732.94454	34137.1448	0	0	0	0	3
452	239	0.544063097	4.45115031	88934.5737	99767.4296	78173.8202	111782.93	1732.94454	34137.1448	0	0	0	0	3
453	240	0.545153765	4.46099799	83307.7727	99670.5199	78173.8202	111782.93	1732.94454	34137.1448	0	0	0	0	3
454	241	0.546332243	4.47084566	93826.9646	99657.7078	78173.8202	111782.93	1732.94454	34137.1448	0	0	0	0	3
455	241	0.547729155	4.48069334	102196.281	99790.2473	78173.8202	111782.93	1732.94454	34137.1448	0	0	0	0	3
456	242	0.549174004	4.49054102	97505.4949	99795.0689	78173.8202	111782.93	1732.94454	34137.1448	0	0	0	0	3
457	242	0.550683033	4.5003887	110648.252	100078.52	78173.8202	111782.93	1705.53349	34137.1448	0	0	0	0	3
458	243	0.551755068	4.51023637	80208.9861	99660.6853	78173.8202	111782.93	1705.53349	34137.1448	0	0	0	0	3
459	243	0.55288635	4.52008405	87827.6071	99502.1957	78173.8202	111782.93	1705.53349	34137.1448	0	0	0	0	3
460	244	0.554411271	4.52993173	100109.006	99503.9062	78173.8202	111782.93	1705.53349	34137.1448	0	0	0	0	3
461	244	0.555942334	4.53977941	101915.665	99799.1487	78173.8202	111782.93	1705.53349	34137.1448	0	0	0	0	3
462	245	0.55758743	4.54962709	102584.18	100163.081	78173.8202	111782.93	1705.53349	34137.1448	0	0	0	0	3
463	245	0.559018158	4.55947476	108015.777	100361.644	78173.8202	111782.93	1705.53349	34137.1448	0	0	0	0	3
464	246	0.560345705	4.56932244	111163.608	100535.103	78173.8202	111782.93	1705.53349	34137.1448	0	0	0	0	3
465	246	0.561764685	4.57917012	109818.684	100655.937	78173.8202	111782.93	1705.53349	34137.1448	0	0	0	0	3
466	246	0.563126891	4.5890178	110444.429	100775.982	78173.8202	111782.93	1705.53349	34137.1448	0	0	0	0	3
467	247	0.564603296	4.59886547	108302.547	100813.232	78173.8202	111782.93	1680.14851	34137.1448	0	0	0	0	3
468	247	0.566085979	4.60871315	104978.017	100700.119	78173.8202	111782.93	1586.9251	34137.1448	0	0	0	0	3
469	248	0.567672347	4.61856083	102570.972	100515.441	78173.8202	111782.93	1561.71533	34137.1448	0	0	0	0	3
470	248	0.56937731	4.62840851	102560.582	100332.253	78173.8202	111782.93	1561.71533	34137.1448	0	0	0	0	3
471	249	0.570614183	4.63825618	100026.856	100135.127	78173.8202	111782.93	1561.71533	34137.1448	0	0	0	0	3
472	249	0.571698713	4.64810386	94473.0806	99966.7612	78173.8202	111782.93	1561.71533	34137.1448	0	0	0	0	3
473	250	0.572918837	4.65795154	85081.1157	99638.7811	78173.8202	111782.93	1561.71533	34137.1448	0	0	0	0	3
474	251	0.573840946	4.66779922	80377.0867	99330.721	78173.8202	111782.93	1704.70071	34137.1448	0	0	0	0	3
475	251	0.574336828	4.67764689	90698.6829	99349.7827	78173.8202	111782.93	1704.70071	34137.1448	0	0	0	0	3
476	252	0.574924197	4.68749457	102274.253	99596.6574	78173.8202	111782.93	1704.70071	34137.1448	0	0	0	0	3
477	252	0.576021665	4.69734225	106153.144	99910.4806	78173.8202	111782.93	1704.70071	34137.1448	0	0	0	0	3
478	253	0.577056374	4.70718993	99673.5654	99952.5852	78173.8202	111782.93	1704.70071	34137.1448	0	0	0	0	3
479	254	0.577967657	4.71703761	106052.625	100119.694	78173.8202	111782.93	1704.70071	34137.1448	0	0	0	0	3
480	254	0.579340744	4.72688528	103704.3	100503.518	78173.8202	111782.93	1704.70071	34137.1448	0	0	0	0	3
481	255	0.580420565	4.73673296	98593.7691	100498.086	78173.8202	111782.93	1704.70071	34137.1448	0	0	0	0	3
482	255	0.582017098	4.74658064	95505.2933	100543.157	78173.8202	111782.93	1704.70071	34137.1448	0	0	0	0	3
483	256	0.583679779	4.75642832	87779.9151	100254.08	78173.8202	111782.93	1704.70071	34137.1448	0	0	0	0	3
484	257	0.584757171	4.76627599	97888.4665	100297.594	78173.8202	111782.93	1704.70071	34137.1448	0	0	0	0	3
485	257	0.585531352	4.77612367	94371.6623	100272.499	78173.8202	111782.93	1704.70071	34137.1448	0	0	0	0	3
486	258	0.586847811	4.78597135	108328.648	100481.416	78173.8202	111782.93	1704.70071	34137.1448	0	0	0	0	3
487	258	0.588348295	4.79581903	101959.194	100612.132	78173.8202	111782.93	1704.70071	34137.1448	0	0	0	0	3
488	259	0.590176489	4.8056667	103199.373	100716.04	78173.8202	111782.93	1704.70071	34137.1448	0	0	0	0	3
489	259	0.591440902	4.81551438	109618.591	100768.05	78173.8202	111782.93	1704.70071	34137.1448	0	0	0	0	3
490	260	0.592846943	4.82536206	108573.429	100846.904	78173.8202	111782.93	1704.70071	34137.1448	0	0	0	0	3
491	260	0.594768583	4.83520974	106508.223	100818.267	78173.8202	111782.93	1704.70071	34137.1448	0	0	0	0	3
492	261	0.596541601	4.84505742	106652.341	100800.331	78173.8202	111782.93	1704.70071	34137.1448	0	0	0	0	3
493	261	0.598320444	4.85490509	101996.862	100547.821	78173.8202	111163.608	1660.22203	34137.1448	0	0	0	0	3
494	261	0.599902065	4.86475277	102184.22	100411.728	78173.8202	111163.608	1528.67216	34137.1448	0	0	0	0	3
495	262	0.601619079	4.87460045	100960.567	100251.708	78173.8202	111163.608	1516.18265	34137.1448	0	0	0	0	3
496	263	0.603077536	4.88444813	95848.2542	100077.936	78173.8202	111163.608	1516.18265	34137.1448	0	0	0	0	3
497	263	0.604183413	4.8942958	86884.4513	99758.95	78173.8202	111163.608	1516.18265	34137.1448	0	0	0	0	3
498	264	0.60520678	4.90414348	76543.6221	99402.9298	76543.6221	111163.608	1516.18265	34137.1448	0	0	0	0	3
499	264	0.60571309	4.91399116	89873.9363	99485.8888	76543.6221	111163.608	1516.18265	34137.1448	0	0	0	0	3
500	265	0.606304124	4.92383884	101004.889	99786.2593	76543.6221	111163.608	1516.18265	34137.1448	0	0	0	0	3
501	266	0.607388203	4.93368651	87922.9124	99803.555	76543.6221	111163.608	1516.18265	34137.1448	0	0	0	0	3
502	267	0.608545482	4.94353419	95462.9271	99685.8383	76543.6221	111163.608	1516.18265	34137.1448	0	0	0	0	3
503	267	0.609901701	4.95338187	113075.484	100121.575	76543.6221	113075.484	1516.18265	34137.1448	0	0	0	0	3
504	268	0.610266568	4.96322955	70846.8315	100239.169	70846.8315	113075.484	1516.18265	34137.1448	0	0	0	0	3
505	268	0.61103222	4.97307722	79261.382	100107.716	70846.8315	113075.484	1516.18265	34137.1448	0	0	0	0	3
506	269	0.612145846	4.9829249	83974.1492	99783.5093	70846.8315	113075.484	1516.18265	34137.1448	0	0	0	0	3
507	270	0.61311422	4.99277258	83696.3641	99591.3457	70846.8315	113075.484	1516.18265	34137.1448	0	0	0	0	3
508	270	0.613460283	5.00262026	65549.2094	99137.9026	65549.2094	113075.484	1709.00104	34137.1448	0	0	0	0	3
509	271	0.614720113	5.01246794	76190.3473	99001.0397	65549.2094	113075.484	1845.86387	34137.1448	0	0	0	0	3
510	271	0.615705223	5.02231561	90951.0565	99076.0202	65549.2094	113075.484	1845.86387	34137.1448	0	0	0	0	3
511	271	0.61645743	5.03216329	101549.421	99080.6182	65549.2094	113075.484	1845.86387	34137.1448	0	0	0	0	3
512	272	0.61758421	5.04201097	113635.147	99276.2502	65549.2094	113635.147	1845.86387	34137.1448	0	0	0	0	3
513	272	0.618286967	5.05185865	120771.134	99435.4577	65549.2094	120771.134	1845.86387	34137.1448	0	0	0	0	3
514	273	0.619166214	5.06170632	114683.054	99454.2497	65549.2094	120771.134	1845.86387	34137.1448	0	0	0	0	3
515	273	0.620019231	5.071554	105266.23	99276.8343	65549.2094	120771.134	1845.86387	34137.1448	0	0	0	0	3
516	274	0.621631675	5.08140168	107207.878	99240.5821	65549.2094	120771.134	1845.86387	34137.1448	0	0	0	0	3
517	274	0.623022342	5.09124936	110602.062	99249.5657	65549.2094	120771.134	1845.86387	34137.1448	0	0	0	0	3
518	275	0.624185046	5.10109703	107224.78	99180.8695	65549.2094	120771.134	1845.86387	34137.1448	0	0	0	0	3
519	275	0.625412378	5.11094471	107251.858	99202.9581	65549.2094	120771.134	1845.86387	34137.1448	0	0	0	0	3
520	275	0.626830544	5.12079239	110078.392	99373.3532	65549.2094	120771.134	1845.86387	34137.1448	0	0	0	0	3
521	276	0.628331549	5.13064007	109589.741	99541.2927	65549.2094	120771.134	1845.86387	34137.1448	0	0	0	0	3
522	276	0.629988905	5.14048775	104533.439	99670.5259	65549.2094	120771.134	1845.86387	34137.1448	0	0	0	0	3
523	277	0.631644077	5.15033542	104246.173	99890.8977	65549.2094	120771.134	1845.86387	34137.1448	0	0	0	0	3
524	277	0.63340622	5.1601831	102144.08	100255.274	65549.2094	120771.134	1845.86387	34137.1448	0	0	0	0	3
525	278	0.635117756	5.17003078	93485.7829	100365.326	65549.2094	120771.134	1845.86387	34137.1448	0	0	0	0	3
526	278	0.636538125	5.17987846	88179.7537	100164.133	65549.2094	120771.134	1845.86387	34137.1448	0	0	0	0	3
527	279	0.637120631	5.18972613	82305.4851	99976.9485	65549.2094	120771.134	1845.86387	34137.1448	0	0	0	0	3
528	279	0.637737347	5.19957381	86723.133	99734.6758	65549.2094	120771.134	1845.86387	34137.1448	0	0	0	0	3
529	280	0.638756186	5.20942149	89322.1605	99563.7605	65549.2094	120771.134	1845.86387	34137.1448	0	0	0	0	3
530	281	0.639986603	5.21926917	100811.773	99493.1754	65549.2094	120771.134	1845.86387	34137.1448	0	0	0	0	3
531	281	0.641342225	5.22911684	94645.3286	99293.9207	65549.2094	120771.134	1845.86387	34137.1448	0	0	0	0	3
532	282	0.64227141	5.23896452	97439.3129	99278.2825	65549.2094	120771.134	1845.86387	34137.1448	0	0	0	0	3
533	282	0.643418447	5.2488122	99239.0581	99375.6535	65549.2094	120771.134	1845.86387	34137.1448	0	0	0	0	3
534	283	0.644932908	5.25865988	93892.5805	99554.8462	65549.2094	120771.134	1845.86387	34137.1448	0	0	0	0	3
535	283	0.646448185	5.26850756	91982.7137	99397.9589	65549.2094	120771.134	1845.86387	34137.1448	0	0	0	0	3
536	284	0.647831725	5.27835523	91847.3476	99292.7379	65549.2094	120771.134	1845.86387	34137.1448	0	0	0	0	3
537	284	0.648986243	5.28820291	99818.1022	99111.065	65549.2094	120771.134	1845.86387	34137.1448	0	0	0	0	3
538	285	0.650597471	5.29805059	105227.322	99200.7226	65549.2094	120771.134	1845.86387	34137.1448	0	0	0	0	3
539	285	0.651856602	5.30789827	104458.213	99189.5287	65549.2094	120771.134	1845.86387	34137.1448	0	0	0	0	3
540	286	0.653327176	5.31774594	108165.262	99189.7361	65549.2094	120771.134	1845.86387	34137.1448	0	0	0	0	3
541	286	0.654762424	5.32759362	111886.829	99270.9699	65549.2094	120771.134	1817.22726	34137.1448	0	0	0	0	3
542	286	0.656099765	5.3374413	113352.999	99351.2728	65549.2094	120771.134	1799.29157	34137.1448	0	0	0	0	3
543	287	0.657528189	5.34728898	111500.686	99423.577	65549.2094	120771.134	1546.78135	34137.1448	0	0	0	0	3
544	287	0.659119054	5.35713665	107774.733	99566.8054	65549.2094	120771.134	1410.68777	34137.1448	0	0	0	0	3
545	288	0.660762385	5.36698433	103573.168	99606.9634	65549.2094	120771.134	1364.28645	34137.1448	0	0	0	0	3
546	288	0.662382413	5.37683201	102494.145	99645.69	65549.2094	120771.134	1364.28645	34137.1448	0	0	0	0	3
547	289	0.664089905	5.38667969	101849.699	99798.1464	65549.2094	120771.134	1364.28645	34137.1448	0	0	0	0	3
548	289	0.665713437	5.39652736	98933.4414	100007.428	65549.2094	120771.134	1364.28645	34137.1448	0	0	0	0	3
549	290	0.666851964	5.40637504	87288.4405	100162.041	65549.2094	120771.134	1364.28645	34137.1448	0	0	0	0	3
550	291	0.667634772	5.41622272	87683.1154	100088.405	65549.2094	120771.134	1364.28645	34137.1448	0	0	0	0	3
551	291	0.668283236	5.4260704	84788.0945	99919.5843	65549.2094	120771.134	1364.28645	34137.1448	0	0	0	0	3
552	292	0.668957188	5.43591808	93345.3914	100058.853	65549.2094	120771.134	1364.28645	34137.1448	0	0	0	0	3
553	292	0.669912764	5.44576575	84866.8005	99908.9624	65549.2094	120771.134	1364.28645	34137.1448	0	0	0	0	3
554	293	0.67099995	5.45561343	86577.683	99379.4831	65549.2094	120771.134	1364.28645	34137.1448	0	0	0	0	3
555	293	0.672047058	5.46546111	93983.8321	99456.5433	65549.2094	120771.134	1364.28645	34137.1448	0	0	0	0	3
556	294	0.673119723	5.47530879	100533.64	99724.1949	65549.2094	120771.134	1364.28645	34137.1448	0	0	0	0	3
557	295	0.674337418	5.48515646	75339.7162	99528.7793	65549.2094	120771.134	1364.28645	34137.1448	0	0	0	0	3
558	295	0.675407472	5.49500414	81094.9083	99458.2495	65549.2094	120771.134	1364.28645	34137.1448	0	0	0	0	3
559	296	0.676500236	5.50485182	100312.465	99659.2032	75339.7162	120771.134	1364.28645	34137.1448	0	0	0	0	3
560	296	0.678153235	5.5146995	98161.5943	100086.287	75339.7162	120771.134	1289.30599	34137.1448	0	0	0	0	3
561	297	0.679285544	5.52454717	108963.344	100385.92	75339.7162	120771.134	1305.30174	34137.1448	0	0	0	0	3
562	297	0.680700473	5.53439485	108816.219	100557.971	75339.7162	120771.134	1446.90598	34137.1448	0	0	0	0	3
563	297	0.682301751	5.54424253	109455.137	100550.426	75339.7162	120771.134	1446.90598	34137.1448	0	0	0	0	3
564	298	0.683964329	5.55409021	108963.745	100547.039	75339.7162	114683.054	1446.90598	34137.1448	0	0	0	0	3
565	298	0.684935161	5.56393789	106093.069	100439.925	75339.7162	113352.999	1446.90598	34137.1448	0	0	0	0	3
566	299	0.68669263	5.57378556	109286.662	100611.372	75339.7162	113352.999	1500.30707	34137.1448	0	0	0	0	3
567	299	0.688347308	5.58363324	109084.362	100662.088	75339.7162	113352.999	1551.02336	34137.1448	0	0	0	0	3
568	300	0.689872353	5.59348092	108837.465	100641.814	75339.7162	113352.999	1551.02336	34137.1448	0	0	0	0	3
569	300	0.691420402	5.6033286	107124.061	100677.223	75339.7162	113352.999	1566.15838	34137.1448	0	0	0	0	3
570	301	0.693081865	5.61317627	103882.384	100636.673	75339.7162	113352.999	1566.15838	34137.1448	0	0	0	0	3
571	301	0.694810279	5.62302395	104100.261	100527.767	75339.7162	113352.999	1566.15838	34137.1448	0	0	0	0	3
572	302	0.695882974	5.63287163	100029.786	100318.501	75339.7162	113352.999	1566.15838	34137.1448	0	0	0	0	3
573	302	0.697135068	5.64271931	98492.8255	100180.42	75339.7162	113352.999	1566.15838	34137.1448	0	0	0	0	3
574	303	0.69838942	5.65256698	89295.4805	99875.0346	75339.7162	113352.999	1566.15838	34137.1448	0	0	0	0	3
575	304	0.699263408	5.66241466	91587.6331	99704.3399	75339.7162	113352.999	1566.15838	34137.1448	0	0	0	0	3
576	304	0.699907997	5.67226234	85301.3021	99725.319	75339.7162	113352.999	1566.15838	34137.1448	0	0	0	0	3
577	305	0.700547642	5.68211002	89279.5315	99877.1305	75339.7162	113352.999	1566.15838	34137.1448	0	0	0	0	3
578	305	0.701494525	5.6919577	84745.004	99813.5524	75339.7162	113352.999	1566.15838	34137.1448	0	0	0	0	3
579	306	0.702696981	5.70180537	98180.7937	99907.607	75339.7162	113352.999	1566.15838	34137.1448	0	0	0	0	3
580	307	0.703996366	5.71165305	96141.4754	99997.9073	75339.7162	113352.999	1566.15838	34137.1448	0	0	0	0	3
581	307	0.704943226	5.72150073	98605.8867	99962.1997	75339.7162	113352.999	1566.15838	34137.1448	0	0	0	0	3
582	308	0.7061606	5.73134841	100340.851	100080.509	75339.7162	113352.999	1566.15838	34137.1448	0	0	0	0	3
583	309	0.707874861	5.74119608	95531.7157	99999.0552	75339.7162	113352.999	1566.15838	34137.1448	0	0	0	0	3
584	309	0.709021028	5.75104376	93403.2197	99897.1053	75339.7162	113352.999	1566.15838	34137.1448	0	0	0	0	3
585	310	0.710338026	5.76089144	90959.8329	99856.1794	75339.7162	113352.999	1566.15838	34137.1448	0	0	0	0	3
586	310	0.711765454	5.77073912	96563.4688	99966.8757	75339.7162	113352.999	1566.15838	34137.1448	0	0	0	0	3
587	311	0.713030692	5.78058679	104633.533	100229.735	75339.7162	113352.999	1566.15838	34137.1448	0	0	0	0	3
588	311	0.71453202	5.79043447	105265.741	100352.335	75339.7162	113352.999	1487.69463	34137.1448	0	0	0	0	3
589	312	0.715829828	5.80028215	110168.116	100427.21	75339.7162	113352.999	1487.69463	34137.1448	0	0	0	0	3
590	312	0.717392365	5.81012983	110751.572	100595.922	75339.7162	113352.999	1487.48724	34137.1448	0	0	0	0	3
591	313	0.718537263	5.8199775	112315.201	100630.979	75339.7162	113352.999	1406.25343	34137.1448	0	0	0	0	3
592	313	0.719980684	5.82982518	108292.632	100552.842	75339.7162	113352.999	1325.95062	34137.1448	0	0	0	0	3
593	314	0.721483594	5.83967286	107393.984	100448.282	75339.7162	112315.201	1297.74029	34137.1448	0	0	0	0	3
594	314	0.723020389	5.84952054	106396.106	100346.79	75339.7162	112315.201	1297.74029	34137.1448	0	0	0	0	3
595	314	0.724634817	5.85936822	102687.536	100224.104	75339.7162	112315.201	1297.74029	34137.1448	0	0	0	0	3
596	315	0.726203212	5.86921589	103685.155	100222.953	75339.7162	112315.201	1297.74029	34137.1448	0	0	0	0	3
597	315	0.727326411	5.87906357	100024.715	100162.869	75339.7162	112315.201	1297.74029	34137.1448	0	0	0	0	3
598	316	0.728699613	5.88891125	94378.7815	99995.3563	75339.7162	112315.201	1297.74029	34137.1448	0	0	0	0	3
599	317	0.729870408	5.89875893	88003.1278	99803.3835	75339.7162	112315.201	1297.74029	34137.1448	0	0	0	0	3
600	317	0.730767037	5.9086066	89471.5247	99881.3739	75339.7162	112315.201	1297.74029	34137.1448	0	0	0	0	3
601	318	0.731381632	5.91845428	75212.1341	99793.3273	75212.1341	112315.201	1297.74029	34137.1448	0	0	0	0	3
602	319	0.731964533	5.92830196	93041.7033	99884.3247	75212.1341	112315.201	1297.74029	34137.1448	0	0	0	0	3
603	319	0.732982974	5.93814964	73258.9268	99529.6322	73258.9268	112315.201	1297.74029	34137.1448	0	0	0	0	3
604	320	0.733867417	5.94799731	94695.6274	99681.866	73258.9268	112315.201	1297.74029	34137.1448	0	0	0	0	3
605	320	0.735015892	5.95784499	100443.987	99918.0877	73258.9268	112315.201	1220.68005	34137.1448	0	0	0	0	3
606	321	0.735998054	5.96769267	100801.516	100028.821	73258.9268	112315.201	1218.9739	34137.1448	0	0	0	0	3
607	322	0.736869339	5.97754035	82547.6971	99781.4067	73258.9268	112315.201	1218.9739	34137.1448	0	0	0	0	3
608	322	0.738299448	5.98738803	102275.904	100302.496	73258.9268	112315.201	1218.9739	34137.1448	0	0	0	0	3
609	323	0.739264969	5.9972357	82588.5282	100356.522	73258.9268	112315.201	1147.59113	34137.1448	0	0	0	0	3
610	323	0.740252723	6.00708338	83151.3827	100090.708	73258.9268	112315.201	1147.59113	34137.1448	0	0	0	0	3
611	324	0.741209093	6.01693106	87032.7937	99943.2294	73258.9268	112315.201	1147.59113	34137.1448	0	0	0	0	3
612	324	0.741992011	6.02677874	104090.011	99832.125	73258.9268	112315.201	1147.59113	34137.1448	0	0	0	0	3
613	325	0.74305763	6.03662641	107982.203	99767.5457	73258.9268	112315.201	1147.59113	34137.1448	0	0	0	0	3
614	325	0.744485847	6.04647409	112349.72	99807.0663	73258.9268	112349.72	1147.59113	34137.1448	0	0	0	0	3
615	326	0.745489405	6.05632177	108060.509	99694.2524	73258.9268	112349.72	1147.59113	34137.1448	0	0	0	0	3
616	326	0.747103395	6.06616945	106641.977	99774.7015	73258.9268	112349.72	1147.59113	34137.1448	0	0	0	0	3
617	327	0.748713377	6.07601712	111234.884	99802.6552	73258.9268	112349.72	1147.59113	34137.1448	0	0	0	0	3
618	327	0.749947935	6.0858648	108655.32	99730.7549	73258.9268	112349.72	1147.59113	34137.1448	0	0	0	0	3
619	327	0.751647141	6.09571248	109895.32	99785.5272	73258.9268	112349.72	1147.59113	34137.1448	0	0	0	0	3
620	328	0.753249229	6.10556016	108197.832	99819.7644	73258.9268	112349.72	1107.04111	34137.1448	0	0	0	0	3
621	328	0.754894106	6.11540784	104544.183	99836.2853	73258.9268	112349.72	1101.34704	34137.1448	0	0	0	0	3
622	329	0.75645616	6.12525551	103160.175	99800.9574	73258.9268	112349.72	1101.34704	34137.1448	0	0	0	0	3
623	329	0.758072139	6.13510319	101826.246	99849.6372	73258.9268	112349.72	1101.34704	34137.1448	0	0	0	0	3
624	330	0.759219729	6.14495087	100988.46	99898.0511	73258.9268	112349.72	1101.34704	34137.1448	0	0	0	0	3
625	330	0.760477752	6.15479855	93286.247	99978.2845	73258.9268	112349.72	1101.34704	34137.1448	0	0	0	0	3
626	331	0.761789671	6.16464622	85979.8935	99801.8558	73258.9268	112349.72	1101.34704	34137.1448	0	0	0	0	3
627	331	0.762436607	6.1744939	88885.6282	99838.3959	73258.9268	112349.72	1101.34704	34137.1448	0	0	0	0	3
628	332	0.762962795	6.18434158	94088.9756	99898.1353	73258.9268	112349.72	1101.34704	34137.1448	0	0	0	0	3
629	333	0.764013447	6.19418926	102118.098	100164.945	73258.9268	112349.72	1101.34704	34137.1448	0	0	0	0	3
630	333	0.765034635	6.20403693	74037.5998	99775.2114	73258.9268	112349.72	1101.34704	34137.1448	0	0	0	0	3
631	334	0.765719642	6.21388461	107008.193	99931.9799	73258.9268	112349.72	1101.34704	34137.1448	0	0	0	0	3
632	334	0.766610968	6.22373229	89474.6668	99801.1943	73258.9268	112349.72	1101.34704	34137.1448	0	0	0	0	3
633	335	0.767583609	6.23357997	101693.812	99820.4684	73258.9268	112349.72	1101.34704	34137.1448	0	0	0	0	3
634	335	0.768522438	6.24342764	87916.2454	99757.4158	73258.9268	112349.72	1101.34704	34137.1448	0	0	0	0	3
635	336	0.769832566	6.25327532	96525.8494	99807.5576	73258.9268	112349.72	1101.34704	34137.1448	0	0	0	0	3
636	336	0.771330308	6.263123	94930.413	99878.8411	73258.9268	112349.72	1101.34704	34137.1448	0	0	0	0	3
637	337	0.772343013	6.27297068	88251.7204	99762.5871	73258.9268	112349.72	1101.34704	34137.1448	0	0	0	0	3
638	337	0.773842172	6.28281836	97794.5084	99612.7244	73258.9268	112349.72	1101.34704	34137.1448	0	0	0	0	3
639	338	0.775055529	6.29266603	108422.593	99649.115	73258.9268	112349.72	1101.34704	34137.1448	0	0	0	0	3
640	338	0.776513881	6.30251371	108970.667	99648.1668	73258.9268	112349.72	1101.34704	34137.1448	0	0	0	0	3
641	339	0.777647339	6.31236139	103248.159	99427.952	73258.9268	112349.72	1203.02725	34137.1448	0	0	0	0	3
642	339	0.779280293	6.32220907	108136.818	99419.1705	73258.9268	112349.72	1133.67189	34137.1448	0	0	0	0	3
643	340	0.780223582	6.33205674	109735.985	99368.1038	73258.9268	112349.72	1080.17833	34137.1448	0	0	0	0	3
644	340	0.781711216	6.34190442	111267.386	99461.742	73258.9268	112349.72	988.418021	34137.1448	0	0	0	0	3
645	341	0.783075349	6.3517521	108361.319	99486.4445	73258.9268	112349.72	988.418021	34137.1448	0	0	0	0	3
646	341	0.784570879	6.36159978	107131.864	99590.9896	73258.9268	112349.72	988.418021	34137.1448	0	0	0	0	3
647	341	0.78616899	6.37144745	104619.016	99617.9063	73258.9268	112349.72	988.418021	34137.1448	0	0	0	0	3
648	342	0.787830062	6.38129513	103294.269	99711.2853	73258.9268	112349.72	988.418021	34137.1448	0	0	0	0	3
649	342	0.789601135	6.39114281	101875.925	99894.4719	73258.9268	112349.72	988.418021	34137.1448	0	0	0	0	3
650	343	0.790850378	6.40099049	98837.9175	100101.137	73258.9268	112349.72	988.418021	34137.1448	0	0	0	0	3
651	343	0.792222709	6.41083817	92176.3144	100079.257	73258.9268	112349.72	988.418021	34137.1448	0	0	0	0	3
652	344	0.793159824	6.42068584	85664.3373	100107.985	73258.9268	112349.72	988.418021	34137.1448	0	0	0	0	3
653	345	0.793875931	6.43053352	83781.6625	99985.6738	73258.9268	112349.72	988.418021	34137.1448	0	0	0	0	3
654	345	0.794424746	6.4403812	99892.7855	100427.859	74037.5998	112349.72	1059.7549	34137.1448	0	0	0	0	3
655	346	0.795397567	6.45022888	89709.2342	100340.788	74037.5998	112349.72	1059.7549	34137.1448	0	0	0	0	3
656	346	0.796459913	6.46007655	86220.7832	100094.729	74037.5998	112349.72	1059.7549	34137.1448	0	0	0	0	3
657	347	0.797557943	6.46992423	97167.7384	100031.244	74037.5998	112349.72	1059.7549	34137.1448	0	0	0	0	3
658	348	0.79903821	6.47977191	95733.3879	100173.939	74037.5998	112349.72	1059.7549	34137.1448	0	0	0	0	3
659	348	0.800358459	6.48961959	96670.2394	100050.963	74037.5998	112349.72	1059.7549	34137.1448	0	0	0	0	3
660	349	0.801782347	6.49946726	97660.3652	100266.205	74037.5998	112349.72	1059.7549	34137.1448	0	0	0	0	3
661	349	0.803490401	6.50931494	93938.1939	100362.614	74037.5998	112349.72	1059.7549	34137.1448	0	0	0	0	3
662	350	0.804703329	6.51916262	93149.6512	100425.603	74037.5998	112349.72	1059.7549	34137.1448	0	0	0	0	3
663	350	0.806021432	6.5290103	101389.374	100400.636	74037.5998	112349.72	1059.7549	34137.1448	0	0	0	0	3
664	351	0.807753713	6.53885798	103865.914	100368.544	74037.5998	112349.72	1059.7549	34137.1448	0	0	0	0	3
665	351	0.809504703	6.54870565	105529.263	100244.344	74037.5998	111267.386	1059.7549	34137.1448	0	0	0	0	3
666	351	0.810438036	6.55855333	108316.377	100239.57	74037.5998	111267.386	1059.7549	34137.1448	0	0	0	0	3
667	352	0.812017757	6.56840101	110990.387	100342.011	74037.5998	111267.386	1059.7549	34137.1448	0	0	0	0	3
668	352	0.812963914	6.57824869	111874.877	100238.892	74037.5998	111874.877	1059.7549	34137.1448	0	0	0	0	3
669	353	0.814317577	6.58809636	111532.051	100314.962	74037.5998	111874.877	1059.7549	34137.1448	0	0	0	0	3
670	353	0.815746063	6.59794404	108665.025	100247.081	74037.5998	111874.877	1059.7549	34137.1448	0	0	0	0	3
671	354	0.817246366	6.60779172	106784.746	100201.308	74037.5998	111874.877	1059.7549	34137.1448	0	0	0	0	3
672	354	0.818853673	6.6176394	102590.426	100149.66	74037.5998	111874.877	1059.7549	34137.1448	0	0	0	0	3
673	355	0.820446491	6.62748707	104263.121	100178.561	74037.5998	111874.877	1059.7549	34137.1448	0	0	0	0	3
674	355	0.822081769	6.63733475	100336.349	100140.995	74037.5998	111874.877	1059.7549	34137.1448	0	0	0	0	3
675	356	0.823556417	6.64718243	92299.6725	99946.1489	74037.5998	111874.877	1059.7549	34137.1448	0	0	0	0	3
676	356	0.824887718	6.65703011	84327.8211	99753.4088	74037.5998	111874.877	1059.7549	34137.1448	0	0	0	0	3
677	357	0.825389232	6.66687778	92866.1693	99983.2168	74037.5998	111874.877	1059.7549	34137.1448	0	0	0	0	3
678	357	0.82606153	6.67672546	87146.3132	99960.4143	74037.5998	111874.877	1059.7549	34137.1448	0	0	0	0	3
679	358	0.826901759	6.68657314	103837.536	100059.683	74037.5998	111874.877	1059.7549	34137.1448	0	0	0	0	3
680	358	0.827984901	6.69642082	66817.1229	99463.0252	66817.1229	111874.877	1059.7549	34137.1448	0	0	0	0	3
681	359	0.828666388	6.7062685	98376.1253	99859.4222	66817.1229	111874.877	1059.7549	34137.1448	0	0	0	0	3
682	360	0.82962556	6.71611617	92426.4546	99671.2323	66817.1229	111874.877	1059.7549	34137.1448	0	0	0	0	3
683	360	0.830932852	6.72596385	93464.7716	99686.3875	66817.1229	111874.877	1059.7549	34137.1448	0	0	0	0	3
684	361	0.831776662	6.73581153	98836.7438	99644.8029	66817.1229	111874.877	1059.7549	34137.1448	0	0	0	0	3
685	361	0.83311255	6.74565921	98535.2646	99792.3315	66817.1229	111874.877	1059.7549	34137.1448	0	0	0	0	3
686	362	0.834737507	6.75550688	95215.4489	99743.6799	66817.1229	111874.877	1059.7549	34137.1448	0	0	0	0	3
687	362	0.835831173	6.76535456	99042.5782	99843.5586	66817.1229	111874.877	1059.7549	34137.1448	0	0	0	0	3
688	363	0.837030594	6.77520224	104271.635	100107.137	66817.1229	111874.877	1059.7549	34137.1448	0	0	0	0	3
689	363	0.838567642	6.78504992	104496.891	100264.946	66817.1229	111874.877	1059.7549	34137.1448	0	0	0	0	3
690	364	0.839889203	6.79489759	102377.404	100155.336	66817.1229	111874.877	1059.7549	34137.1448	0	0	0	0	3
691	364	0.84150726	6.80474527	107617.497	100143.309	66817.1229	111874.877	1059.7549	34137.1448	0	0	0	0	3
692	365	0.842717949	6.81459295	110440.805	100280.819	66817.1229	111874.877	1059.7549	34137.1448	0	0	0	0	3
693	365	0.844621165	6.82444063	111371.867	100407.542	66817.1229	111874.877	1059.7549	34137.1448	0	0	0	0	3
694	366	0.846355444	6.83428831	110403.029	100536.611	66817.1229	111874.877	1074.86859	34137.1448	0	0	0	0	3
695	366	0.848107197	6.84413598	107586.906	100482.193	66817.1229	111874.877	1073.58538	34137.1448	0	0	0	0	3
696	366	0.849800521	6.85398366	103053.004	100386.353	66817.1229	111874.877	1073.58538	34137.1448	0	0	0	0	3
697	367	0.851419301	6.86383134	102276.701	100281.219	66817.1229	111874.877	1073.58538	34137.1448	0	0	0	0	3
698	367	0.852680744	6.87367902	100151.12	100174.525	66817.1229	111874.877	1073.58538	34137.1448	0	0	0	0	3
699	368	0.853691381	6.88352669	99689.4795	100088.4	66817.1229	111874.877	1073.58538	34137.1448	0	0	0	0	3
700	368	0.854653447	6.89337437	92795.5726	99931.8792	66817.1229	111874.877	1073.58538	34137.1448	0	0	0	0	3
701	370	0.85600583	6.90322205	87274.4072	99690.1323	66817.1229	111874.877	1073.58538	34137.1448	0	0	0	0	3
702	370	0.856630371	6.91306973	82520.1418	99683.7368	66817.1229	111874.877	1073.58538	34137.1448	0	0	0	0	3
703	371	0.857145696	6.9229174	96044.3883	99859.7497	66817.1229	111874.877	1073.58538	34137.1448	0	0	0	0	3
704	371	0.858080558	6.93276508	106846.882	100140.814	66817.1229	111874.877	1073.58538	34137.1448	0	0	0	0	3
705	372	0.859052435	6.94261276	77161.2809	99797.3525	66817.1229	111874.877	1073.58538	34137.1448	0	0	0	0	3
706	372	0.860005531	6.95246044	100778.045	99963.7195	66817.1229	111874.877	1073.58538	34137.1448	0	0	0	0	3
707	373	0.86127777	6.96230811	92377.0134	100040.051	66817.1229	111874.877	1073.58538	34137.1448	0	0	0	0	3
708	374	0.862258103	6.97215579	87614.3425	99900.5235	66817.1229	111874.877	1073.58538	34137.1448	0	0	0	0	3
709	374	0.863238066	6.98200347	97093.93	99953.7653	66817.1229	111874.877	1073.58538	34137.1448	0	0	0	0	3
710	374	0.864450434	6.99185115	95437.0337	99935.9648	66817.1229	111874.877	1073.58538	34137.1448	0	0	0	0	3
711	375	0.865402078	7.00169883	92505.1643	99875.7433	66817.1229	111874.877	1073.58538	34137.1448	0	0	0	0	3
712	375	0.866762627	7.0115465	92808.831	99884.0688	66817.1229	111874.877	1073.58538	34137.1448	0	0	0	0	3
713	376	0.867707564	7.02139418	103413.867	100066.657	66817.1229	111874.877	1073.58538	34137.1448	0	0	0	0	3
714	376	0.868864651	7.03124186	104041.816	100112.105	66817.1229	111874.877	1073.58538	34137.1448	0	0	0	0	3
715	377	0.870426242	7.04108954	108487.087	100217.026	66817.1229	111874.877	1073.58538	34137.1448	0	0	0	0	3
716	378	0.871802013	7.05093721	103847.522	100147.89	66817.1229	111874.877	1073.58538	34137.1448	0	0	0	0	3
717	378	0.873717461	7.06078489	108884.882	100291.876	66817.1229	111874.877	1073.58538	34137.1448	0	0	0	0	3
718	378	0.874601542	7.07063257	111793.991	100184.311	66817.1229	111874.877	1073.58538	34137.1448	0	0	0	0	3
719	379	0.876318099	7.08048025	107948.336	100220.082	66817.1229	111793.991	1073.58538	34137.1448	0	0	0	0	3
720	379	0.877870263	7.09032792	107406.498	100154.655	66817.1229	111793.991	1073.58538	34137.1448	0	0	0	0	3
721	380	0.879499294	7.1001756	108386.571	100174.31	66817.1229	111793.991	1073.58538	34137.1448	0	0	0	0	3
722	380	0.881165251	7.11002328	103806.674	100113.823	66817.1229	111793.991	1073.58538	34137.1448	0	0	0	0	3
723	381	0.882792211	7.11987096	102492.388	100112.089	66817.1229	111793.991	1073.58538	34137.1448	0	0	0	0	3
724	381	0.884485294	7.12971864	101263.756	100039.29	66817.1229	111793.991	1073.58538	34137.1448	0	0	0	0	3
725	382	0.886043007	7.13956631	94685.0912	99901.299	66817.1229	111793.991	1073.58538	34137.1448	0	0	0	0	3
726	383	0.887246214	7.14941399	85688.0656	99808.7923	66817.1229	111793.991	1073.58538	34137.1448	0	0	0	0	3
727	384	0.888069873	7.15926167	83950.0449	99928.2504	66817.1229	111793.991	1073.58538	34137.1448	0	0	0	0	3
728	384	0.888883303	7.16910935	84498.5415	99786.3591	66817.1229	111793.991	1073.58538	34137.1448	0	0	0	0	3
729	385	0.889668714	7.17895702	102349.278	99951.6051	66817.1229	111793.991	1073.58538	34137.1448	0	0	0	0	3
730	385	0.890781354	7.1888047	75051.9253	99466.7953	66817.1229	111793.991	1073.58538	34137.1448	0	0	0	0	3
731	386	0.891659024	7.19865238	98666.0043	100011.151	75051.9253	111793.991	1069.8153	34137.1448	0	0	0	0	3
732	387	0.893192887	7.20850006	94279.0821	99892.162	75051.9253	111793.991	1069.8153	34137.1448	0	0	0	0	3
733	388	0.894555966	7.21834773	98591.9907	99975.1533	75051.9253	111793.991	1069.8153	34137.1448	0	0	0	0	3
734	389	0.895538779	7.22819541	90565.9969	99963.7539	75051.9253	111793.991	1069.8153	34137.1448	0	0	0	0	3
735	389	0.896866931	7.23804309	88956.7357	99753.7684	75051.9253	111793.991	1069.8153	34137.1448	0	0	0	0	3
736	390	0.898255432	7.24789077	90464.4298	99580.7568	75051.9253	111793.991	1069.8153	34137.1448	0	0	0	0	3
737	391	0.899051835	7.25773845	103670.647	99741.6951	75051.9253	111793.991	1069.8153	34137.1448	0	0	0	0	3
738	391	0.900212456	7.26758612	101236.476	99780.5181	75051.9253	111793.991	1069.8153	34137.1448	0	0	0	0	3
739	392	0.901527854	7.2774338	109367.318	99892.5184	75051.9253	111793.991	1069.8153	34137.1448	0	0	0	0	3
740	392	0.902738902	7.28728148	106833.461	99913.2236	75051.9253	111793.991	1069.8153	34137.1448	0	0	0	0	3
741	392	0.904336267	7.29712916	110369.26	100121.853	75051.9253	111793.991	1069.8153	34137.1448	0	0	0	0	3
742	393	0.905872587	7.30697683	112197.853	100221.662	75051.9253	112197.853	1069.8153	34137.1448	0	0	0	0	3
743	393	0.907121123	7.31682451	108926.745	100198.315	75051.9253	112197.853	1069.8153	34137.1448	0	0	0	0	3
744	394	0.908619895	7.32667219	108355.126	100057.055	75051.9253	112197.853	1069.8153	34137.1448	0	0	0	0	3
745	394	0.910154282	7.33651987	108843.025	99987.1202	75051.9253	112197.853	1015.39792	34137.1448	0	0	0	0	3
746	395	0.911732472	7.34636754	105646.028	99918.2464	75051.9253	112197.853	919.557702	34137.1448	0	0	0	0	3
747	395	0.913400387	7.35621522	103451.833	99927.4534	75051.9253	112197.853	825.080794	34137.1448	0	0	0	0	3
748	396	0.915146672	7.3660629	101683.738	99915.9051	75051.9253	112197.853	825.080794	34137.1448	0	0	0	0	3
749	396	0.91651491	7.37591058	99478.0056	99901.8709	75051.9253	112197.853	825.080794	34137.1448	0	0	0	0	3
750	397	0.917799456	7.38575825	93827.5809	99783.5075	75051.9253	112197.853	825.080794	34137.1448	0	0	0	0	3
751	397	0.919196439	7.39560593	85461.6973	99577.684	75051.9253	112197.853	825.080794	34137.1448	0	0	0	0	3
752	398	0.919824277	7.40545361	79004.2101	99636.0046	75051.9253	112197.853	825.080794	34137.1448	0	0	0	0	3
753	398	0.920334082	7.41530129	91988.5675	99742.6053	75051.9253	112197.853	825.080794	34137.1448	0	0	0	0	3
754	399	0.921230477	7.42514897	93074.1045	99679.0671	75051.9253	112197.853	825.080794	34137.1448	0	0	0	0	3
755	400	0.922325939	7.43499664	86613.3602	99351.9788	75051.9253	112197.853	939.897312	34137.1448	0	0	0	0	3
756	400	0.923544013	7.44484432	93415.449	99574.2635	75051.9253	112197.853	939.897312	34137.1448	0	0	0	0	3
757	401	0.924943475	7.454692	89989.4172	99350.0348	75051.9253	112197.853	941.841342	34137.1448	0	0	0	0	3
758	401	0.92626708	7.46453968	88433.1999	99264.2017	75051.9253	112197.853	1027.67444	34137.1448	0	0	0	0	3
759	402	0.927512957	7.47438735	97455.5563	99404.6878	75051.9253	112197.853	1027.67444	34137.1448	0	0	0	0	3
760	403	0.928548417	7.48423503	95979.1012	99385.0492	75051.9253	112197.853	1027.67444	34137.1448	0	0	0	0	3
761	403	0.930200606	7.49408271	95265.9006	99354.3396	75051.9253	112197.853	1027.67444	34137.1448	0	0	0	0	3
762	404	0.931029792	7.50393039	106567.96	99544.7988	75051.9253	112197.853	1027.67444	34137.1448	0	0	0	0	3
763	404	0.932424947	7.51377806	108145.591	99867.1154	75051.9253	112197.853	1027.67444	34137.1448	0	0	0	0	3
764	405	0.933998113	7.52362574	108225.408	100014.912	75051.9253	112197.853	1027.67444	34137.1448	0	0	0	0	3
765	405	0.935602535	7.53347342	107030.929	100113.764	75051.9253	112197.853	1027.67444	34137.1448	0	0	0	0	3
766	405	0.936733054	7.5433211	109462.771	100075.963	75051.9253	112197.853	1027.67444	34137.1448	0	0	0	0	3
767	406	0.938449144	7.55316878	111522.055	100292.832	75051.9253	112197.853	1028.63071	34137.1448	0	0	0	0	3
768	406	0.940277006	7.56301645	109505.045	100298.557	75051.9253	112197.853	1034.35523	34137.1448	0	0	0	0	3
769	407	0.941956388	7.57286413	109335.141	100372.983	75051.9253	112197.853	1108.78168	34137.1448	0	0	0	0	3
770	407	0.943670034	7.58271181	104424.252	100282.992	75051.9253	112197.853	1108.78168	34137.1448	0	0	0	0	3
771	408	0.945339749	7.59255949	103604.136	100201.304	75051.9253	112197.853	1108.78168	34137.1448	0	0	0	0	3
772	408	0.947092876	7.60240716	101069.867	100026.563	75051.9253	112197.853	1108.78168	34137.1448	0	0	0	0	3
773	409	0.948249926	7.61225484	98539.1362	99907.0343	75051.9253	112197.853	1108.78168	34137.1448	0	0	0	0	3
774	409	0.949421158	7.62210252	88461.3664	99642.7078	75051.9253	112197.853	1108.78168	34137.1448	0	0	0	0	3
775	410	0.950432299	7.6319502	88921.7871	99436.7101	75051.9253	112197.853	1108.78168	34137.1448	0	0	0	0	3
776	410	0.951060124	7.64179787	78744.9241	99350.7457	75051.9253	112197.853	1108.78168	34137.1448	0	0	0	0	3
777	411	0.951604309	7.65164555	85609.047	99489.9823	75051.9253	112197.853	1108.78168	34137.1448	0	0	0	0	3
778	411	0.952498205	7.66149323	102022.791	99723.7876	75051.9253	112197.853	1108.78168	34137.1448	0	0	0	0	3
779	412	0.953585296	7.67134091	82323.5181	99622.8478	75051.9253	112197.853	1108.78168	34137.1448	0	0	0	0	3
780	413	0.954395494	7.68118859	108593.943	99702.0576	75051.9253	112197.853	1108.78168	34137.1448	0	0	0	0	3
781	413	0.955621842	7.69103626	105630.11	100237.164	78744.9241	112197.853	1108.78168	34137.1448	0	0	0	0	3
782	414	0.956786607	7.70088394	95386.102	100171.579	78744.9241	112197.853	1108.78168	34137.1448	0	0	0	0	3
783	414	0.958000878	7.71073162	103212.644	100368.021	78744.9241	112197.853	1108.78168	34137.1448	0	0	0	0	3
784	415	0.959673936	7.7205793	90286.607	100146.178	78744.9241	112197.853	1108.78168	34137.1448	0	0	0	0	3
785	416	0.960830145	7.73042697	86574.3745	100050.05	78744.9241	112197.853	1108.78168	34137.1448	0	0	0	0	3
786	416	0.962655765	7.74027465	100158.529	100277.014	78744.9241	112197.853	1108.78168	34137.1448	0	0	0	0	3
787	417	0.963662044	7.75012233	99730.5269	100476.915	78744.9241	112197.853	1212.71339	34137.1448	0	0	0	0	3
788	417	0.964874324	7.75997001	104428.388	100511.049	78744.9241	112197.853	1246.84753	34137.1448	0	0	0	0	3
789	418	0.965992646	7.76981768	99805.2234	100486.25	78744.9241	112197.853	1246.84753	34137.1448	0	0	0	0	3
790	418	0.967363285	7.77966536	107524.453	100455.335	78744.9241	112197.853	1246.84753	34137.1448	0	0	0	0	3
791	418	0.968938517	7.78951304	109814.22	100561.351	78744.9241	112197.853	1297.14911	34137.1448	0	0	0	0	3
792	419	0.970103548	7.79936072	113065.369	100544.637	78744.9241	113065.369	1297.14911	34137.1448	0	0	0	0	3
793	419	0.971420863	7.80920839	109943.519	100460.397	78744.9241	113065.369	1297.14911	34137.1448	0	0	0	0	3
794	420	0.972882894	7.81905607	108789.621	100484.834	78744.9241	113065.369	1297.14911	34137.1448	0	0	0	0	3
795	420	0.974374515	7.82890375	105198.609	100412.374	78744.9241	113065.369	1297.14911	34137.1448	0	0	0	0	3
796	421	0.975956059	7.83875143	101029.631	100230.621	78744.9241	113065.369	1297.14911	34137.1448	0	0	0	0	3
797	421	0.977482208	7.84859911	103531.583	100177.255	78744.9241	113065.369	1297.14911	34137.1448	0	0	0	0	3
798	422	0.978716352	7.85844678	100065.535	100091.524	78744.9241	113065.369	1297.14911	34137.1448	0	0	0	0	3
799	422	0.980253793	7.86829446	94623.5485	99919.6975	78744.9241	113065.369	1297.14911	34137.1448	0	0	0	0	3
800	423	0.981462624	7.87814214	85892.5892	99667.9248	78744.9241	113065.369	1297.14911	34137.1448	0	0	0	0	3
801	424	0.982407077	7.88798982	89775.2391	99639.4298	78744.9241	113065.369	1297.14911	34137.1448	0	0	0	0	3
802	424	0.983020479	7.89783749	84873.0362	99807.8352	78744.9241	113065.369	1297.14911	34137.1448	0	0	0	0	3
803	425	0.983872394	7.90768517	102097.673	100042.222	78744.9241	113065.369	1297.14911	34137.1448	0	0	0	0	3
804	426	0.984993647	7.91753285	91582.5964	99959.0237	78744.9241	113065.369	1297.14911	34137.1448	0	0	0	0	3
805	426	0.986157222	7.92738053	109156.642	100218.912	78744.9241	113065.369	1297.14911	34137.1448	0	0	0	0	3
806	427	0.987154896	7.9372282	95678.7482	100378.945	78744.9241	113065.369	1297.14911	34137.1448	0	0	0	0	3
807	427	0.988369764	7.94707588	95979.6239	100427.344	78744.9241	113065.369	1297.14911	34137.1448	0	0	0	0	3
808	428	0.989794373	7.95692356	96157.5075	100558.793	78744.9241	113065.369	1297.14911	34137.1448	0	0	0	0	3
809	428	0.991437323	7.96677124	91584.8252	100578.829	78744.9241	113065.369	1228.08327	34137.1448	0	0	0	0	3
810	429	0.992352455	7.97661892	87091.1261	100448.479	78744.9241	113065.369	1228.08327	34137.1448	0	0	0	0	3
811	429	0.993812699	7.98646659	93968.3583	100374.4	78744.9241	113065.369	1228.08327	34137.1448	0	0	0	0	3
812	430	0.995540783	7.99631427	99262.9894	100474.18	78744.9241	113065.369	1228.08327	34137.1448	0	0	0	0	3
813	430	0.997296772	8.00616195	106115.871	100547.427	78744.9241	113065.369	1228.08327	34137.1448	0	0	0	0	3
814	431	0.998359373	8.01600963	107477.283	100498.333	78744.9241	113065.369	1228.08327	34137.1448	0	0	0	0	3
815	431	1	8.0258573	110402.827	100560.356	78744.9241	113065.369	1228.08327	34137.1448	0	0	0	0	3
