Iteration	CPUTime	PhysTime	Travels	Value	AvValue	MinValue	MaxValue	Delta	Criteria	PrevAvRefValue	Progress	CriteriaType	CriteriaVarType	CriteriaPercentage
1	2	0.00626576075	0.00984767767	28.9884236	28.9884236	28.9884236	28.9884236	0	0	0	0	0	0	3
2	3	0.00628001262	0.0196953553	-3860.40711	20.1618233	-3860.40711	28.9884236	8.8266003	0	0	0	0	0	3
3	3	0.00630278298	0.029543033	-361.011798	18.7847391	-3860.40711	28.9884236	10.2036845	0	0	0	0	0	3
4	4	0.00632696671	0.0393907107	300.133422	19.8601454	-3860.40711	300.133422	10.2036845	0	0	0	0	0	3
5	4	0.00635313572	0.0492383884	93.4585865	20.1633024	-3860.40711	300.133422	10.2036845	0	0	0	0	0	3
6	5	0.00639586892	0.059086066	3.9870228	20.0552226	-3860.40711	300.133422	10.2036845	0	0	0	0	0	3
7	6	0.00644466228	0.0689337437	-69.4200268	19.3777942	-3860.40711	300.133422	10.2036845	0	0	0	0	0	3
8	6	0.00650038148	0.0787814214	-68.8111724	18.6218664	-3860.40711	300.133422	10.3665573	0	0	0	0	0	3
9	6	0.00656305674	0.0886290991	-22.9136259	18.2252146	-3860.40711	300.133422	10.763209	0	0	0	0	0	3
10	7	0.00663430739	0.0984767767	-56.4451328	17.4232755	-3860.40711	300.133422	11.5651481	0	0	0	0	0	3
11	7	0.00675567494	0.108324454	-43.4518524	16.3296372	-3860.40711	300.133422	12.6587865	0	0	0	0	0	3
12	8	0.00689832325	0.118172132	-8.05993691	15.8252926	-3860.40711	300.133422	13.163131	0	0	0	0	0	3
13	8	0.00705950349	0.12801981	20.6651632	15.935795	-3860.40711	300.133422	13.163131	0	0	0	0	0	3
14	9	0.00723774639	0.137867487	26.438208	16.1944363	-3860.40711	300.133422	13.163131	0	0	0	0	0	3
15	9	0.0074428578	0.147715165	-0.605450284	15.7314625	-3860.40711	300.133422	13.2569612	0	0	0	0	0	3
16	10	0.00779053395	0.157562843	21.3933366	15.9841407	-3860.40711	300.133422	13.2569612	0	0	0	0	0	3
17	10	0.00811129293	0.16741052	9.75496458	15.7378096	-3860.40711	300.133422	13.2569612	0	0	0	0	0	3
18	11	0.00850579856	0.177258198	9.39723768	15.4437289	-3860.40711	300.133422	13.5446948	0	0	0	0	0	3
19	12	0.00889031972	0.187105876	17.9029531	15.5500944	-3860.40711	300.133422	13.5446948	0	0	0	0	0	3
20	12	0.00934661917	0.196953553	23.0341731	15.9154651	-3860.40711	300.133422	13.5446948	0	0	0	0	0	3
21	13	0.0100965	0.206801231	23.6332297	16.488674	-3860.40711	300.133422	13.5446948	0	0	0	0	0	3
22	13	0.0109364234	0.216648909	25.4637551	17.1779652	-3860.40711	300.133422	13.5446948	0	0	0	0	0	3
23	14	0.01174376	0.226496586	22.6548168	17.5544769	-3860.40711	300.133422	13.5446948	0	0	0	0	0	3
24	14	0.0126501397	0.236344264	22.887734	17.9366036	-3860.40711	300.133422	13.5446948	0	0	0	0	0	3
25	15	0.0135652677	0.246191942	21.6375752	18.1862752	-3860.40711	300.133422	13.5446948	0	0	0	0	0	3
26	16	0.0148903751	0.25603962	23.5221696	18.6611211	-3860.40711	300.133422	13.5446948	0	0	0	0	0	3
27	16	0.0163021381	0.265887297	8.97924122	17.8226717	-3860.40711	300.133422	13.5446948	0	0	0	0	0	3
28	17	0.0171430274	0.275734975	21.2475448	17.9906665	-3860.40711	300.133422	13.5446948	0	0	0	0	0	3
29	18	0.0178925957	0.285582653	19.5784922	18.0571847	-3860.40711	300.133422	13.5446948	0	0	0	0	0	3
30	18	0.0188270382	0.29543033	14.9386915	17.9024045	-3860.40711	300.133422	13.5446948	0	0	0	0	0	3
31	19	0.0204981416	0.305278008	15.3012888	17.6903495	-3860.40711	300.133422	13.5446948	0	0	0	0	0	3
32	19	0.0215811903	0.315125686	9.12066329	17.2602811	-3860.40711	300.133422	13.5446948	0	0	0	0	0	3
33	20	0.0226881034	0.324973363	10.4380099	16.9274343	-3860.40711	300.133422	13.5446948	0	0	0	0	0	3
34	20	0.0237672396	0.334821041	15.6760254	16.8706149	-3860.40711	300.133422	13.5446948	0	0	0	0	0	3
35	21	0.0247754727	0.344668719	21.8281263	17.0723599	-3860.40711	300.133422	13.5446948	0	0	0	0	0	3
36	21	0.0261236008	0.354516396	24.1142254	17.4357607	-3860.40711	300.133422	13.5446948	0	0	0	0	0	3
37	22	0.0271979356	0.364364074	29.1123475	17.8969929	-3860.40711	300.133422	13.5446948	0	0	0	0	0	3
38	22	0.0283610386	0.374211752	33.786911	18.5486478	-3860.40711	300.133422	13.5446948	0	0	0	0	0	3
39	23	0.029698846	0.384059429	33.780779	19.2347909	-3860.40711	300.133422	13.5446948	0	0	0	0	0	3
40	23	0.0312244874	0.393907107	32.8207263	19.8986053	-3860.40711	300.133422	13.5446948	0	0	0	0	0	3
41	23	0.0329621346	0.403754785	29.0938656	20.3833469	-3860.40711	300.133422	13.5446948	0	0	0	0	0	3
42	24	0.0344988086	0.413602462	27.6335126	20.7062897	-3860.40711	300.133422	13.5446948	0	0	0	0	0	3
43	24	0.0362554121	0.42345014	28.2322563	21.0709288	-3860.40711	300.133422	13.5446948	0	0	0	0	0	3
44	25	0.0379871105	0.433297818	26.5674654	21.3214965	-3860.40711	300.133422	13.5446948	0	0	0	0	0	3
45	26	0.0394186135	0.443145495	28.434117	21.5797942	-3860.40711	300.133422	13.5446948	0	0	0	0	0	3
46	26	0.0399345739	0.452993173	42.661767	21.8521763	-3860.40711	300.133422	13.5446948	0	0	0	0	0	3
47	27	0.0405677857	0.462840851	33.3745154	22.0320254	-3860.40711	300.133422	13.5446948	0	0	0	0	0	3
48	27	0.0413964641	0.472688528	42.9855562	22.4514753	-3860.40711	300.133422	13.5446948	0	0	0	0	0	3
49	28	0.0425270849	0.482536206	38.939277	22.8898183	-3860.40711	300.133422	13.5446948	0	0	0	0	0	3
50	28	0.0438537206	0.492383884	37.936291	23.3449949	-3860.40711	300.133422	13.5446948	0	0	0	0	0	3
51	29	0.0448349749	0.502231561	23.8864693	23.3568456	-3860.40711	300.133422	13.5446948	0	0	0	0	0	3
52	30	0.0457679415	0.512079239	37.6929058	22.8021659	-3860.40711	300.133422	7.91311672	0	0	0	0	0	3
53	30	0.0470840226	0.521926917	23.3046535	24.1746857	-361.011798	300.133422	8.73095685	0	0	0	0	0	3
54	31	0.0485415404	0.531774594	28.2446378	24.5227751	-69.4200268	300.133422	9.07904629	0	0	0	0	0	3
55	31	0.049771785	0.541622272	19.3326571	24.2223847	-69.4200268	93.4585865	9.07904629	0	0	0	0	0	3
56	32	0.0508078802	0.55146995	17.063785	24.0147841	-69.4200268	42.9855562	9.07904629	0	0	0	0	0	3
57	32	0.0521922924	0.561317627	11.5721744	23.6573358	-69.4200268	42.9855562	9.07904629	0	0	0	0	0	3
58	33	0.0536357086	0.571165305	7.26430818	23.2521657	-68.8111724	42.9855562	9.07904629	0	0	0	0	0	3
59	33	0.055015834	0.581012983	12.0410791	23.0389757	-56.4451328	42.9855562	9.07904629	0	0	0	0	0	3
60	34	0.0561893969	0.59086066	20.8827242	23.0460202	-56.4451328	42.9855562	9.07904629	0	0	0	0	0	3
61	34	0.0576646694	0.600708338	23.89366	23.181514	-43.4518524	42.9855562	9.07904629	0	0	0	0	0	3
62	35	0.0589129824	0.610556016	27.3093721	23.4353612	-8.05993691	42.9855562	9.07904629	0	0	0	0	0	3
63	35	0.0602285636	0.620403693	26.8423987	23.6036519	-0.605450284	42.9855562	9.07904629	0	0	0	0	0	3
64	35	0.0616472887	0.630251371	29.5581095	23.7670835	-0.605450284	42.9855562	9.07904629	0	0	0	0	0	3
65	36	0.0631289339	0.640099049	29.3758496	23.9072503	-0.605450284	42.9855562	9.07904629	0	0	0	0	0	3
66	36	0.0647382989	0.649946726	27.0301197	24.082721	7.26430818	42.9855562	9.07904629	0	0	0	0	0	3
67	37	0.066449768	0.659794404	29.5658898	24.2586406	7.26430818	42.9855562	9.07904629	0	0	0	0	0	3
68	37	0.068144949	0.669642082	24.5503174	24.3443697	7.26430818	42.9855562	9.07904629	0	0	0	0	0	3
69	38	0.0697817833	0.679489759	27.2862628	24.5191873	7.26430818	42.9855562	8.97268074	0	0	0	0	0	3
70	38	0.0710281169	0.689337437	33.7678674	24.745636	7.26430818	42.9855562	8.83017083	0	0	0	0	0	3
71	39	0.0715829305	0.699185115	38.8936198	24.8843079	7.26430818	42.9855562	8.39563393	0	0	0	0	0	3
72	40	0.0722845791	0.709032792	42.2964782	25.0958498	7.26430818	42.9855562	8.22523492	0	0	0	0	0	3
73	40	0.0733972852	0.71888047	43.0295848	25.4103822	7.26430818	43.0295848	8.53976729	0	0	0	0	0	3
74	41	0.0741782272	0.728728148	41.0005833	25.6410194	7.26430818	43.0295848	8.77040452	0	0	0	0	0	3
75	41	0.0752705491	0.738575825	36.861456	25.8765952	7.26430818	43.0295848	9.00598028	0	0	0	0	0	3
76	42	0.0761660255	0.748423503	29.3628913	25.9884332	7.26430818	43.0295848	9.11781825	0	0	0	0	0	3
77	42	0.0770001396	0.758271181	34.7868673	26.1592109	7.26430818	43.0295848	9.28859593	0	0	0	0	0	3
78	43	0.0784242895	0.768118859	26.2279503	26.5512118	7.26430818	43.0295848	9.68059684	0	0	0	0	0	3
79	43	0.0800337827	0.777966536	21.7666561	26.4996794	7.26430818	43.0295848	9.68059684	0	0	0	0	0	3
80	44	0.0810755409	0.787814214	20.2131796	26.478137	7.26430818	43.0295848	9.68059684	0	0	0	0	0	3
81	44	0.0824488768	0.797661892	17.4449737	26.4526329	7.26430818	43.0295848	9.68059684	0	0	0	0	0	3
82	45	0.0834705255	0.807509569	12.7209719	26.5257779	7.26430818	43.0295848	9.68059684	0	0	0	0	0	3
83	45	0.0849256057	0.817357247	12.8493617	26.5092066	7.26430818	43.0295848	9.68059684	0	0	0	0	0	3
84	46	0.0866598686	0.827204925	15.2902885	26.4831462	7.26430818	43.0295848	9.68059684	0	0	0	0	0	3
85	46	0.0879988662	0.837052602	22.3644634	26.5788537	7.26430818	43.0295848	9.50649377	0	0	0	0	0	3
86	47	0.0897150661	0.84690028	25.9252768	26.6353396	7.26430818	43.0295848	9.19957888	0	0	0	0	0	3
87	47	0.0910914888	0.856747958	31.0073443	26.7802806	7.26430818	43.0295848	8.88328772	0	0	0	0	0	3
88	48	0.0924787163	0.866595635	32.5071778	26.863599	7.26430818	43.0295848	8.31495116	0	0	0	0	0	3
89	48	0.0940229058	0.876443313	30.1807389	26.8189729	7.26430818	43.0295848	7.62880804	0	0	0	0	0	3
90	48	0.0957029772	0.886290991	27.7364591	26.7012209	7.26430818	43.0295848	6.96499364	0	0	0	0	0	3
91	49	0.0973160945	0.896138668	27.3478457	26.5757422	7.26430818	43.0295848	6.48025202	0	0	0	0	0	3
92	50	0.0989509276	0.905986346	30.1888615	26.5989467	7.26430818	43.0295848	6.15730924	0	0	0	0	0	3
93	50	0.100256464	0.915834024	30.4066155	26.6503668	7.26430818	43.0295848	5.79267018	0	0	0	0	0	3
94	51	0.101421324	0.925681701	28.8858328	26.6476852	7.26430818	43.0295848	5.54210246	0	0	0	0	0	3
95	51	0.10250023	0.935529379	29.976435	26.7055079	7.26430818	43.0295848	5.28380476	0	0	0	0	0	3
96	52	0.103054122	0.945377057	33.8482494	26.7287936	7.26430818	43.0295848	5.01142266	0	0	0	0	0	3
97	52	0.103607729	0.955224734	41.1900446	26.7254181	7.26430818	43.0295848	4.83157352	0	0	0	0	0	3
98	53	0.104742474	0.965072412	40.3644636	26.9009789	7.26430818	43.0295848	4.44950364	0	0	0	0	0	3
99	54	0.105840514	0.97492009	36.4547225	26.8569321	7.26430818	43.0295848	4.09881296	0	0	0	0	0	3
100	54	0.107229977	0.984767767	34.4431198	26.8087144	7.26430818	43.0295848	4.09881296	0	0	0	0	0	3
101	55	0.108172087	0.994615445	35.2253575	26.7024798	7.26430818	43.0295848	4.09881296	0	0	0	0	0	3
102	56	0.109510497	1.00446312	32.0252484	26.8553547	7.26430818	43.0295848	4.09881296	72.3795341	0	100	0	0	3
103	56	0.111015166	1.0143108	24.8133895	26.6532993	7.26430818	43.0295848	3.86200322	72.3795341	0	100	0	0	3
104	57	0.11252137	1.02415848	21.1411033	26.5937706	7.26430818	43.0295848	3.86200322	72.3795341	0	100	0	0	3
105	58	0.113792873	1.03400616	20.2587905	26.4334502	7.26430818	43.0295848	3.86200322	72.3795341	0	100	0	0	3
106	58	0.114259148	1.04385383	3.91736025	26.406112	3.91736025	43.0295848	3.86200322	72.3795341	0	100	0	0	3
107	59	0.115604046	1.05370151	13.7025354	26.2918232	3.91736025	43.0295848	3.86200322	72.3795341	0	100	0	0	3
108	59	0.117165236	1.06354919	9.25248511	26.1960359	3.91736025	43.0295848	3.86200322	72.3795341	0	100	0	0	3
109	59	0.118711914	1.07339687	16.4367398	26.3839983	3.91736025	43.0295848	3.86200322	72.3795341	0	100	0	0	3
110	60	0.119781002	1.08324454	23.1923864	26.636957	3.91736025	43.0295848	3.85495868	72.3795341	0	100	0	0	3
111	60	0.121535655	1.09309222	27.5800927	26.7656228	3.91736025	43.0295848	3.71946492	72.3795341	0	100	0	0	3
112	61	0.122982515	1.1029399	28.0550465	26.8590512	3.91736025	43.0295848	3.46561771	72.3795341	0	100	0	0	3
113	61	0.12440617	1.11278758	31.3844374	26.9488384	3.91736025	43.0295848	3.34518647	72.3795341	0	100	0	0	3
114	62	0.125860434	1.12263525	30.6432139	27.0328316	3.91736025	43.0295848	3.26574813	72.3795341	0	100	0	0	3
115	62	0.127432244	1.13248293	28.4565934	27.0123893	3.91736025	43.0295848	3.12558127	72.3795341	0	100	0	0	3
116	63	0.129052162	1.14233061	28.4840504	26.9954326	3.91736025	43.0295848	2.95011056	72.3795341	0	100	0	0	3
117	63	0.130760535	1.15217829	26.6009013	26.9843783	3.91736025	43.0295848	2.77419097	72.3795341	0	100	0	0	3
118	64	0.132301183	1.16202597	28.061926	26.9424953	3.91736025	43.0295848	2.6884619	72.3795341	0	100	0	0	3
119	64	0.133581184	1.17187364	33.1525819	27.1259425	3.91736025	43.0295848	2.60675522	72.3795341	0	100	0	0	3
120	65	0.134172193	1.18172132	38.3439301	27.2248316	3.91736025	43.0295848	2.47919565	72.3795341	0	100	0	0	3
121	65	0.134717437	1.191569	39.1817033	27.1991539	3.91736025	43.0295848	2.34052366	72.3795341	0	100	0	0	3
122	66	0.13561131	1.20141668	48.5916096	27.3964709	3.91736025	48.5916096	2.3006211	72.3795341	0	100	0	0	3
123	67	0.136631187	1.21126435	42.3721318	27.4713584	3.91736025	48.5916096	2.06097621	72.3795341	0	100	0	0	3
124	67	0.137740265	1.22111203	40.2049472	27.4217931	3.91736025	48.5916096	1.83033899	72.3795341	0	100	0	0	3
125	68	0.138845696	1.23095971	33.6559706	27.3643795	3.91736025	48.5916096	1.59476323	72.3795341	0	100	0	0	3
126	69	0.140035819	1.24080739	34.591028	27.3369996	3.91736025	48.5916096	1.48292526	72.3795341	0	100	0	0	3
127	69	0.141432784	1.25065506	-22.7611693	26.2369064	-22.7611693	48.5916096	1.31214757	72.3795341	0	100	0	0	3
128	70	0.141571411	1.26050274	260.839665	26.6301237	-22.7611693	260.839665	1.2753225	72.3795341	0	100	0	0	3
129	70	0.141847893	1.27035042	78.3873334	26.8647794	-22.7611693	260.839665	1.2753225	72.3795341	0	100	0	0	3
130	71	0.142503122	1.2801981	18.2623866	26.9059013	-22.7611693	260.839665	1.2753225	72.3795341	0	100	0	0	3
131	71	0.142796256	1.29004578	52.7243634	27.141486	-22.7611693	260.839665	1.2753225	72.3795341	0	100	0	0	3
132	72	0.143480582	1.29989345	24.9589356	27.3352048	-22.7611693	260.839665	1.2753225	72.3795341	0	100	0	0	3
133	72	0.144075855	1.30974113	20.1141489	27.5106368	-22.7611693	260.839665	1.31460087	72.3795341	0	100	0	0	3
134	73	0.144699194	1.31958881	4.95676097	27.6323395	-22.7611693	260.839665	1.43630356	72.3795341	0	100	0	0	3
135	73	0.145193367	1.32943649	3.64336739	27.7954885	-22.7611693	260.839665	1.59945254	72.3795341	0	100	0	0	3
136	74	0.145804307	1.33928416	2.64517675	27.6554805	-22.7611693	260.839665	1.59945254	72.3795341	0	100	0	0	3
137	74	0.146729423	1.34913184	-8.67504847	27.1180623	-22.7611693	260.839665	1.59945254	72.3795341	0	100	0	0	3
138	75	0.147399648	1.35897952	4.31987761	26.7516286	-22.7611693	260.839665	1.59945254	72.3795341	0	100	0	0	3
139	75	0.148150538	1.3688272	4.02424098	26.3016698	-22.7611693	260.839665	1.59945254	72.3795341	0	100	0	0	3
140	76	0.149200014	1.37867487	7.19914662	25.8297775	-22.7611693	260.839665	1.96571098	72.3795341	0	100	0	0	3
141	76	0.150660683	1.38852255	18.5890003	25.5790439	-22.7611693	260.839665	2.21644456	72.3795341	0	100	0	0	3
142	77	0.152114839	1.39837023	10.8959867	25.1373413	-22.7611693	260.839665	2.65814712	72.3795341	0	100	0	0	3
143	77	0.153497706	1.40821791	25.1949668	24.9874021	-22.7611693	260.839665	2.80808638	72.3795341	0	100	0	0	3
144	78	0.155617278	1.41806558	23.7432134	24.8119688	-22.7611693	260.839665	2.98351965	72.3795341	0	100	0	0	3
145	78	0.157068223	1.42791326	32.7721855	24.9342463	-22.7611693	260.839665	2.98351965	72.3795341	0	100	0	0	3
146	78	0.158123244	1.43776094	26.9578502	24.8748266	-22.7611693	260.839665	2.98351965	72.3795341	0	100	0	0	3
147	79	0.159951138	1.44760862	27.1317001	24.8599756	-22.7611693	260.839665	2.98351965	72.3795341	0	100	0	0	3
148	79	0.161676183	1.4574563	29.2327907	24.8341932	-22.7611693	260.839665	2.98351965	72.3795341	0	100	0	0	3
149	80	0.163433298	1.46730397	27.0967518	24.601664	-22.7611693	260.839665	3.19382449	72.3795341	0	100	0	0	3
150	80	0.164830922	1.47715165	28.314671	24.4690027	-22.7611693	260.839665	3.32648573	72.3795341	0	100	0	0	3
151	81	0.165564341	1.48699933	34.3235214	24.3553275	-22.7611693	260.839665	3.44016097	72.3795341	0	100	0	0	3
152	82	0.166281529	1.49684701	35.2841844	24.3139794	-22.7611693	260.839665	3.48150908	72.3795341	0	100	0	0	3
153	82	0.167191659	1.50669468	45.0753841	24.4626367	-22.7611693	260.839665	3.48150908	72.3795341	0	100	0	0	3
154	83	0.1682597	1.51654236	40.3618011	24.7500563	-22.7611693	260.839665	3.48150908	72.3795341	0	100	0	0	3
155	84	0.169320699	1.52639004	37.5633172	25.0851073	-22.7611693	260.839665	3.48150908	72.3795341	0	100	0	0	3
156	84	0.17075593	1.53623772	32.2799231	25.3741175	-22.7611693	260.839665	3.48150908	72.3795341	0	100	0	0	3
157	85	0.171863428	1.54608539	30.4950912	25.6462537	-22.7611693	260.839665	3.48150908	72.3795341	0	100	0	0	3
158	85	0.173280021	1.55593307	22.7328452	25.8532024	-22.7611693	260.839665	3.48150908	72.3795341	0	100	0	0	3
159	86	0.174338169	1.56578075	29.9539567	26.3824053	-22.7611693	260.839665	3.48150908	72.3795341	0	100	0	0	3
160	86	0.175855444	1.57562843	19.9826235	26.4816731	-22.7611693	260.839665	3.48150908	72.3795341	0	100	0	0	3
161	87	0.176983651	1.58547611	18.0539879	26.3769289	-22.7611693	260.839665	3.48150908	72.3795341	0	100	0	0	3
162	87	0.178364004	1.59532378	13.1458691	26.018399	-22.7611693	260.839665	3.48150908	72.3795341	0	100	0	0	3
163	88	0.179855744	1.60517146	11.6824795	25.5905667	-22.7611693	260.839665	3.48150908	72.3795341	0	100	0	0	3
164	88	0.181709537	1.61501914	18.8156678	25.2274513	-22.7611693	260.839665	3.48150908	72.3795341	0	100	0	0	3
165	89	0.182791295	1.62486682	20.9485571	25.0078045	-22.7611693	260.839665	3.48150908	72.3795341	0	100	0	0	3
166	89	0.184316677	1.63471449	29.8218015	25.0415984	-22.7611693	260.839665	3.48150908	72.3795341	0	100	0	0	3
167	89	0.18567761	1.64456217	28.4938993	25.0260906	-22.7611693	260.839665	3.48150908	72.3795341	0	100	0	0	3
168	90	0.187066514	1.65440985	28.7950641	25.071279	-22.7611693	260.839665	3.48150908	72.3795341	0	100	0	0	3
169	90	0.188523719	1.66425753	29.7122944	25.1096154	-22.7611693	260.839665	3.48150908	72.3795341	0	100	0	0	3
170	91	0.190146264	1.6741052	27.7349942	25.0029205	-22.7611693	260.839665	3.48150908	72.3795341	0	100	0	0	3
171	91	0.191768144	1.68395288	27.6057194	24.9393183	-22.7611693	260.839665	3.48150908	72.3795341	0	100	0	0	3
172	92	0.193533076	1.69380056	27.9433547	24.8974306	-22.7611693	260.839665	3.48150908	72.3795341	0	100	0	0	3
173	92	0.195090862	1.70364824	28.4162442	24.6335075	-22.7611693	260.839665	3.48150908	72.3795341	0	100	0	0	3
174	93	0.19634476	1.71349592	32.8430916	24.5029305	-22.7611693	260.839665	3.48150908	72.3795341	0	100	0	0	3
175	94	0.196829827	1.72334359	38.9966597	24.3271915	-22.7611693	260.839665	3.48150908	72.3795341	0	100	0	0	3
176	94	0.197447311	1.73319127	36.8315409	24.2829762	-22.7611693	260.839665	3.51251222	72.3795341	0	100	0	0	3
177	95	0.198328028	1.74303895	43.1413739	24.3574469	-22.7611693	260.839665	3.51251222	72.3795341	0	100	0	0	3
178	95	0.19933402	1.75288663	42.9905287	25.8179991	-8.67504847	260.839665	3.51251222	72.3795341	0	100	0	0	3
179	96	0.199977378	1.7627343	35.5029992	25.3668579	-8.67504847	78.3873334	3.51251222	72.3795341	0	100	0	0	3
180	97	0.200966211	1.77258198	33.1869465	25.2496953	-8.67504847	52.7243634	3.51251222	72.3795341	0	100	0	0	3
181	97	0.20199596	1.78242966	29.7747624	25.4049739	-8.67504847	52.7243634	3.51251222	72.3795341	0	100	0	0	3
182	98	0.202929838	1.79227734	33.5416498	25.398163	-8.67504847	45.0753841	3.51251222	72.3795341	0	100	0	0	3
183	98	0.204204301	1.80212501	25.6590931	25.4085892	-8.67504847	45.0753841	3.51251222	72.3795341	0	100	0	0	3
184	99	0.20597929	1.81197269	21.152754	25.3374716	-8.67504847	45.0753841	3.51251222	72.3795341	0	100	0	0	3
185	99	0.207072085	1.82182037	17.2729682	25.3998586	-8.67504847	45.0753841	3.51251222	72.3795341	0	100	0	0	3
186	100	0.208710311	1.83166805	15.398151	25.3111641	-8.67504847	45.0753841	3.37250425	72.3795341	0	100	0	0	3
187	100	0.210309299	1.84151572	14.8641159	25.266871	-8.67504847	45.0753841	2.83508608	72.3795341	0	100	0	0	3
188	101	0.211784109	1.8513634	18.4133544	25.5941734	4.02424098	45.0753841	2.46865238	72.3795341	0	100	0	0	3
189	101	0.213175557	1.86121108	19.7945332	25.6882604	4.02424098	45.0753841	2.19869681	72.3795341	0	100	0	0	3
190	101	0.214712459	1.87105876	25.5113406	25.9285689	7.19914662	45.0753841	2.19869681	72.3795341	0	100	0	0	3
191	102	0.216063419	1.88090644	29.8387201	26.3015462	10.8959867	45.0753841	2.19869681	72.3795341	0	100	0	0	3
192	102	0.217499527	1.89075411	30.6954888	26.5645019	10.8959867	45.0753841	2.28152566	72.3795341	0	100	0	0	3
193	103	0.219020589	1.90060179	28.9137314	26.958456	11.6824795	45.0753841	2.67547976	72.3795341	0	100	0	0	3
194	103	0.220584	1.91044947	27.7354607	27.012915	11.6824795	45.0753841	2.72993871	72.3795341	0	100	0	0	3
195	104	0.222192513	1.92029715	27.5687749	27.1304432	11.6824795	45.0753841	2.847467	72.3795341	0	100	0	0	3
196	104	0.223932356	1.93014482	30.0761724	27.0846675	11.6824795	45.0753841	2.847467	72.3795341	0	100	0	0	3
197	105	0.225423285	1.9399925	27.4376207	27.0944747	11.6824795	45.0753841	2.847467	72.3795341	0	100	0	0	3
198	105	0.226838985	1.94984018	28.0933567	27.114599	11.6824795	45.0753841	2.847467	72.3795341	0	100	0	0	3
199	106	0.227845483	1.95968786	29.8268284	27.100633	11.6824795	45.0753841	2.847467	72.3795341	0	100	0	0	3
200	106	0.228422257	1.96953553	37.5260113	27.1932627	11.6824795	45.0753841	2.91028647	72.3795341	0	100	0	0	3
201	107	0.228993462	1.97938321	41.7879071	27.2987639	11.6824795	45.0753841	3.0157877	72.3795341	0	100	0	0	3
202	108	0.229997251	1.98923089	44.6542178	27.4891808	11.6824795	45.0753841	3.20620459	72.3795341	0	100	0	0	3
203	109	0.231000268	1.99907857	41.4383401	27.618985	11.6824795	45.0753841	3.3360088	72.3795341	0	100	0	0	3
204	109	0.232115297	2.00892625	36.2471909	27.522458	11.6824795	44.6542178	3.3360088	72.3795341	0	100	0	0	3
205	110	0.23333404	2.01877392	32.4040782	27.4031559	11.6824795	44.6542178	3.3360088	72.3795341	0	100	0	0	3
206	110	0.234804298	2.0286216	25.9614558	27.2061663	11.6824795	44.6542178	3.3360088	72.3795341	0	100	0	0	3
207	111	0.235531561	2.03846928	39.8317728	27.2355003	11.6824795	44.6542178	3.3360088	72.3795341	0	100	0	0	3
208	112	0.236601546	2.04831696	25.8413256	27.1566946	11.6824795	44.6542178	3.3360088	72.3795341	0	100	0	0	3
209	112	0.237855215	2.05816463	31.3848143	27.3358261	11.6824795	44.6542178	3.3360088	72.3795341	0	100	0	0	3
210	113	0.238758458	2.06801231	19.6263547	27.1847263	11.6824795	44.6542178	3.3360088	72.3795341	0	100	0	0	3
211	113	0.239800922	2.07785999	16.2210134	27.1768803	11.6824795	44.6542178	3.3360088	72.3795341	0	100	0	0	3
212	114	0.241393353	2.08770767	7.21045703	26.8430387	7.21045703	44.6542178	3.3360088	72.3795341	0	100	0	0	3
213	114	0.242457417	2.09755534	8.22970443	26.8290147	7.21045703	44.6542178	3.3360088	72.3795341	0	100	0	0	3
214	115	0.243928012	2.10740302	12.8828247	26.8615638	7.21045703	44.6542178	3.3360088	72.3795341	0	100	0	0	3
215	115	0.245106109	2.1172507	20.9606246	26.9871786	7.21045703	44.6542178	3.3360088	72.3795341	0	100	0	0	3
216	116	0.24670845	2.12709838	24.4896003	27.0267666	7.21045703	44.6542178	3.3360088	72.3795341	0	100	0	0	3
217	116	0.247935943	2.13694606	29.642994	27.0102292	7.21045703	44.6542178	3.3360088	72.3795341	0	100	0	0	3
218	116	0.249255996	2.14679373	30.3747803	27.0483272	7.21045703	44.6542178	3.3360088	72.3795341	0	100	0	0	3
219	117	0.250796973	2.15664141	30.4792256	27.0932176	7.21045703	44.6542178	3.3360088	72.3795341	0	100	0	0	3
220	117	0.252387986	2.16648909	26.7479148	27.0248553	7.21045703	44.6542178	3.3360088	72.3795341	0	100	0	0	3
221	118	0.253963863	2.17633677	27.3843963	27.0156785	7.21045703	44.6542178	3.3360088	72.3795341	0	100	0	0	3
222	118	0.255712098	2.18618444	28.2863726	27.0354535	7.21045703	44.6542178	3.3360088	72.3795341	0	100	0	0	3
223	119	0.257329319	2.19603212	28.0435548	27.0358915	7.21045703	44.6542178	3.3360088	72.3795341	0	100	0	0	3
224	119	0.258512804	2.2058798	29.6233239	27.0502697	7.21045703	44.6542178	3.3360088	72.3795341	0	100	0	0	3
225	120	0.259491686	2.21572748	29.9528444	26.9802372	7.21045703	44.6542178	3.3360088	72.3795341	0	100	0	0	3
226	121	0.260025804	2.22557515	37.5741588	26.9775413	7.21045703	44.6542178	3.3360088	72.3795341	0	100	0	0	3
227	121	0.26054805	2.23542283	39.2149144	26.9823945	7.21045703	44.6542178	3.26153816	72.3795341	0	100	0	0	3
228	122	0.261517222	2.24527051	43.3447488	27.0081338	7.21045703	44.6542178	2.36928977	72.3795341	0	100	0	0	3
229	122	0.262648309	2.25511819	38.127396	26.9528335	7.21045703	44.6542178	2.36928977	72.3795341	0	100	0	0	3
230	123	0.263673071	2.26496586	34.0495549	26.9806475	7.21045703	44.6542178	2.36928977	72.3795341	0	100	0	0	3
231	124	0.265010674	2.27481354	28.8183163	26.9232042	7.21045703	44.6542178	2.35211403	72.3795341	0	100	0	0	3
232	124	0.26574252	2.28466122	31.8197292	26.9333556	7.21045703	44.6542178	2.35211403	72.3795341	0	100	0	0	3
233	125	0.26697486	2.2945089	33.324488	26.959973	7.21045703	44.6542178	2.35211403	72.3795341	0	100	0	0	3
234	125	0.268464427	2.30435658	6.67693452	26.5156069	6.67693452	44.6542178	2.35211403	72.3795341	0	100	0	0	3
235	126	0.269159927	2.31420425	61.3615843	27.0498589	6.67693452	61.3615843	2.35211403	72.3795341	0	100	0	0	3
236	126	0.26990916	2.32405193	22.4902297	27.1655217	6.67693452	61.3615843	2.35211403	72.3795341	0	100	0	0	3
237	127	0.271206568	2.33389961	19.9325403	27.3238269	6.67693452	61.3615843	2.35211403	72.3795341	0	100	0	0	3
238	127	0.272515853	2.34374729	13.8418177	27.3603365	6.67693452	61.3615843	2.02481166	72.3795341	0	100	0	0	3
239	128	0.273870325	2.35359496	9.91544717	27.1922876	6.67693452	61.3615843	1.93072459	72.3795341	0	100	0	0	3
240	128	0.275302289	2.36344264	11.9820374	27.0073925	6.67693452	61.3615843	1.69041616	72.3795341	0	100	0	0	3
241	129	0.276730448	2.37329032	17.5458115	26.8265843	6.67693452	61.3615843	1.31743885	72.3795341	0	100	0	0	3
242	129	0.277892475	2.383138	23.9545264	26.7067913	6.67693452	61.3615843	1.10337818	72.3795341	0	100	0	0	3
243	130	0.278967807	2.39298567	28.1604837	26.6390328	6.67693452	61.3615843	1.10337818	72.3795341	0	100	0	0	3
244	130	0.280217625	2.40283335	26.8072696	26.5859307	6.67693452	61.3615843	1.10337818	72.3795341	0	100	0	0	3
245	130	0.281626228	2.41268103	30.6845379	26.6510679	6.67693452	61.3615843	1.10337818	72.3795341	0	100	0	0	3
246	131	0.283062113	2.42252871	28.8845406	26.6795036	6.67693452	61.3615843	1.10337818	72.3795341	0	100	0	0	3
247	131	0.284591643	2.43237639	26.3641323	26.5741275	6.67693452	61.3615843	1.10337818	72.3795341	0	100	0	0	3
248	132	0.286194619	2.44222406	27.5362762	26.5783218	6.67693452	61.3615843	1.10337818	72.3795341	0	100	0	0	3
249	132	0.287746362	2.45207174	27.0502152	26.5551295	6.67693452	61.3615843	1.10337818	72.3795341	0	100	0	0	3
250	133	0.289312056	2.46191942	28.8954456	26.5611696	6.67693452	61.3615843	1.10337818	72.3795341	0	100	0	0	3
251	133	0.290599455	2.4717671	31.9251774	26.5705199	6.67693452	61.3615843	1.10337818	72.3795341	0	100	0	0	3
252	134	0.291108949	2.48161477	41.6076749	26.5539234	6.67693452	61.3615843	1.10337818	72.3795341	0	100	0	0	3
253	135	0.291749292	2.49146245	39.4150068	26.3930643	6.67693452	61.3615843	1.22592069	72.3795341	0	100	0	0	3
254	135	0.292660069	2.50131013	45.7439544	26.4341555	6.67693452	61.3615843	1.1293937	72.3795341	0	100	0	0	3
255	136	0.293629057	2.51115781	37.1324683	26.4248035	6.67693452	61.3615843	1.01009152	72.3795341	0	100	0	0	3
256	136	0.294759953	2.52100548	32.9234006	26.4258135	6.67693452	61.3615843	0.967272165	72.3795341	0	100	0	0	3
257	137	0.296131084	2.53085316	33.2894433	26.5904016	6.67693452	61.3615843	0.967272165	72.3795341	0	100	0	0	3
258	137	0.297405497	2.54070084	32.6562499	26.5597009	6.67693452	61.3615843	0.967272165	72.3795341	0	100	0	0	3
259	138	0.298808845	2.55054852	27.7076445	26.5979539	6.67693452	61.3615843	0.967272165	72.3795341	0	100	0	0	3
260	138	0.300388867	2.5603962	27.0576166	26.5136015	6.67693452	61.3615843	0.967272165	72.3795341	0	100	0	0	3
261	139	0.301616093	2.57024387	19.4308608	26.4742862	6.67693452	61.3615843	0.967272165	72.3795341	0	100	0	0	3
262	139	0.303321208	2.58009155	13.6454448	26.2981852	6.67693452	61.3615843	1.06215127	72.3795341	0	100	0	0	3
263	140	0.304805434	2.58993923	14.4300859	26.4997391	6.67693452	61.3615843	1.06215127	72.3795341	0	100	0	0	3
264	140	0.306104846	2.59978691	19.4668523	26.6615974	6.67693452	61.3615843	1.06215127	72.3795341	0	100	0	0	3
265	141	0.307395306	2.60963458	21.1133314	26.868053	6.67693452	61.3615843	1.06215127	72.3795341	0	100	0	0	3
266	141	0.309097534	2.61948226	24.1761323	26.9052027	6.67693452	61.3615843	1.06215127	72.3795341	0	100	0	0	3
267	142	0.310613146	2.62932994	28.1804949	26.9960171	6.67693452	61.3615843	1.06215127	72.3795341	0	100	0	0	3
268	142	0.311967834	2.63917762	30.2038405	27.0131407	6.67693452	61.3615843	1.06215127	72.3795341	0	100	0	0	3
269	143	0.313512015	2.64902529	29.9002245	27.0134619	6.67693452	61.3615843	1.06215127	72.3795341	0	100	0	0	3
270	143	0.315092228	2.65887297	26.6124074	26.9205403	6.67693452	61.3615843	1.06215127	72.3795341	0	100	0	0	3
271	144	0.316709114	2.66872065	28.4376375	26.9629467	6.67693452	61.3615843	1.06215127	72.3795341	0	100	0	0	3
272	144	0.318481689	2.67856833	29.5469399	27.0236457	6.67693452	61.3615843	1.06215127	72.3795341	0	100	0	0	3
273	145	0.319744458	2.688416	29.3135481	27.0343289	6.67693452	61.3615843	1.06215127	72.3795341	0	100	0	0	3
274	145	0.321140816	2.69826368	27.3630733	27.0159452	6.67693452	61.3615843	1.06215127	72.3795341	0	100	0	0	3
275	146	0.322041154	2.70811136	29.9879646	27.0094919	6.67693452	61.3615843	1.06215127	72.3795341	0	100	0	0	3
276	147	0.322654918	2.71795904	34.4591298	27.0362657	6.67693452	61.3615843	1.06215127	72.3795341	0	100	0	0	3
277	147	0.323161095	2.72780672	37.9518102	27.0346299	6.67693452	61.3615843	1.06215127	72.3795341	0	100	0	0	3
278	148	0.324152458	2.73765439	42.8715114	27.1814591	6.67693452	61.3615843	1.06215127	72.3795341	0	100	0	0	3
279	148	0.325167069	2.74750207	41.4933543	27.1634858	6.67693452	61.3615843	1.06215127	72.3795341	0	100	0	0	3
280	149	0.325963503	2.75734975	32.9924798	27.0409445	6.67693452	61.3615843	1.06215127	72.3795341	0	100	0	0	3
281	150	0.327209014	2.76719743	31.1625832	27.0087011	6.67693452	61.3615843	1.06215127	72.3795341	0	100	0	0	3
282	150	0.328354553	2.7770451	31.7305165	27.0558798	6.67693452	61.3615843	1.06215127	72.3795341	0	100	0	0	3
283	151	0.329124601	2.78689278	26.995578	27.000141	6.67693452	61.3615843	1.06215127	72.3795341	0	100	0	0	3
284	151	0.330645355	2.79674046	25.9971483	26.8537772	6.67693452	61.3615843	1.06215127	72.3795341	0	100	0	0	3
285	152	0.332261929	2.80658814	20.1220609	27.1542974	9.91544717	61.3615843	1.06215127	72.3795341	0	100	0	0	3
286	152	0.333423847	2.81643581	19.8296949	26.6516553	9.91544717	45.7439544	1.06215127	72.3795341	0	100	0	0	3
287	153	0.334619324	2.82628349	15.5027383	26.4938688	9.91544717	45.7439544	1.06215127	72.3795341	0	100	0	0	3
288	153	0.33598329	2.83613117	14.5367697	26.3735114	9.91544717	45.7439544	1.06215127	72.3795341	0	100	0	0	3
289	154	0.337334583	2.84597885	14.196667	26.3727873	9.91544717	45.7439544	0.894102377	72.3795341	0	100	0	0	3
290	154	0.339176689	2.85582653	22.5683686	26.6068053	11.9820374	45.7439544	0.883273839	72.3795341	0	100	0	0	3
291	155	0.339603248	2.8656742	24.5809038	26.9190553	13.6454448	45.7439544	0.883273839	72.3795341	0	100	0	0	3
292	155	0.341525802	2.87552188	29.4508894	27.2007741	13.6454448	45.7439544	0.90258887	72.3795341	0	100	0	0	3
293	156	0.343019431	2.88536956	31.6852681	27.3615432	13.6454448	45.7439544	1.06335792	72.3795341	0	100	0	0	3
294	156	0.344589859	2.89521724	31.3994634	27.4450842	13.6454448	45.7439544	1.14689899	72.3795341	0	100	0	0	3
295	156	0.346189392	2.90506491	28.3107751	27.4781568	13.6454448	45.7439544	1.17997153	72.3795341	0	100	0	0	3
296	157	0.347869737	2.91491259	27.6146723	27.4134391	13.6454448	45.7439544	1.17997153	72.3795341	0	100	0	0	3
297	157	0.349561748	2.92476027	31.7293466	27.4914881	13.6454448	45.7439544	1.19330283	72.3795341	0	100	0	0	3
298	158	0.350862357	2.93460795	24.2275454	27.4534503	13.6454448	45.7439544	1.19330283	72.3795341	0	100	0	0	3
299	158	0.352010714	2.94445562	25.4357507	27.4162283	13.6454448	45.7439544	1.19330283	72.3795341	0	100	0	0	3
300	159	0.353291605	2.9543033	30.7578265	27.4901952	13.6454448	45.7439544	1.19330283	72.3795341	0	100	0	0	3
301	160	0.354050891	2.96415098	33.6492761	27.5284461	13.6454448	45.7439544	1.23026084	72.3795341	0	100	0	0	3
302	161	0.354625661	2.97399866	38.1372047	27.5352752	13.6454448	45.7439544	1.23709001	72.3795341	0	100	0	0	3
303	162	0.355551839	2.98384633	45.2868334	27.6791436	13.6454448	45.7439544	1.38095835	72.3795341	0	100	0	0	3
304	162	0.356602745	2.99369401	41.1436374	27.7814505	13.6454448	45.7439544	1.48326527	72.3795341	0	100	0	0	3
305	163	0.357653522	3.00354169	37.3831876	27.6849708	13.6454448	45.2868334	1.48326527	72.3795341	0	100	0	0	3
306	164	0.35910352	3.01338937	33.5781897	27.675664	13.6454448	45.2868334	1.48326527	72.3795341	0	100	0	0	3
307	164	0.360225817	3.02323705	31.6836174	27.6537207	13.6454448	45.2868334	1.48326527	72.3795341	0	100	0	0	3
308	165	0.361725526	3.03308472	21.5365523	27.3960573	13.6454448	45.2868334	1.48326527	72.3795341	0	100	0	0	3
309	165	0.363018659	3.0429324	26.8646915	27.2834156	13.6454448	45.2868334	1.48326527	72.3795341	0	100	0	0	3
310	166	0.364276004	3.05278008	15.2848614	27.0438808	13.6454448	45.2868334	1.48326527	72.3795341	0	100	0	0	3
311	166	0.365857422	3.06262776	14.6694065	26.7446391	13.6454448	45.2868334	1.48326527	72.3795341	0	100	0	0	3
312	167	0.367527519	3.07247543	12.4495756	26.5186011	12.4495756	45.2868334	1.48326527	72.3795341	0	100	0	0	3
313	167	0.368898558	3.08232311	15.0190456	26.6129	12.4495756	45.2868334	1.40866323	72.3795341	0	100	0	0	3
314	168	0.370486244	3.09217079	23.3981162	26.8104917	12.4495756	45.2868334	1.40866323	72.3795341	0	100	0	0	3
315	168	0.371782203	3.10201847	24.226492	26.904796	12.4495756	45.2868334	1.40866323	72.3795341	0	100	0	0	3
316	169	0.37297857	3.11186614	31.7803207	27.1076918	12.4495756	45.2868334	1.40866323	72.3795341	0	100	0	0	3
317	169	0.37444231	3.12171382	30.987719	27.2709724	12.4495756	45.2868334	1.40866323	72.3795341	0	100	0	0	3
318	169	0.375970228	3.1315615	30.083471	27.3156314	12.4495756	45.2868334	1.40866323	72.3795341	0	100	0	0	3
319	170	0.377501684	3.14140918	29.6284691	27.3099761	12.4495756	45.2868334	1.40866323	72.3795341	0	100	0	0	3
320	170	0.379109453	3.15125686	28.6633205	27.282171	12.4495756	45.2868334	1.40866323	72.3795341	0	100	0	0	3
321	171	0.38079208	3.16110453	31.9457373	27.4177178	12.4495756	45.2868334	1.40866323	72.3795341	0	100	0	0	3
322	171	0.382122396	3.17095221	29.3244715	27.4312853	12.4495756	45.2868334	1.40866323	72.3795341	0	100	0	0	3
323	172	0.383189379	3.18079989	28.524083	27.3913494	12.4495756	45.2868334	1.40866323	72.3795341	0	100	0	0	3
324	173	0.384364493	3.19064757	30.7276033	27.4144566	12.4495756	45.2868334	1.40866323	72.3795341	0	100	0	0	3
325	173	0.385323144	3.20049524	30.4670322	27.4611689	12.4495756	45.2868334	1.40866323	72.3795341	0	100	0	0	3
326	174	0.38583341	3.21034292	37.729436	27.5076411	12.4495756	45.2868334	1.40866323	72.3795341	0	100	0	0	3
327	174	0.386429027	3.2201906	41.3100261	27.5696471	12.4495756	45.2868334	1.40866323	72.3795341	0	100	0	0	3
328	175	0.387521734	3.23003828	39.9047413	27.6974181	12.4495756	45.2868334	1.40866323	72.3795341	0	100	0	0	3
329	176	0.388581616	3.23988595	37.2880516	27.6217056	12.4495756	45.2868334	1.40866323	72.3795341	0	100	0	0	3
330	176	0.389375925	3.24973363	36.7266706	27.5151443	12.4495756	45.2868334	1.40866323	72.3795341	0	100	0	0	3
331	177	0.390565571	3.25958131	34.5287178	27.5767728	12.4495756	45.2868334	1.40866323	72.3795341	0	100	0	0	3
332	177	0.391968165	3.26942899	30.3794735	27.5685097	12.4495756	45.2868334	1.40866323	72.3795341	0	100	0	0	3
333	178	0.393448824	3.27927667	14.111862	27.189176	12.4495756	45.2868334	1.40866323	72.3795341	0	100	0	0	3
334	178	0.394699213	3.28912434	32.8675949	27.2997266	12.4495756	45.2868334	1.40866323	72.3795341	0	100	0	0	3
335	179	0.395907962	3.29897202	16.2382942	27.1252072	12.4495756	45.2868334	1.40866323	72.3795341	0	100	0	0	3
336	179	0.397211743	3.3088197	16.0176435	27.0765432	12.4495756	45.2868334	1.40866323	72.3795341	0	100	0	0	3
337	180	0.39851066	3.31866738	11.0218196	26.8855134	11.0218196	45.2868334	1.40866323	72.3795341	0	100	0	0	3
338	180	0.400304382	3.32851505	12.7125901	26.7056485	11.0218196	45.2868334	1.40866323	72.3795341	0	100	0	0	3
339	180	0.401573954	3.33836273	20.1912663	26.8326094	11.0218196	45.2868334	1.40866323	72.3795341	0	100	0	0	3
340	181	0.403053454	3.34821041	24.0437574	27.029642	11.0218196	45.2868334	1.26284945	72.3795341	0	100	0	0	3
341	181	0.404447462	3.35805809	28.2977269	27.1826333	11.0218196	45.2868334	1.26284945	72.3795341	0	100	0	0	3
342	182	0.405997561	3.36790576	32.0064636	27.3119697	11.0218196	45.2868334	1.26284945	72.3795341	0	100	0	0	3
343	182	0.407608771	3.37775344	31.3183674	27.3474246	11.0218196	45.2868334	1.26284945	72.3795341	0	100	0	0	3
344	183	0.409204191	3.38760112	28.0004694	27.265272	11.0218196	45.2868334	1.26284945	72.3795341	0	100	0	0	3
345	183	0.410865054	3.3974488	27.6073234	27.1758819	11.0218196	45.2868334	1.26284945	72.3795341	0	100	0	0	3
346	184	0.412606829	3.40729647	30.5990574	27.2383218	11.0218196	45.2868334	1.26284945	72.3795341	0	100	0	0	3
347	184	0.414098425	3.41714415	27.2381101	27.2287683	11.0218196	45.2868334	1.26284945	72.3795341	0	100	0	0	3
348	185	0.415190817	3.42699183	24.4395556	27.0663107	11.0218196	45.2868334	1.26284945	72.3795341	0	100	0	0	3
349	185	0.416316753	3.43683951	29.0427951	27.1567175	11.0218196	45.2868334	1.26284945	72.3795341	0	100	0	0	3
350	186	0.416897	3.44668719	36.5086573	27.2708051	11.0218196	45.2868334	1.26284945	72.3795341	0	100	0	0	3
351	186	0.417442527	3.45653486	40.8510969	27.3166645	11.0218196	45.2868334	1.26284945	72.3795341	0	100	0	0	3
352	187	0.418335239	3.46638254	42.0876467	27.4469912	11.0218196	45.2868334	1.26284945	72.3795341	0	100	0	0	3
353	188	0.419333134	3.47623022	37.8830896	27.5129761	11.0218196	45.2868334	1.26284945	72.3795341	0	100	0	0	3
354	188	0.420307231	3.4860779	38.6641537	27.4265057	11.0218196	42.0876467	1.26284945	72.3795341	0	100	0	0	3
355	189	0.421709399	3.49592557	31.436439	27.291453	11.0218196	42.0876467	1.17881707	72.3795341	0	100	0	0	3
356	190	0.423220391	3.50577325	38.1027228	27.3788689	11.0218196	42.0876467	1.17881707	72.3795341	0	100	0	0	3
357	190	0.42484105	3.51562093	20.4764274	27.071959	11.0218196	42.0876467	1.17881707	72.3795341	0	100	0	0	3
358	191	0.425788364	3.52546861	30.1375982	27.0373123	11.0218196	42.0876467	1.17881707	72.3795341	0	100	0	0	3
359	191	0.427336439	3.53531628	17.8032058	26.9451699	11.0218196	42.0876467	1.17881707	72.3795341	0	100	0	0	3
360	192	0.428955382	3.54516396	16.5493191	26.6914991	11.0218196	42.0876467	1.17881707	72.3795341	0	100	0	0	3
361	192	0.429912866	3.55501164	15.3722615	26.7448851	11.0218196	42.0876467	1.17881707	72.3795341	0	100	0	0	3
362	193	0.431753919	3.56485932	11.9337172	26.6208761	11.0218196	42.0876467	1.17881707	72.3795341	0	100	0	0	3
363	193	0.432761005	3.574707	17.5534929	26.8437036	11.0218196	42.0876467	1.0845181	72.3795341	0	100	0	0	3
364	193	0.434496159	3.58455467	20.9245086	26.9342763	11.0218196	42.0876467	1.07654206	72.3795341	0	100	0	0	3
365	194	0.435483443	3.59440235	33.7857004	27.1247247	11.0218196	42.0876467	1.07654206	72.3795341	0	100	0	0	3
366	194	0.436732031	3.60425003	30.9331312	27.2557662	11.0218196	42.0876467	1.07654206	72.3795341	0	100	0	0	3
367	195	0.438150209	3.61409771	28.1940272	27.1931254	11.0218196	42.0876467	1.07654206	72.3795341	0	100	0	0	3
368	195	0.439685371	3.62394538	30.4796662	27.1853249	11.0218196	42.0876467	1.07654206	72.3795341	0	100	0	0	3
369	196	0.441288837	3.63379306	28.8664884	27.158802	11.0218196	42.0876467	1.07654206	72.3795341	0	100	0	0	3
370	196	0.442826809	3.64364074	28.5671318	27.1340609	11.0218196	42.0876467	1.07654206	72.3795341	0	100	0	0	3
371	196	0.444472291	3.65348842	29.1040506	27.1460385	11.0218196	42.0876467	1.07654206	72.3795341	0	100	0	0	3
372	197	0.445745398	3.66333609	30.6107327	27.0896107	11.0218196	42.0876467	1.07654206	72.3795341	0	100	0	0	3
373	198	0.446883545	3.67318377	28.9260154	27.0759764	11.0218196	42.0876467	1.07654206	72.3795341	0	100	0	0	3
374	198	0.447966472	3.68303145	32.2709394	27.1389717	11.0218196	42.0876467	1.07654206	72.3795341	0	100	0	0	3
375	199	0.448630825	3.69287913	36.2416281	27.1674521	11.0218196	42.0876467	1.07654206	72.3795341	0	100	0	0	3
376	199	0.449201148	3.70272681	40.6302256	27.2381334	11.0218196	42.0876467	1.07654206	72.3795341	0	100	0	0	3
377	200	0.450279394	3.71257448	40.1857955	27.3716937	11.0218196	42.0876467	1.07654206	72.3795341	0	100	0	0	3
378	200	0.451221634	3.72242216	38.9413852	27.4118141	11.0218196	42.0876467	1.07654206	72.3795341	0	100	0	0	3
379	201	0.452382577	3.73226984	43.3177205	27.4860459	11.0218196	43.3177205	1.00082953	72.3795341	0	100	0	0	3
380	202	0.452673632	3.74211752	41.4867658	27.3875315	11.0218196	43.3177205	0.955896764	72.3795341	0	100	0	0	3
381	202	0.453145915	3.75196519	17.0733803	27.1948177	11.0218196	43.3177205	0.955896764	72.3795341	0	100	0	0	3
382	203	0.453717806	3.76181287	16.4105126	26.9590036	11.0218196	43.3177205	0.947633593	72.3795341	0	100	0	0	3
383	203	0.454669879	3.77166055	19.3151969	26.7664252	11.0218196	43.3177205	0.892100045	72.3795341	0	100	0	0	3
384	203	0.455236509	3.78150823	19.7525843	27.0053537	11.0218196	43.3177205	0.892100045	72.3795341	0	100	0	0	3
385	204	0.456660672	3.7913559	6.23508709	26.4096558	6.23508709	43.3177205	1.10332036	72.3795341	0	100	0	0	3
386	204	0.457837836	3.80120358	18.7536064	26.4626543	6.23508709	43.3177205	1.10332036	72.3795341	0	100	0	0	3
387	205	0.458689101	3.81105126	15.2270893	26.5285901	6.23508709	43.3177205	1.10332036	72.3795341	0	100	0	0	3
388	205	0.459713279	3.82089894	10.0772627	26.5823938	6.23508709	43.3177205	1.10332036	72.3795341	0	100	0	0	3
389	206	0.461241776	3.83074661	12.8282489	26.6456621	6.23508709	43.3177205	1.10332036	72.3795341	0	100	0	0	3
390	206	0.46256327	3.84059429	13.971266	26.5053947	6.23508709	43.3177205	1.10332036	72.3795341	0	100	0	0	3
391	207	0.464218767	3.85044197	19.2840942	26.3694868	6.23508709	43.3177205	1.14348934	72.3795341	0	100	0	0	3
392	207	0.465557986	3.86028965	25.1872395	26.2995926	6.23508709	43.3177205	1.21338353	72.3795341	0	100	0	0	3
393	207	0.466957343	3.87013733	34.1405324	26.334469	6.23508709	43.3177205	1.21338353	72.3795341	0	100	0	0	3
394	208	0.468114904	3.879985	32.5819797	26.3212764	6.23508709	43.3177205	1.21338353	72.3795341	0	100	0	0	3
395	208	0.469428055	3.88983268	29.0185553	26.3356049	6.23508709	43.3177205	1.21338353	72.3795341	0	100	0	0	3
396	209	0.470954763	3.89968036	31.4462713	26.4303024	6.23508709	43.3177205	1.21338353	72.3795341	0	100	0	0	3
397	209	0.472576218	3.90952804	27.6420433	26.3419865	6.23508709	43.3177205	1.21338353	72.3795341	0	100	0	0	3
398	210	0.474121477	3.91937571	27.573971	26.3514342	6.23508709	43.3177205	1.21338353	72.3795341	0	100	0	0	3
399	210	0.475810684	3.92922339	29.0467907	26.4609947	6.23508709	43.3177205	1.21338353	72.3795341	0	100	0	0	3
400	211	0.477403718	3.93907107	28.2513871	26.4600978	6.23508709	43.3177205	1.21338353	72.3795341	0	100	0	0	3
401	212	0.478653783	3.94891875	29.2012867	26.4211711	6.23508709	43.3177205	1.21338353	72.3795341	0	100	0	0	3
402	213	0.479517705	3.95876642	29.8245452	26.3417245	6.23508709	43.3177205	1.21338353	72.3795341	0	100	0	0	3
403	213	0.480000534	3.9686141	34.25132	26.1757058	6.23508709	43.3177205	1.33727028	72.3795341	0	100	0	0	3
404	214	0.480563074	3.97846178	37.6609168	26.0904233	6.23508709	43.3177205	1.39562256	72.3795341	0	100	0	0	3
405	215	0.481538527	3.98830946	36.7285283	26.0598661	6.23508709	43.3177205	1.42617975	72.3795341	0	100	0	0	3
406	215	0.482711668	3.99815714	34.3670865	26.0960398	6.23508709	43.3177205	1.42617975	72.3795341	0	100	0	0	3
407	216	0.483581008	4.00800481	34.2670617	25.9131621	6.23508709	43.3177205	1.57288381	72.3795341	0	100	0	0	3
408	217	0.484925703	4.01785249	30.571981	26.1640711	6.23508709	43.3177205	1.57288381	72.3795341	0	100	0	0	3
409	217	0.486415835	4.02770017	26.4737827	26.1095963	6.23508709	43.3177205	1.57288381	72.3795341	0	100	0	0	3
410	218	0.48782454	4.03754785	29.0569999	26.3908241	6.23508709	43.3177205	1.57288381	72.3795341	0	100	0	0	3
411	218	0.489297969	4.04739552	25.2785094	26.6277036	6.23508709	43.3177205	1.57288381	72.3795341	0	100	0	0	3
412	219	0.490470668	4.0572432	19.4446141	26.6665639	6.23508709	43.3177205	1.57288381	72.3795341	0	100	0	0	3
413	219	0.491536507	4.06709088	14.6000061	26.9051442	6.23508709	43.3177205	1.57288381	72.3795341	0	100	0	0	3
414	220	0.492964201	4.07693856	12.6814167	26.7242698	6.23508709	43.3177205	1.57288381	72.3795341	0	100	0	0	3
415	220	0.494347322	4.08678623	13.2170712	26.5802689	6.23508709	43.3177205	1.57288381	72.3795341	0	100	0	0	3
416	221	0.496009749	4.09663391	18.6825557	26.2458165	6.23508709	43.3177205	1.57288381	72.3795341	0	100	0	0	3
417	221	0.497607378	4.10648159	24.6476858	26.1077352	6.23508709	43.3177205	1.57288381	72.3795341	0	100	0	0	3
418	222	0.499285615	4.11632927	28.1825712	26.1162954	6.23508709	43.3177205	1.57288381	72.3795341	0	100	0	0	3
419	222	0.500750642	4.12617695	32.6020336	26.1622021	6.23508709	43.3177205	1.57288381	72.3795341	0	100	0	0	3
420	222	0.502359824	4.13602462	29.9202852	26.190222	6.23508709	43.3177205	1.57288381	72.3795341	0	100	0	0	3
421	223	0.50407349	4.1458723	26.6862456	26.1444138	6.23508709	43.3177205	1.57288381	72.3795341	0	100	0	0	3
422	223	0.505686481	4.15571998	27.0509027	26.0887425	6.23508709	43.3177205	1.57288381	72.3795341	0	100	0	0	3
423	224	0.507382169	4.16556766	28.3269381	26.0569158	6.23508709	43.3177205	1.57288381	72.3795341	0	100	0	0	3
424	225	0.508903636	4.17541533	29.7812485	26.0956289	6.23508709	43.3177205	1.57288381	72.3795341	0	100	0	0	3
425	225	0.510066921	4.18526301	30.2468333	26.0657036	6.23508709	43.3177205	1.57288381	72.3795341	0	100	0	0	3
426	226	0.511027128	4.19511069	31.4422111	26.0400956	6.23508709	43.3177205	1.57288381	72.3795341	0	100	0	0	3
427	226	0.511557313	4.20495837	40.152051	26.0266383	6.23508709	43.3177205	1.57288381	72.3795341	0	100	0	0	3
428	227	0.512454204	4.21480604	42.9918113	26.0258158	6.23508709	43.3177205	1.57288381	72.3795341	0	100	0	0	3
429	228	0.513448862	4.22465372	43.8040079	26.1144209	6.23508709	43.8040079	1.57288381	72.3795341	0	100	0	0	3
430	228	0.514241163	4.2345014	38.1222441	25.9453541	6.23508709	43.8040079	1.47436944	72.3795341	0	100	0	0	3
431	229	0.515426051	4.24434908	32.3605475	25.9944021	6.23508709	43.8040079	1.28165564	72.3795341	0	100	0	0	3
432	230	0.516296869	4.25419675	28.882908	26.1009501	6.23508709	43.8040079	1.09219165	72.3795341	0	100	0	0	3
433	230	0.517675038	4.26404443	29.5727345	26.2624107	6.23508709	43.8040079	1.09219165	72.3795341	0	100	0	0	3
434	231	0.5188804	4.27389211	26.8858197	26.3771224	6.23508709	43.8040079	1.09219165	72.3795341	0	100	0	0	3
435	231	0.52065426	4.28373979	23.0739062	26.3449327	6.23508709	43.8040079	0.991982118	72.3795341	0	100	0	0	3
436	232	0.521695584	4.29358747	17.6517187	26.646113	10.0772627	43.8040079	0.991982118	72.3795341	0	100	0	0	3
437	232	0.523126579	4.30343514	14.3805153	26.5195792	10.0772627	43.8040079	0.991982118	72.3795341	0	100	0	0	3
438	233	0.524758322	4.31328282	14.8849514	26.3777306	10.0772627	43.8040079	0.991982118	72.3795341	0	100	0	0	3
439	233	0.526193806	4.3231305	16.8905116	26.4239973	12.6814167	43.8040079	0.991982118	72.3795341	0	100	0	0	3
440	234	0.528086616	4.33297818	23.4984955	26.6520423	12.6814167	43.8040079	0.991982118	72.3795341	0	100	0	0	3
441	234	0.529314796	4.34282585	28.4216724	26.9356462	12.6814167	43.8040079	1.02248416	72.3795341	0	100	0	0	3
442	234	0.53105515	4.35267353	33.9640402	27.3081832	12.6814167	43.8040079	1.39502108	72.3795341	0	100	0	0	3
443	235	0.532644077	4.36252121	28.9268853	27.3888617	12.6814167	43.8040079	1.47569961	72.3795341	0	100	0	0	3
444	235	0.534221951	4.37236889	31.4939144	27.3446967	12.6814167	43.8040079	1.47569961	72.3795341	0	100	0	0	3
445	236	0.535886985	4.38221656	29.0761196	27.2977807	12.6814167	43.8040079	1.47569961	72.3795341	0	100	0	0	3
446	236	0.537566918	4.39206424	30.137455	27.3346294	12.6814167	43.8040079	1.47569961	72.3795341	0	100	0	0	3
447	237	0.539005715	4.40191192	28.2471528	27.261679	12.6814167	43.8040079	1.47569961	72.3795341	0	100	0	0	3
448	237	0.540616784	4.4117596	29.1276939	27.2967983	12.6814167	43.8040079	1.47569961	72.3795341	0	100	0	0	3
449	238	0.541901461	4.42160728	31.4594736	27.3693771	12.6814167	43.8040079	1.47569961	72.3795341	0	100	0	0	3
450	238	0.542548415	4.43145495	39.2759869	27.4423421	12.6814167	43.8040079	1.52918007	72.3795341	0	100	0	0	3
451	239	0.543083768	4.44130263	37.1031018	27.5014633	12.6814167	43.8040079	1.58830122	72.3795341	0	100	0	0	3
452	239	0.544063097	4.45115031	44.9351719	27.7300002	12.6814167	44.9351719	1.81683812	72.3795341	0	100	0	0	3
453	240	0.545153765	4.46099799	39.737537	27.9019592	12.6814167	44.9351719	1.98879715	72.3795341	0	100	0	0	3
454	241	0.546332243	4.47084566	35.1007991	27.98364	12.6814167	44.9351719	2.07047789	72.3795341	0	100	0	0	3
455	241	0.547729155	4.48069334	32.6136705	27.9988841	12.6814167	44.9351719	2.08572198	72.3795341	0	100	0	0	3
456	242	0.549174004	4.49054102	29.8720148	27.9129977	12.6814167	44.9351719	2.08572198	72.3795341	0	100	0	0	3
457	242	0.550683033	4.5003887	14.0060874	27.4928577	12.6814167	44.9351719	2.08572198	72.3795341	0	100	0	0	3
458	243	0.551755068	4.51023637	39.5002273	27.5952901	12.6814167	44.9351719	2.05352991	72.3795341	0	100	0	0	3
459	243	0.55288635	4.52008405	20.9287624	27.4254203	12.6814167	44.9351719	2.05352991	72.3795341	0	100	0	0	3
460	244	0.554411271	4.52993173	20.4558149	27.2899695	12.6814167	44.9351719	2.05352991	72.3795341	0	100	0	0	3
461	244	0.555942334	4.53977941	13.1861811	26.9364202	12.6814167	44.9351719	2.05352991	72.3795341	0	100	0	0	3
462	245	0.55758743	4.54962709	14.7609271	26.6788834	12.6814167	44.9351719	2.05352991	72.3795341	0	100	0	0	3
463	245	0.559018158	4.55947476	19.7103462	26.6571984	12.6814167	44.9351719	2.05352991	72.3795341	0	100	0	0	3
464	246	0.560345705	4.56932244	22.6926704	26.7674732	12.6814167	44.9351719	2.05352991	72.3795341	0	100	0	0	3
465	246	0.561764685	4.57917012	25.9516692	27.0429505	13.1861811	44.9351719	2.05352991	72.3795341	0	100	0	0	3
466	246	0.563126891	4.5890178	28.423883	27.3483317	13.1861811	44.9351719	2.05352991	72.3795341	0	100	0	0	3
467	247	0.564603296	4.59886547	28.9296138	27.59239	13.1861811	44.9351719	2.05352991	72.3795341	0	100	0	0	3
468	247	0.566085979	4.60871315	26.8032274	27.6440042	13.1861811	44.9351719	2.05352991	72.3795341	0	100	0	0	3
469	248	0.567672347	4.61856083	26.8184787	27.6116378	13.1861811	44.9351719	2.05352991	72.3795341	0	100	0	0	3
470	248	0.56937731	4.62840851	29.3146397	27.5474134	13.1861811	44.9351719	2.05352991	72.3795341	0	100	0	0	3
471	249	0.570614183	4.63825618	29.1830039	27.5211094	13.1861811	44.9351719	2.05352991	72.3795341	0	100	0	0	3
472	249	0.571698713	4.64810386	27.9797571	27.5496208	13.1861811	44.9351719	2.05352991	72.3795341	0	100	0	0	3
473	250	0.572918837	4.65795154	31.224187	27.6282713	13.1861811	44.9351719	2.05352991	72.3795341	0	100	0	0	3
474	251	0.573840946	4.66779922	31.7587883	27.6677554	13.1861811	44.9351719	2.05352991	72.3795341	0	100	0	0	3
475	251	0.574336828	4.67764689	35.8713124	27.6807822	13.1861811	44.9351719	2.05352991	72.3795341	0	100	0	0	3
476	252	0.574924197	4.68749457	38.7536173	27.7350366	13.1861811	44.9351719	2.05352991	72.3795341	0	100	0	0	3
477	252	0.576021665	4.69734225	39.3669977	27.8766801	13.1861811	44.9351719	2.05352991	72.3795341	0	100	0	0	3
478	253	0.577056374	4.70718993	35.2695095	27.8941035	13.1861811	44.9351719	2.05352991	72.3795341	0	100	0	0	3
479	254	0.577967657	4.71703761	32.0759254	27.7455815	13.1861811	44.9351719	2.05352991	72.3795341	0	100	0	0	3
480	254	0.579340744	4.72688528	31.495273	27.5813127	13.1861811	44.9351719	2.05352991	72.3795341	0	100	0	0	3
481	255	0.580420565	4.73673296	27.6497317	27.4562328	13.1861811	44.9351719	2.00448198	72.3795341	0	100	0	0	3
482	255	0.582017098	4.74658064	25.8538177	27.3305496	13.1861811	44.9351719	1.89793394	72.3795341	0	100	0	0	3
483	256	0.583679779	4.75642832	22.0136506	27.1792927	13.1861811	44.9351719	1.73647331	72.3795341	0	100	0	0	3
484	257	0.584757171	4.76627599	20.2189738	27.0183325	13.1861811	44.9351719	1.6539514	72.3795341	0	100	0	0	3
485	257	0.585531352	4.77612367	15.3673006	26.8853969	13.1861811	44.9351719	1.6539514	72.3795341	0	100	0	0	3
486	258	0.586847811	4.78597135	3.22858542	26.5170501	3.22858542	44.9351719	1.62115342	72.3795341	0	100	0	0	3
487	258	0.588348295	4.79581903	7.66078135	26.2310626	3.22858542	44.9351719	1.76782148	72.3795341	0	100	0	0	3
488	259	0.590176489	4.8056667	17.0662637	26.2340909	3.22858542	44.9351719	1.76782148	72.3795341	0	100	0	0	3
489	259	0.591440902	4.81551438	26.1044343	26.5093493	3.22858542	44.9351719	1.76782148	72.3795341	0	100	0	0	3
490	260	0.592846943	4.82536206	29.4103262	26.7777024	3.22858542	44.9351719	1.76782148	72.3795341	0	100	0	0	3
491	260	0.594768583	4.83520974	28.980204	26.9342565	3.22858542	44.9351719	1.76782148	72.3795341	0	100	0	0	3
492	261	0.596541601	4.84505742	31.1625789	27.018599	3.22858542	44.9351719	1.76782148	72.3795341	0	100	0	0	3
493	261	0.598320444	4.85490509	28.3767127	26.8748152	3.22858542	44.9351719	1.76782148	72.3795341	0	100	0	0	3
494	261	0.599902065	4.86475277	28.2030276	26.8575703	3.22858542	44.9351719	1.76782148	72.3795341	0	100	0	0	3
495	262	0.601619079	4.87460045	27.6895448	26.7702215	3.22858542	44.9351719	1.76782148	72.3795341	0	100	0	0	3
496	263	0.603077536	4.88444813	30.7068596	26.7985293	3.22858542	44.9351719	1.76782148	72.3795341	0	100	0	0	3
497	263	0.604183413	4.8942958	33.1709086	26.820114	3.22858542	44.9351719	1.76782148	72.3795341	0	100	0	0	3
498	264	0.60520678	4.90414348	33.4356659	26.8913654	3.22858542	44.9351719	1.76782148	72.3795341	0	100	0	0	3
499	264	0.60571309	4.91399116	38.6846072	26.9277446	3.22858542	44.9351719	1.76782148	72.3795341	0	100	0	0	3
500	265	0.606304124	4.92383884	41.6141033	26.9721269	3.22858542	44.9351719	1.76782148	72.3795341	0	100	0	0	3
501	266	0.607388203	4.93368651	43.1470619	27.1197966	3.22858542	44.9351719	1.76782148	72.3795341	0	100	0	0	3
502	267	0.608545482	4.94353419	38.8544868	27.2456064	3.22858542	44.9351719	1.76782148	72.3795341	0	100	0	0	3
503	267	0.609901701	4.95338187	36.9950367	27.1833095	3.22858542	43.1470619	1.76782148	72.3795341	0	100	0	0	3
504	268	0.610266568	4.96322955	34.9458421	27.016519	3.22858542	43.1470619	1.76782148	72.3795341	0	100	0	0	3
505	268	0.61103222	4.97307722	34.9441368	26.9630822	3.22858542	43.1470619	1.76782148	72.3795341	0	100	0	0	3
506	269	0.612145846	4.9829249	24.0281666	26.7898077	3.22858542	43.1470619	1.6819351	72.3795341	0	100	0	0	3
507	270	0.61311422	4.99277258	16.2619203	26.5607147	3.22858542	43.1470619	1.6630409	72.3795341	0	100	0	0	3
508	270	0.613460283	5.00262026	21.9200416	26.8369188	3.22858542	43.1470619	1.6630409	72.3795341	0	100	0	0	3
509	271	0.614720113	5.01246794	24.662734	26.5778129	3.22858542	43.1470619	1.6630409	72.3795341	0	100	0	0	3
510	271	0.615705223	5.02231561	17.3270635	26.5344767	3.22858542	43.1470619	1.6630409	72.3795341	0	100	0	0	3
511	271	0.61645743	5.03216329	13.4361614	26.5250778	3.22858542	43.1470619	1.6630409	72.3795341	0	100	0	0	3
512	272	0.61758421	5.04201097	6.53395687	26.4909627	3.22858542	43.1470619	1.6630409	72.3795341	0	100	0	0	3
513	272	0.618286967	5.05185865	9.61380574	26.613476	3.22858542	43.1470619	1.6630409	72.3795341	0	100	0	0	3
514	273	0.619166214	5.06170632	3.32606799	26.4372627	3.22858542	43.1470619	1.6630409	72.3795341	0	100	0	0	3
515	273	0.620019231	5.071554	12.3319743	26.3189367	3.22858542	43.1470619	1.6630409	72.3795341	0	100	0	0	3
516	274	0.621631675	5.08140168	17.8873161	26.1005464	3.22858542	43.1470619	1.79355709	72.3795341	0	100	0	0	3
517	274	0.623022342	5.09124936	21.8491802	25.9489974	3.22858542	43.1470619	1.94510608	72.3795341	0	100	0	0	3
518	275	0.624185046	5.10109703	26.0091373	25.8763129	3.22858542	43.1470619	2.01779059	72.3795341	0	100	0	0	3
519	275	0.625412378	5.11094471	28.9578734	25.9168981	3.22858542	43.1470619	2.01779059	72.3795341	0	100	0	0	3
520	275	0.626830544	5.12079239	33.0081957	26.0627173	3.22858542	43.1470619	2.01779059	72.3795341	0	100	0	0	3
521	276	0.628331549	5.13064007	34.2821214	26.1779416	3.22858542	43.1470619	2.01779059	72.3795341	0	100	0	0	3
522	276	0.629988905	5.14048775	29.6546901	26.2123894	3.22858542	43.1470619	2.01779059	72.3795341	0	100	0	0	3
523	277	0.631644077	5.15033542	28.2089243	26.2355412	3.22858542	43.1470619	2.01779059	72.3795341	0	100	0	0	3
524	277	0.63340622	5.1601831	26.1168155	26.1314538	3.22858542	43.1470619	2.01779059	72.3795341	0	100	0	0	3
525	278	0.635117756	5.17003078	26.1149097	26.0463102	3.22858542	43.1470619	2.01779059	72.3795341	0	100	0	0	3
526	278	0.636538125	5.17987846	31.8279394	26.1000069	3.22858542	43.1470619	2.01779059	72.3795341	0	100	0	0	3
527	279	0.637120631	5.18972613	37.004363	26.0826347	3.22858542	43.1470619	2.01779059	72.3795341	0	100	0	0	3
528	279	0.637737347	5.19957381	39.6007824	25.9814885	3.22858542	43.1470619	2.01779059	72.3795341	0	100	0	0	3
529	280	0.638756186	5.20942149	40.2398467	26.0611738	3.22858542	43.1470619	1.86926863	72.3795341	0	100	0	0	3
530	281	0.639986603	5.21926917	35.7818529	26.1656475	3.22858542	43.1470619	1.70499981	72.3795341	0	100	0	0	3
531	281	0.641342225	5.22911684	30.5247793	26.142927	3.22858542	43.1470619	1.57991989	72.3795341	0	100	0	0	3
532	282	0.64227141	5.23896452	35.9157248	26.2634372	3.22858542	43.1470619	1.45423672	72.3795341	0	100	0	0	3
533	282	0.643418447	5.2488122	29.9770708	26.3434623	3.22858542	43.1470619	1.36929354	72.3795341	0	100	0	0	3
534	283	0.644932908	5.25865988	28.6293996	26.5175115	3.22858542	43.1470619	1.36929354	72.3795341	0	100	0	0	3
535	283	0.646448185	5.26850756	24.4859603	26.5776114	3.22858542	43.1470619	1.36929354	72.3795341	0	100	0	0	3
536	284	0.647831725	5.27835523	19.4398177	26.5584042	3.22858542	43.1470619	1.36929354	72.3795341	0	100	0	0	3
537	284	0.648986243	5.28820291	13.976468	26.8188983	3.32606799	43.1470619	1.36929354	72.3795341	0	100	0	0	3
538	285	0.650597471	5.29805059	12.080748	26.8992194	3.32606799	43.1470619	1.36929354	72.3795341	0	100	0	0	3
539	285	0.651856602	5.30789827	17.7242682	27.003371	3.32606799	43.1470619	1.36929354	72.3795341	0	100	0	0	3
540	286	0.653327176	5.31774594	21.0288048	26.8797666	3.32606799	43.1470619	1.36929354	72.3795341	0	100	0	0	3
541	286	0.654762424	5.32759362	24.2411681	26.7611353	3.32606799	43.1470619	1.36929354	72.3795341	0	100	0	0	3
542	286	0.656099765	5.3374413	31.0700447	26.7855638	3.32606799	43.1470619	1.36929354	72.3795341	0	100	0	0	3
543	287	0.657528189	5.34728898	27.3800708	26.6722385	3.32606799	43.1470619	1.36929354	72.3795341	0	100	0	0	3
544	287	0.659119054	5.35713665	26.7569753	26.6245863	3.32606799	43.1470619	1.36929354	72.3795341	0	100	0	0	3
545	288	0.660762385	5.36698433	25.7042104	26.5587146	3.32606799	43.1470619	1.36929354	72.3795341	0	100	0	0	3
546	288	0.662382413	5.37683201	26.9458829	26.5370826	3.32606799	43.1470619	1.36929354	72.3795341	0	100	0	0	3
547	289	0.664089905	5.38667969	27.8231403	26.4733987	3.32606799	43.1470619	1.36929354	72.3795341	0	100	0	0	3
548	289	0.665713437	5.39652736	28.5373151	26.4074831	3.32606799	43.1470619	1.36929354	72.3795341	0	100	0	0	3
549	290	0.666851964	5.40637504	32.5205726	26.4037117	3.32606799	43.1470619	1.36929354	72.3795341	0	100	0	0	3
550	291	0.667634772	5.41622272	29.3951619	26.3411131	3.32606799	43.1470619	1.36929354	72.3795341	0	100	0	0	3
551	291	0.668283236	5.4260704	31.4680412	26.2491106	3.32606799	43.1470619	1.36929354	72.3795341	0	100	0	0	3
552	292	0.668957188	5.43591808	35.5945935	26.0538775	3.32606799	40.2398467	1.36929354	72.3795341	0	100	0	0	3
553	292	0.669912764	5.44576575	42.0821954	26.0620642	3.32606799	42.0821954	1.30699661	72.3795341	0	100	0	0	3
554	293	0.67099995	5.45561343	39.6968868	26.0620002	3.32606799	42.0821954	1.14020611	72.3795341	0	100	0	0	3
555	293	0.672047058	5.46546111	37.6137694	26.2053225	3.32606799	42.0821954	1.1270581	72.3795341	0	100	0	0	3
556	294	0.673119723	5.47530879	33.2910696	26.2199752	3.32606799	42.0821954	1.1270581	72.3795341	0	100	0	0	3
557	295	0.674337418	5.48515646	39.7552162	26.5242391	3.32606799	42.0821954	1.1270581	72.3795341	0	100	0	0	3
558	295	0.675407472	5.49500414	37.1526004	26.8663417	3.32606799	42.0821954	1.1270581	72.3795341	0	100	0	0	3
559	296	0.676500236	5.50485182	18.7211954	26.7523029	3.32606799	42.0821954	1.1270581	72.3795341	0	100	0	0	3
560	296	0.678153235	5.5146995	15.1922567	26.4925611	3.32606799	42.0821954	1.1270581	72.3795341	0	100	0	0	3
561	297	0.679285544	5.52454717	9.84897969	26.3381633	3.32606799	42.0821954	1.1270581	72.3795341	0	100	0	0	3
562	297	0.680700473	5.53439485	6.49610382	26.0522157	3.32606799	42.0821954	1.1270581	72.3795341	0	100	0	0	3
563	297	0.682301751	5.54424253	5.11773415	25.8740706	3.32606799	42.0821954	1.1293004	72.3795341	0	100	0	0	3
564	298	0.683964329	5.55409021	14.7008875	25.7652161	3.32606799	42.0821954	1.23815488	72.3795341	0	100	0	0	3
565	298	0.684935161	5.56393789	22.9896341	26.0242278	5.11773415	42.0821954	1.23815488	72.3795341	0	100	0	0	3
566	299	0.68669263	5.57378556	25.9599683	26.1977122	5.11773415	42.0821954	1.23815488	72.3795341	0	100	0	0	3
567	299	0.688347308	5.58363324	30.5974029	26.5076863	5.11773415	42.0821954	1.23815488	72.3795341	0	100	0	0	3
568	300	0.689872353	5.59348092	30.3824538	26.692991	5.11773415	42.0821954	1.23815488	72.3795341	0	100	0	0	3
569	300	0.691420402	5.6033286	29.1703862	26.7618573	5.11773415	42.0821954	1.23815488	72.3795341	0	100	0	0	3
570	301	0.693081865	5.61317627	27.9083763	26.7501779	5.11773415	42.0821954	1.23815488	72.3795341	0	100	0	0	3
571	301	0.694810279	5.62302395	28.4849872	26.6637339	5.11773415	42.0821954	1.23815488	72.3795341	0	100	0	0	3
572	302	0.695882974	5.63287163	28.8010385	26.5283916	5.11773415	42.0821954	1.23815488	72.3795341	0	100	0	0	3
573	302	0.697135068	5.64271931	29.2972699	26.5028578	5.11773415	42.0821954	1.23815488	72.3795341	0	100	0	0	3
574	303	0.69838942	5.65256698	30.192651	26.5298929	5.11773415	42.0821954	1.23815488	72.3795341	0	100	0	0	3
575	304	0.699263408	5.66241466	29.0708872	26.5746671	5.11773415	42.0821954	1.23815488	72.3795341	0	100	0	0	3
576	304	0.699907997	5.67226234	32.0969363	26.6417526	5.11773415	42.0821954	1.23815488	72.3795341	0	100	0	0	3
577	305	0.700547642	5.68211002	37.6522458	26.6366986	5.11773415	42.0821954	1.23815488	72.3795341	0	100	0	0	3
578	305	0.701494525	5.6919577	36.8791754	26.6935416	5.11773415	42.0821954	1.23815488	72.3795341	0	100	0	0	3
579	306	0.702696981	5.70180537	39.9042216	26.8155429	5.11773415	42.0821954	1.23815488	72.3795341	0	100	0	0	3
580	307	0.703996366	5.71165305	36.5375402	26.7995316	5.11773415	42.0821954	1.23815488	72.3795341	0	100	0	0	3
581	307	0.704943226	5.72150073	26.4023365	26.6235974	5.11773415	42.0821954	1.23815488	72.3795341	0	100	0	0	3
582	308	0.7061606	5.73134841	25.8645611	26.5277518	5.11773415	42.0821954	1.23815488	72.3795341	0	100	0	0	3
583	309	0.707874861	5.74119608	26.9441295	26.405664	5.11773415	42.0821954	1.23815488	72.3795341	0	100	0	0	3
584	309	0.709021028	5.75104376	21.1150992	26.2507858	5.11773415	42.0821954	1.23815488	72.3795341	0	100	0	0	3
585	310	0.710338026	5.76089144	16.3809571	25.9969698	5.11773415	42.0821954	1.23815488	72.3795341	0	100	0	0	3
586	310	0.711765454	5.77073912	13.3203969	25.7549926	5.11773415	42.0821954	1.24837835	72.3795341	0	100	0	0	3
587	311	0.713030692	5.78058679	14.326192	25.6672174	5.11773415	42.0821954	1.33615356	72.3795341	0	100	0	0	3
588	311	0.71453202	5.79043447	16.5768035	25.664921	5.11773415	42.0821954	1.33844998	72.3795341	0	100	0	0	3
589	312	0.715829828	5.80028215	23.7453606	25.9622577	5.11773415	42.0821954	1.33844998	72.3795341	0	100	0	0	3
590	312	0.717392365	5.81012983	23.7995925	26.0689699	5.11773415	42.0821954	1.21484562	72.3795341	0	100	0	0	3
591	313	0.718537263	5.8199775	30.4576762	26.2596852	5.11773415	42.0821954	1.20142065	72.3795341	0	100	0	0	3
592	313	0.719980684	5.82982518	26.058729	26.2996588	5.11773415	42.0821954	1.20142065	72.3795341	0	100	0	0	3
593	314	0.721483594	5.83967286	27.6722949	26.2336382	5.11773415	42.0821954	1.20142065	72.3795341	0	100	0	0	3
594	314	0.723020389	5.84952054	28.7879865	26.2685724	5.11773415	42.0821954	1.20142065	72.3795341	0	100	0	0	3
595	314	0.724634817	5.85936822	27.2345075	26.2805153	5.11773415	42.0821954	1.20142065	72.3795341	0	100	0	0	3
596	315	0.726203212	5.86921589	30.6229016	26.3990596	5.11773415	42.0821954	1.20142065	72.3795341	0	100	0	0	3
597	315	0.727326411	5.87906357	29.4904377	26.4388841	5.11773415	42.0821954	1.20142065	72.3795341	0	100	0	0	3
598	316	0.728699613	5.88891125	30.6253081	26.4912787	5.11773415	42.0821954	1.20142065	72.3795341	0	100	0	0	3
599	317	0.729870408	5.89875893	29.7637127	26.4992209	5.11773415	42.0821954	1.20142065	72.3795341	0	100	0	0	3
600	317	0.730767037	5.9086066	32.7588146	26.4797741	5.11773415	42.0821954	1.20142065	72.3795341	0	100	0	0	3
601	318	0.731381632	5.91845428	34.023096	26.5166998	5.11773415	42.0821954	1.20142065	72.3795341	0	100	0	0	3
602	319	0.731964533	5.92830196	38.0132512	26.5715131	5.11773415	42.0821954	1.20142065	72.3795341	0	100	0	0	3
603	319	0.732982974	5.93814964	39.5733522	26.6833506	5.11773415	42.0821954	1.20142065	72.3795341	0	100	0	0	3
604	320	0.733867417	5.94799731	38.1621672	26.6120124	5.11773415	39.9042216	1.20142065	72.3795341	0	100	0	0	3
605	320	0.735015892	5.95784499	36.9708584	26.5756337	5.11773415	39.9042216	1.20142065	72.3795341	0	100	0	0	3
606	321	0.735998054	5.96769267	32.2908588	26.4826744	5.11773415	39.9042216	1.20142065	72.3795341	0	100	0	0	3
607	322	0.736869339	5.97754035	40.2953661	26.556897	5.11773415	40.2953661	1.20142065	72.3795341	0	100	0	0	3
608	322	0.738299448	5.98738803	21.8166732	26.199645	5.11773415	40.2953661	1.20142065	72.3795341	0	100	0	0	3
609	323	0.739264969	5.9972357	28.0547773	26.0441569	5.11773415	40.2953661	1.15062192	72.3795341	0	100	0	0	3
610	323	0.740252723	6.00708338	27.2506812	26.1883712	5.11773415	40.2953661	1.15062192	72.3795341	0	100	0	0	3
611	324	0.741209093	6.01693106	16.4046562	26.3282426	5.11773415	40.2953661	1.15062192	72.3795341	0	100	0	0	3
612	324	0.741992011	6.02677874	12.8180586	26.4571329	5.11773415	40.2953661	1.15062192	72.3795341	0	100	0	0	3
613	325	0.74305763	6.03662641	3.61642292	26.5197393	3.61642292	40.2953661	1.15062192	72.3795341	0	100	0	0	3
614	325	0.744485847	6.04647409	9.92191735	26.6896421	3.61642292	40.2953661	1.15062192	72.3795341	0	100	0	0	3
615	326	0.745489405	6.05632177	15.0011031	26.8229555	3.61642292	40.2953661	1.15803446	72.3795341	0	100	0	0	3
616	326	0.747103395	6.06616945	18.6643715	26.6710072	3.61642292	40.2953661	1.15803446	72.3795341	0	100	0	0	3
617	327	0.748713377	6.07601712	23.7830534	26.616188	3.61642292	40.2953661	1.15803446	72.3795341	0	100	0	0	3
618	327	0.749947935	6.0858648	26.1037893	26.4989779	3.61642292	40.2953661	1.15803446	72.3795341	0	100	0	0	3
619	327	0.751647141	6.09571248	28.8749425	26.4684603	3.61642292	40.2953661	1.15803446	72.3795341	0	100	0	0	3
620	328	0.753249229	6.10556016	29.3986934	26.4767376	3.61642292	40.2953661	1.15803446	72.3795341	0	100	0	0	3
621	328	0.754894106	6.11540784	26.8842326	26.4491001	3.61642292	40.2953661	1.15803446	72.3795341	0	100	0	0	3
622	329	0.75645616	6.12525551	27.0762224	26.4079091	3.61642292	40.2953661	1.15803446	72.3795341	0	100	0	0	3
623	329	0.758072139	6.13510319	31.0193752	26.4864587	3.61642292	40.2953661	1.15803446	72.3795341	0	100	0	0	3
624	330	0.759219729	6.14495087	25.6462458	26.4142409	3.61642292	40.2953661	1.15803446	72.3795341	0	100	0	0	3
625	330	0.760477752	6.15479855	25.3441333	26.3162244	3.61642292	40.2953661	1.15803446	72.3795341	0	100	0	0	3
626	331	0.761789671	6.16464622	28.3280673	26.3199322	3.61642292	40.2953661	1.15803446	72.3795341	0	100	0	0	3
627	331	0.762436607	6.1744939	37.4639951	26.3756779	3.61642292	40.2953661	1.15803446	72.3795341	0	100	0	0	3
628	332	0.762962795	6.18434158	43.305637	26.4028402	3.61642292	43.305637	1.15803446	72.3795341	0	100	0	0	3
629	333	0.764013447	6.19418926	40.0678748	26.473816	3.61642292	43.305637	1.15803446	72.3795341	0	100	0	0	3
630	333	0.765034635	6.20403693	43.30711	26.4905071	3.61642292	43.30711	1.15803446	72.3795341	0	100	0	0	3
631	334	0.765719642	6.21388461	39.488225	26.4232483	3.61642292	43.30711	1.15803446	72.3795341	0	100	0	0	3
632	334	0.766610968	6.22373229	31.3494513	26.4947712	3.61642292	43.30711	1.15803446	72.3795341	0	100	0	0	3
633	335	0.767583609	6.23357997	28.3056507	26.5359371	3.61642292	43.30711	1.15803446	72.3795341	0	100	0	0	3
634	335	0.768522438	6.24342764	36.8046398	26.6833595	3.61642292	43.30711	1.15803446	72.3795341	0	100	0	0	3
635	336	0.769832566	6.25327532	31.6711755	26.895767	3.61642292	43.30711	1.23084601	72.3795341	0	100	0	0	3
636	336	0.771330308	6.263123	28.4683139	27.1614279	3.61642292	43.30711	1.49650687	72.3795341	0	100	0	0	3
637	337	0.772343013	6.27297068	21.580552	27.3942746	3.61642292	43.30711	1.7293536	72.3795341	0	100	0	0	3
638	337	0.773842172	6.28281836	15.0728975	27.3624144	3.61642292	43.30711	1.7293536	72.3795341	0	100	0	0	3
639	338	0.775055529	6.29266603	4.47730461	27.1711651	3.61642292	43.30711	1.43201686	72.3795341	0	100	0	0	3
640	338	0.776513881	6.30251371	5.27572028	26.7182418	3.61642292	43.30711	1.35011775	72.3795341	0	100	0	0	3
641	339	0.777647339	6.31236139	14.7179823	26.5681912	3.61642292	43.30711	1.35011775	72.3795341	0	100	0	0	3
642	339	0.779280293	6.32220907	22.8724671	26.3955292	3.61642292	43.30711	1.35011775	72.3795341	0	100	0	0	3
643	340	0.780223582	6.33205674	21.9030857	26.3332558	3.61642292	43.30711	1.35011775	72.3795341	0	100	0	0	3
644	340	0.781711216	6.34190442	27.7504855	26.3348475	3.61642292	43.30711	1.35011775	72.3795341	0	100	0	0	3
645	341	0.783075349	6.3517521	26.1137451	26.2670499	3.61642292	43.30711	1.35011775	72.3795341	0	100	0	0	3
646	341	0.784570879	6.36159978	28.3535354	26.2930528	3.61642292	43.30711	1.35011775	72.3795341	0	100	0	0	3
647	341	0.78616899	6.37144745	26.706495	26.1908247	3.61642292	43.30711	1.35011775	72.3795341	0	100	0	0	3
648	342	0.787830062	6.38129513	27.6874307	26.1706581	3.61642292	43.30711	1.35011775	72.3795341	0	100	0	0	3
649	342	0.789601135	6.39114281	28.5248285	26.1386765	3.61642292	43.30711	1.35011775	72.3795341	0	100	0	0	3
650	343	0.790850378	6.40099049	26.0868084	26.0680144	3.61642292	43.30711	1.35011775	72.3795341	0	100	0	0	3
651	343	0.792222709	6.41083817	28.289285	26.0199986	3.61642292	43.30711	1.37427597	72.3795341	0	100	0	0	3
652	344	0.793159824	6.42068584	32.0104141	26.0312493	3.61642292	43.30711	1.37427597	72.3795341	0	100	0	0	3
653	345	0.793875931	6.43053352	33.8289562	26.008631	3.61642292	43.30711	1.38564356	72.3795341	0	100	0	0	3
654	345	0.794424746	6.4403812	39.6445014	25.9055855	3.61642292	43.30711	1.48868906	72.3795341	0	100	0	0	3
655	346	0.795397567	6.45022888	44.6938618	26.0264595	3.61642292	44.6938618	1.48868906	72.3795341	0	100	0	0	3
656	346	0.796459913	6.46007655	39.3316828	26.051936	3.61642292	44.6938618	1.48868906	72.3795341	0	100	0	0	3
657	347	0.797557943	6.46992423	35.0828954	26.1134798	3.61642292	44.6938618	1.48868906	72.3795341	0	100	0	0	3
658	348	0.79903821	6.47977191	32.5048561	26.0669046	3.61642292	44.6938618	1.48868906	72.3795341	0	100	0	0	3
659	348	0.800358459	6.48961959	30.1410998	26.2515233	3.61642292	44.6938618	1.48868906	72.3795341	0	100	0	0	3
660	349	0.801782347	6.49946726	26.9057598	26.2385745	3.61642292	44.6938618	1.48868906	72.3795341	0	100	0	0	3
661	349	0.803490401	6.50931494	23.8584018	26.1584771	3.61642292	44.6938618	1.48868906	72.3795341	0	100	0	0	3
662	350	0.804703329	6.51916262	20.86432	26.204258	3.61642292	44.6938618	1.48868906	72.3795341	0	100	0	0	3
663	350	0.806021432	6.5290103	13.4207805	26.1047782	3.61642292	44.6938618	1.48868906	72.3795341	0	100	0	0	3
664	351	0.807753713	6.53885798	16.0013246	26.2046605	4.47730461	44.6938618	1.48868906	72.3795341	0	100	0	0	3
665	351	0.809504703	6.54870565	15.2812792	26.2681583	4.47730461	44.6938618	1.48868906	72.3795341	0	100	0	0	3
666	351	0.810438036	6.55855333	25.1635811	26.4263789	4.47730461	44.6938618	1.48868906	72.3795341	0	100	0	0	3
667	352	0.812017757	6.56840101	25.9852702	26.6086339	4.47730461	44.6938618	1.48868906	72.3795341	0	100	0	0	3
668	352	0.812963914	6.57824869	32.3764287	26.7643739	4.47730461	44.6938618	1.48868906	72.3795341	0	100	0	0	3
669	353	0.814317577	6.58809636	30.9765319	26.865623	4.47730461	44.6938618	1.48868906	72.3795341	0	100	0	0	3
670	353	0.815746063	6.59794404	30.0933965	26.8842907	4.47730461	44.6938618	1.48868906	72.3795341	0	100	0	0	3
671	354	0.817246366	6.60779172	29.5101204	26.8829039	4.47730461	44.6938618	1.48868906	72.3795341	0	100	0	0	3
672	354	0.818853673	6.6176394	27.6078026	26.9010864	4.47730461	44.6938618	1.48868906	72.3795341	0	100	0	0	3
673	355	0.820446491	6.62748707	28.7739536	26.9434298	4.47730461	44.6938618	1.48868906	72.3795341	0	100	0	0	3
674	355	0.822081769	6.63733475	27.5867526	26.8569642	4.47730461	44.6938618	1.48868906	72.3795341	0	100	0	0	3
675	356	0.823556417	6.64718243	28.4301483	26.9146187	4.47730461	44.6938618	1.48868906	72.3795341	0	100	0	0	3
676	356	0.824887718	6.65703011	34.7040917	27.1062947	4.47730461	44.6938618	1.48868906	72.3795341	0	100	0	0	3
677	357	0.825389232	6.66687778	40.4461134	27.1862832	4.47730461	44.6938618	1.48868906	72.3795341	0	100	0	0	3
678	357	0.82606153	6.67672546	36.8184634	27.1835591	4.47730461	44.6938618	1.48868906	72.3795341	0	100	0	0	3
679	358	0.826901759	6.68657314	41.7345856	27.2420986	4.47730461	44.6938618	1.48868906	72.3795341	0	100	0	0	3
680	358	0.827984901	6.69642082	43.4500396	27.3058781	4.47730461	44.6938618	1.48868906	72.3795341	0	100	0	0	3
681	359	0.828666388	6.7062685	40.3769328	27.1890731	4.47730461	44.6938618	1.48868906	72.3795341	0	100	0	0	3
682	360	0.82962556	6.71611617	31.9812201	27.1291646	4.47730461	44.6938618	1.48868906	72.3795341	0	100	0	0	3
683	360	0.830932852	6.72596385	34.4556445	27.2195879	4.47730461	44.6938618	1.48868906	72.3795341	0	100	0	0	3
684	361	0.831776662	6.73581153	25.5716198	27.1814697	4.47730461	44.6938618	1.48868906	72.3795341	0	100	0	0	3
685	361	0.83311255	6.74565921	24.9957966	26.9963899	4.47730461	44.6938618	1.48868906	72.3795341	0	100	0	0	3
686	362	0.834737507	6.75550688	23.5037917	26.8145872	4.47730461	44.6938618	1.48868906	72.3795341	0	100	0	0	3
687	362	0.835831173	6.76535456	18.8012575	26.6403142	4.47730461	44.6938618	1.48868906	72.3795341	0	100	0	0	3
688	363	0.837030594	6.77520224	12.9978246	26.4665707	4.47730461	44.6938618	1.45682886	72.3795341	0	100	0	0	3
689	363	0.838567642	6.78504992	9.36052065	26.3242483	4.47730461	44.6938618	1.40029255	72.3795341	0	100	0	0	3
690	364	0.839889203	6.79489759	15.7778333	26.5181356	5.27572028	44.6938618	1.40029255	72.3795341	0	100	0	0	3
691	364	0.84150726	6.80474527	17.8028413	26.7778092	9.36052065	44.6938618	1.40029255	72.3795341	0	100	0	0	3
692	365	0.842717949	6.81459295	23.9075021	26.9344739	9.36052065	44.6938618	1.40029255	72.3795341	0	100	0	0	3
693	365	0.844621165	6.82444063	27.5437052	27.0537341	9.36052065	44.6938618	1.40029255	72.3795341	0	100	0	0	3
694	366	0.846355444	6.83428831	29.9737524	27.203778	9.36052065	44.6938618	1.40029255	72.3795341	0	100	0	0	3
695	366	0.848107197	6.84413598	28.2358695	27.2187588	9.36052065	44.6938618	1.40029255	72.3795341	0	100	0	0	3
696	366	0.849800521	6.85398366	26.5044202	27.2232216	9.36052065	44.6938618	1.40029255	72.3795341	0	100	0	0	3
697	367	0.851419301	6.86383134	26.5143098	27.1807674	9.36052065	44.6938618	1.40029255	72.3795341	0	100	0	0	3
698	367	0.852680744	6.87367902	32.9232129	27.3010726	9.36052065	44.6938618	1.40029255	72.3795341	0	100	0	0	3
699	368	0.853691381	6.88352669	25.7581362	27.2676521	9.36052065	44.6938618	1.40029255	72.3795341	0	100	0	0	3
700	368	0.854653447	6.89337437	25.6754875	27.2098783	9.36052065	44.6938618	1.40029255	72.3795341	0	100	0	0	3
701	370	0.85600583	6.90322205	28.6251333	27.2607866	9.36052065	44.6938618	1.40029255	72.3795341	0	100	0	0	3
702	370	0.856630371	6.91306973	34.7124378	27.3111288	9.36052065	44.6938618	1.40554323	72.3795341	0	100	0	0	3
703	371	0.857145696	6.9229174	38.1141961	27.3293095	9.36052065	44.6938618	1.423724	72.3795341	0	100	0	0	3
704	371	0.858080558	6.93276508	44.1240832	27.5013589	9.36052065	44.6938618	1.59577337	72.3795341	0	100	0	0	3
705	372	0.859052435	6.94261276	44.0066749	27.6464484	9.36052065	44.6938618	1.61998888	72.3795341	0	100	0	0	3
706	372	0.860005531	6.95246044	37.2270039	27.5310926	9.36052065	44.1240832	1.59451237	72.3795341	0	100	0	0	3
707	373	0.86127777	6.96230811	31.9372873	27.4241687	9.36052065	44.1240832	1.5795437	72.3795341	0	100	0	0	3
708	374	0.862258103	6.97215579	37.9865157	27.4542321	9.36052065	44.1240832	1.5795437	72.3795341	0	100	0	0	3
709	374	0.863238066	6.98200347	26.9559546	27.3301732	9.36052065	44.1240832	1.54167015	72.3795341	0	100	0	0	3
710	374	0.864450434	6.99185115	28.7390442	27.2989204	9.36052065	44.1240832	1.54167015	72.3795341	0	100	0	0	3
711	375	0.865402078	7.00169883	23.551932	27.2516713	9.36052065	44.1240832	1.54167015	72.3795341	0	100	0	0	3
712	375	0.866762627	7.0115465	19.8819075	27.1848009	9.36052065	44.1240832	1.54167015	72.3795341	0	100	0	0	3
713	376	0.867707564	7.02139418	7.39496703	27.0096722	7.39496703	44.1240832	1.54167015	72.3795341	0	100	0	0	3
714	376	0.868864651	7.03124186	5.30754765	26.8951061	5.30754765	44.1240832	1.44178785	72.3795341	0	100	0	0	3
715	377	0.870426242	7.04108954	7.97056614	26.7246759	5.30754765	44.1240832	1.37829002	72.3795341	0	100	0	0	3
716	378	0.871802013	7.05093721	16.3274595	26.8167036	5.30754765	44.1240832	1.32220006	72.3795341	0	100	0	0	3
717	378	0.873717461	7.06078489	24.1645528	26.7608065	5.30754765	44.1240832	1.32220006	72.3795341	0	100	0	0	3
718	378	0.874601542	7.07063257	27.8471387	26.7957282	5.30754765	44.1240832	1.32220006	72.3795341	0	100	0	0	3
719	379	0.876318099	7.08048025	25.2883274	26.6715414	5.30754765	44.1240832	1.32220006	72.3795341	0	100	0	0	3
720	379	0.877870263	7.09032792	26.9641415	26.586992	5.30754765	44.1240832	1.32220006	72.3795341	0	100	0	0	3
721	380	0.879499294	7.1001756	31.4266899	26.6320903	5.30754765	44.1240832	1.32220006	72.3795341	0	100	0	0	3
722	380	0.881165251	7.11002328	28.3228914	26.6086057	5.30754765	44.1240832	1.32220006	72.3795341	0	100	0	0	3
723	381	0.882792211	7.11987096	27.0168436	26.5938754	5.30754765	44.1240832	1.32220006	72.3795341	0	100	0	0	3
724	381	0.884485294	7.12971864	28.3292229	26.5855308	5.30754765	44.1240832	1.32220006	72.3795341	0	100	0	0	3
725	382	0.886043007	7.13956631	29.2083971	26.6238102	5.30754765	44.1240832	1.32220006	72.3795341	0	100	0	0	3
726	383	0.887246214	7.14941399	33.0776325	26.7039104	5.30754765	44.1240832	1.32220006	72.3795341	0	100	0	0	3
727	384	0.888069873	7.15926167	36.0675922	26.6574074	5.30754765	44.1240832	1.32220006	72.3795341	0	100	0	0	3
728	384	0.888883303	7.16910935	32.1071724	26.6183136	5.30754765	44.1240832	1.32220006	72.3795341	0	100	0	0	3
729	385	0.889668714	7.17895702	40.3653541	26.6802488	5.30754765	44.1240832	1.32220006	72.3795341	0	100	0	0	3
730	385	0.890781354	7.1888047	41.1752176	26.7347043	5.30754765	44.1240832	1.32220006	72.3795341	0	100	0	0	3
731	386	0.891659024	7.19865238	37.4255892	26.5977256	5.30754765	44.1240832	1.32220006	72.3795341	0	100	0	0	3
732	387	0.893192887	7.20850006	37.1235468	26.7024082	5.30754765	44.1240832	1.32220006	72.3795341	0	100	0	0	3
733	388	0.894555966	7.21834773	28.7119464	26.6666141	5.30754765	44.1240832	1.32220006	72.3795341	0	100	0	0	3
734	389	0.895538779	7.22819541	33.2820465	26.6096409	5.30754765	44.1240832	1.32220006	72.3795341	0	100	0	0	3
735	389	0.896866931	7.23804309	29.1136095	26.6741904	5.30754765	44.1240832	1.32220006	72.3795341	0	100	0	0	3
736	390	0.898255432	7.24789077	22.4738555	26.6190804	5.30754765	44.1240832	1.32220006	72.3795341	0	100	0	0	3
737	391	0.899051835	7.25773845	18.7874942	26.6008125	5.30754765	44.1240832	1.32220006	72.3795341	0	100	0	0	3
738	391	0.900212456	7.26758612	10.8335187	26.4490642	5.30754765	44.1240832	1.32220006	72.3795341	0	100	0	0	3
739	392	0.901527854	7.2774338	8.56749391	26.3345219	5.30754765	44.1240832	1.32220006	72.3795341	0	100	0	0	3
740	392	0.902738902	7.28728148	9.49765343	26.4233401	5.30754765	44.1240832	1.31192644	72.3795341	0	100	0	0	3
741	392	0.904336267	7.29712916	17.4755245	26.4198607	5.30754765	44.1240832	1.31192644	72.3795341	0	100	0	0	3
742	393	0.905872587	7.30697683	22.9117547	26.5527467	5.30754765	44.1240832	1.31192644	72.3795341	0	100	0	0	3
743	393	0.907121123	7.31682451	23.8929677	26.5509105	5.30754765	44.1240832	1.31192644	72.3795341	0	100	0	0	3
744	394	0.908619895	7.32667219	27.0705702	26.5335562	5.30754765	44.1240832	1.31192644	72.3795341	0	100	0	0	3
745	394	0.910154282	7.33651987	31.0259349	26.5480829	5.30754765	44.1240832	1.31192644	72.3795341	0	100	0	0	3
746	395	0.911732472	7.34636754	28.509024	26.5502542	5.30754765	44.1240832	1.31192644	72.3795341	0	100	0	0	3
747	395	0.913400387	7.35621522	27.923893	26.5874984	5.30754765	44.1240832	1.31192644	72.3795341	0	100	0	0	3
748	396	0.915146672	7.3660629	27.3185525	26.6093902	5.30754765	44.1240832	1.31192644	72.3795341	0	100	0	0	3
749	396	0.91651491	7.37591058	27.1166192	26.4954933	5.30754765	44.1240832	1.31192644	72.3795341	0	100	0	0	3
750	397	0.917799456	7.38575825	27.3459508	26.5241582	5.30754765	44.1240832	1.31192644	72.3795341	0	100	0	0	3
751	397	0.919196439	7.39560593	29.8197425	26.6081387	5.30754765	44.1240832	1.31192644	72.3795341	0	100	0	0	3
752	398	0.919824277	7.40545361	44.1648455	26.7381171	5.30754765	44.1648455	1.31192644	72.3795341	0	100	0	0	3
753	398	0.920334082	7.41530129	40.2120145	26.7677664	5.30754765	44.1648455	1.31192644	72.3795341	0	100	0	0	3
754	399	0.921230477	7.42514897	44.569738	26.9255341	5.30754765	44.569738	1.31192644	72.3795341	0	100	0	0	3
755	400	0.922325939	7.43499664	39.3477238	26.887084	5.30754765	44.569738	1.31192644	72.3795341	0	100	0	0	3
756	400	0.923544013	7.44484432	36.5668471	26.8119196	5.30754765	44.569738	1.19657066	72.3795341	0	100	0	0	3
757	401	0.924943475	7.454692	33.8540181	26.8108198	5.30754765	44.569738	1.11971021	72.3795341	0	100	0	0	3
758	401	0.92626708	7.46453968	32.1409966	26.8190205	5.30754765	44.569738	1.11971021	72.3795341	0	100	0	0	3
759	402	0.927512957	7.47438735	21.1674765	26.5433476	5.30754765	44.569738	0.995651338	72.3795341	0	100	0	0	3
760	403	0.928548417	7.48423503	22.2029362	26.4683416	5.30754765	44.569738	0.964398535	72.3795341	0	100	0	0	3
761	403	0.930200606	7.49408271	18.6955694	26.2311557	5.30754765	44.569738	1.02051552	72.3795341	0	100	0	0	3
762	404	0.931029792	7.50393039	9.45179311	26.0580042	5.30754765	44.569738	1.12679672	72.3795341	0	100	0	0	3
763	404	0.932424947	7.51377806	11.6516815	25.879878	5.30754765	44.569738	1.12979424	72.3795341	0	100	0	0	3
764	405	0.933998113	7.52362574	11.9390695	25.8125362	5.30754765	44.569738	1.11299797	72.3795341	0	100	0	0	3
765	405	0.935602535	7.53347342	20.4248943	26.038525	7.97056614	44.569738	1.11299797	72.3795341	0	100	0	0	3
766	405	0.936733054	7.5433211	25.7518242	26.4591549	8.56749391	44.569738	1.11299797	72.3795341	0	100	0	0	3
767	406	0.938449144	7.55316878	30.0837216	26.7616282	8.56749391	44.569738	1.11299797	72.3795341	0	100	0	0	3
768	406	0.940277006	7.56301645	31.3919138	26.9635238	8.56749391	44.569738	1.15098768	72.3795341	0	100	0	0	3
769	407	0.941956388	7.57286413	32.4699054	27.0892184	8.56749391	44.569738	1.2766822	72.3795341	0	100	0	0	3
770	407	0.943670034	7.58271181	28.7516329	27.1774136	8.56749391	44.569738	1.36487744	72.3795341	0	100	0	0	3
771	408	0.945339749	7.59255949	28.5292926	27.2157759	8.56749391	44.569738	1.40323976	72.3795341	0	100	0	0	3
772	408	0.947092876	7.60240716	29.5000417	27.1735367	8.56749391	44.569738	1.40323976	72.3795341	0	100	0	0	3
773	409	0.948249926	7.61225484	28.4855652	27.1676234	8.56749391	44.569738	1.40323976	72.3795341	0	100	0	0	3
774	409	0.949421158	7.62210252	28.4664272	27.1941361	8.56749391	44.569738	1.40323976	72.3795341	0	100	0	0	3
775	410	0.950432299	7.6319502	31.674174	27.2336853	8.56749391	44.569738	1.42114918	72.3795341	0	100	0	0	3
776	410	0.951060124	7.64179787	36.7559571	27.2783241	8.56749391	44.569738	1.46578794	72.3795341	0	100	0	0	3
777	411	0.951604309	7.65164555	36.399876	27.2470311	8.56749391	44.569738	1.46578794	72.3795341	0	100	0	0	3
778	411	0.952498205	7.66149323	40.1684224	27.3135428	8.56749391	44.569738	1.50100669	72.3795341	0	100	0	0	3
779	412	0.953585296	7.67134091	41.3710356	27.4894647	8.56749391	44.569738	1.67692855	72.3795341	0	100	0	0	3
780	413	0.954395494	7.68118859	38.1727394	27.4669502	8.56749391	44.569738	1.67692855	72.3795341	0	100	0	0	3
781	413	0.955621842	7.69103626	32.9609504	27.3356309	8.56749391	44.569738	1.67692855	72.3795341	0	100	0	0	3
782	414	0.956786607	7.70088394	37.4245286	27.3800903	8.56749391	44.569738	1.67692855	72.3795341	0	100	0	0	3
783	414	0.958000878	7.71073162	28.457201	27.1696653	8.56749391	44.569738	1.67692855	72.3795341	0	100	0	0	3
784	415	0.959673936	7.7205793	25.5063866	27.0946474	8.56749391	44.569738	1.67692855	72.3795341	0	100	0	0	3
785	416	0.960830145	7.73042697	20.1410799	26.8783733	8.56749391	44.569738	1.67692855	72.3795341	0	100	0	0	3
786	416	0.962655765	7.74027465	12.4461866	26.4327594	8.56749391	44.569738	1.67692855	72.3795341	0	100	0	0	3
787	417	0.963662044	7.75012233	18.3083296	26.3918079	8.56749391	44.569738	1.67692855	72.3795341	0	100	0	0	3
788	417	0.964874324	7.75997001	18.1955688	26.3328609	8.56749391	44.569738	1.67692855	72.3795341	0	100	0	0	3
789	418	0.965992646	7.76981768	17.9892346	26.4644811	8.56749391	44.569738	1.67692855	72.3795341	0	100	0	0	3
790	418	0.967363285	7.77966536	24.5662768	26.7825453	9.45179311	44.569738	1.67692855	72.3795341	0	100	0	0	3
791	418	0.968938517	7.78951304	27.0329545	27.1047118	9.45179311	44.569738	1.67692855	72.3795341	0	100	0	0	3
792	419	0.970103548	7.79936072	35.2065898	27.4821072	9.45179311	44.569738	1.67692855	72.3795341	0	100	0	0	3
793	419	0.971420863	7.80920839	31.4543591	27.6690569	9.45179311	44.569738	1.8565207	72.3795341	0	100	0	0	3
794	420	0.972882894	7.81905607	31.5109069	27.8261616	9.45179311	44.569738	2.01362546	72.3795341	0	100	0	0	3
795	420	0.974374515	7.82890375	29.3259557	27.8774065	9.45179311	44.569738	2.06487029	72.3795341	0	100	0	0	3
796	421	0.975956059	7.83875143	27.6320341	27.7980905	9.45179311	44.569738	2.06487029	72.3795341	0	100	0	0	3
797	421	0.977482208	7.84859911	31.4032059	27.8647061	9.45179311	44.569738	2.06487029	72.3795341	0	100	0	0	3
798	422	0.978716352	7.85844678	27.9774531	27.865325	9.45179311	44.569738	2.06487029	72.3795341	0	100	0	0	3
799	422	0.980253793	7.86829446	29.9661827	27.9296001	9.45179311	44.569738	2.11706396	72.3795341	0	100	0	0	3
800	423	0.981462624	7.87814214	32.2178751	28.026542	9.45179311	44.569738	2.2140058	72.3795341	0	100	0	0	3
801	424	0.982407077	7.88798982	35.3098493	28.1465432	9.45179311	44.569738	2.33400707	72.3795341	0	100	0	0	3
802	424	0.983020479	7.89783749	37.1074732	28.1960421	9.45179311	44.569738	2.38350596	72.3795341	0	100	0	0	3
803	425	0.983872394	7.90768517	40.4380744	28.2023396	9.45179311	44.569738	2.38980344	72.3795341	0	100	0	0	3
804	426	0.984993647	7.91753285	39.3182024	28.3004087	9.45179311	44.569738	2.48787251	72.3795341	0	100	0	0	3
805	426	0.986157222	7.92738053	37.17255	28.234791	9.45179311	41.3710356	2.48787251	72.3795341	0	100	0	0	3
806	427	0.987154896	7.9372282	37.0105046	28.1820599	9.45179311	41.3710356	2.48787251	72.3795341	0	100	0	0	3
807	427	0.988369764	7.94707588	33.4586155	28.1233954	9.45179311	41.3710356	2.48787251	72.3795341	0	100	0	0	3
808	428	0.989794373	7.95692356	23.8446897	27.9057381	9.45179311	41.3710356	2.48787251	72.3795341	0	100	0	0	3
809	428	0.991437323	7.96677124	23.8149959	27.716592	9.45179311	41.3710356	2.48787251	72.3795341	0	100	0	0	3
810	429	0.992352455	7.97661892	22.3820048	27.7671405	9.45179311	41.3710356	2.48787251	72.3795341	0	100	0	0	3
811	429	0.993812699	7.98646659	16.2696645	27.598172	9.45179311	41.3710356	2.48787251	72.3795341	0	100	0	0	3
812	430	0.995540783	7.99631427	14.2623926	27.4705848	9.45179311	41.3710356	2.48787251	72.3795341	0	100	0	0	3
813	430	0.997296772	8.00616195	16.7280862	27.4113881	11.6516815	41.3710356	2.48787251	72.3795341	0	100	0	0	3
814	431	0.998359373	8.01600963	22.0390241	27.6582783	11.9390695	41.3710356	2.48787251	72.3795341	0	100	0	0	3
815	431	1	8.0258573	25.0932403	27.9691883	12.4461866	41.3710356	2.26188371	72.3795341	0	100	0	0	3
