Iteration	CPUTime	PhysTime	Travels
1	2	0.000100925651	0.00984767767
2	3	0.000190052491	0.0196953553
3	4	0.000274930045	0.029543033
4	4	0.000359735968	0.0393907107
5	5	0.000446876366	0.0492383884
6	6	0.000600085754	0.059086066
7	6	0.000790165023	0.0689337437
8	7	0.00100063743	0.0787814214
9	8	0.0012086204	0.0886290991
10	9	0.00143105264	0.0984767767
11	9	0.00178474472	0.108324454
12	10	0.00212559939	0.118172132
13	10	0.00231229636	0.12801981
14	11	0.00263818579	0.137867487
15	11	0.0030399103	0.147715165
16	12	0.00367007275	0.157562843
17	13	0.0040585289	0.16741052
18	14	0.00464486169	0.177258198
19	14	0.00504156293	0.187105876
20	15	0.00553334655	0.196953553
21	15	0.00643937057	0.206801231
22	16	0.00722602607	0.216648909
23	16	0.00833853776	0.226496586
24	17	0.00926133044	0.236344264
25	17	0.0101483044	0.246191942
26	18	0.0116008197	0.25603962
27	18	0.0128660212	0.265887297
28	19	0.0145965573	0.275734975
29	19	0.0156506402	0.285582653
30	20	0.0168245182	0.29543033
31	20	0.0187819366	0.305278008
32	21	0.0207146083	0.315125686
33	21	0.0221999484	0.324973363
34	21	0.0238999391	0.334821041
35	22	0.0257483332	0.344668719
36	22	0.0276159096	0.354516396
37	23	0.0295983503	0.364364074
38	23	0.0316909423	0.374211752
39	24	0.0337536441	0.384059429
40	24	0.0357534606	0.393907107
41	25	0.0370864031	0.403754785
42	25	0.0378477229	0.413602462
43	26	0.0385095265	0.42345014
44	27	0.0397089897	0.433297818
45	27	0.0410594565	0.443145495
46	28	0.041769568	0.452993173
47	28	0.0429007425	0.462840851
48	29	0.0444192122	0.472688528
49	29	0.0453567229	0.482536206
50	30	0.0467856458	0.492383884
51	30	0.0487524448	0.502231561
52	31	0.0501046652	0.512079239
53	31	0.0519741136	0.521926917
54	32	0.0530117974	0.531774594
55	32	0.055338191	0.541622272
56	33	0.0570086188	0.55146995
57	33	0.0586473566	0.561317627
58	34	0.0605408202	0.571165305
59	34	0.0618774866	0.581012983
60	34	0.0636189029	0.59086066
61	35	0.0655329373	0.600708338
62	35	0.0675923994	0.610556016
63	36	0.0694420883	0.620403693
64	36	0.0715711541	0.630251371
65	37	0.073259369	0.640099049
66	37	0.0749880656	0.649946726
67	38	0.0761742701	0.659794404
68	38	0.076947888	0.669642082
69	39	0.0776100679	0.679489759
70	40	0.0786025958	0.689337437
71	40	0.0798426004	0.699185115
72	41	0.0811600151	0.709032792
73	41	0.082891793	0.71888047
74	42	0.0847780425	0.728728148
75	43	0.0865677144	0.738575825
76	43	0.0888319613	0.748423503
77	44	0.0901341795	0.758271181
78	44	0.0919865739	0.768118859
79	45	0.0942683116	0.777966536
80	45	0.0955789031	0.787814214
81	46	0.0972323116	0.797661892
82	46	0.0991720743	0.807509569
83	47	0.100749496	0.817357247
84	47	0.102468994	0.827204925
85	48	0.104281159	0.837052602
86	48	0.106151093	0.84690028
87	48	0.108099458	0.856747958
88	49	0.110130438	0.866595635
89	49	0.1115909	0.876443313
90	50	0.113528299	0.886290991
91	50	0.114972403	0.896138668
92	51	0.116083491	0.905986346
93	51	0.116730956	0.915834024
94	52	0.117919423	0.925681701
95	53	0.119226612	0.935529379
96	53	0.120370226	0.945377057
97	54	0.12193379	0.955224734
98	54	0.123071466	0.965072412
99	55	0.124331337	0.97492009
100	55	0.125961403	0.984767767
101	56	0.127323474	0.994615445
102	57	0.129137602	1.00446312
103	57	0.131199695	1.0143108
104	58	0.13255676	1.02415848
105	58	0.134964264	1.03400616
106	58	0.136306437	1.04385383
107	59	0.138322464	1.05370151
108	59	0.140409056	1.06354919
109	60	0.142762011	1.07339687
110	60	0.144954476	1.08324454
111	60	0.147239978	1.09309222
112	61	0.149342277	1.1029399
113	61	0.15114499	1.11278758
114	62	0.152674524	1.12263525
115	62	0.154151566	1.13248293
116	63	0.155529125	1.14233061
117	64	0.156096543	1.15217829
118	64	0.157159714	1.16202597
119	65	0.158444699	1.17187364
120	65	0.159557635	1.18172132
121	66	0.161210547	1.191569
122	66	0.162790035	1.20141668
123	67	0.164081574	1.21126435
124	68	0.165437509	1.22111203
125	68	0.167333507	1.23095971
126	68	0.168005363	1.24080739
127	69	0.168985572	1.25065506
128	69	0.170583476	1.26050274
129	70	0.17239071	1.27035042
130	70	0.173967506	1.2801981
131	71	0.176238639	1.29004578
132	71	0.177770976	1.29989345
133	72	0.178975264	1.30974113
134	72	0.180672968	1.31958881
135	72	0.182421889	1.32943649
136	73	0.184255613	1.33928416
137	73	0.186296625	1.34913184
138	74	0.188294684	1.35897952
139	74	0.190450369	1.3688272
140	75	0.192338521	1.37867487
141	75	0.193893208	1.38852255
142	76	0.194914004	1.39837023
143	76	0.19555526	1.40821791
144	77	0.196700424	1.41806558
145	77	0.198116574	1.42791326
146	78	0.199711156	1.43776094
147	79	0.200981333	1.44760862
148	79	0.202551721	1.4574563
149	80	0.203924583	1.46730397
150	80	0.205844445	1.47715165
151	81	0.207487832	1.48699933
152	81	0.209062081	1.49684701
153	82	0.2108863	1.50669468
154	82	0.213098794	1.51654236
155	82	0.215006301	1.52639004
156	83	0.216794896	1.53623772
157	83	0.218844353	1.54608539
158	84	0.22068996	1.55593307
159	84	0.222686611	1.56578075
160	84	0.224756465	1.57562843
161	85	0.226792344	1.58547611
162	85	0.228963647	1.59532378
163	86	0.230515935	1.60517146
164	86	0.232265171	1.61501914
165	87	0.233755881	1.62486682
166	87	0.234405879	1.63471449
167	88	0.235082042	1.64456217
168	89	0.236369444	1.65440985
169	89	0.237685422	1.66425753
170	90	0.239176766	1.6741052
171	90	0.240842796	1.68395288
172	91	0.242482742	1.69380056
173	91	0.242784324	1.70364824
174	92	0.243298737	1.71349592
175	93	0.244336412	1.72334359
176	93	0.245002528	1.73319127
177	94	0.246033199	1.74303895
178	94	0.246787587	1.75288663
179	94	0.247378767	1.7627343
180	95	0.248071817	1.77258198
181	95	0.248871576	1.78242966
182	96	0.249939527	1.79227734
183	96	0.250839985	1.80212501
184	97	0.252129605	1.81197269
185	97	0.253420905	1.82182037
186	98	0.255043747	1.83166805
187	98	0.256744839	1.84151572
188	98	0.258306107	1.8513634
189	99	0.260083359	1.86121108
190	99	0.261944152	1.87105876
191	100	0.264106377	1.88090644
192	100	0.266034055	1.89075411
193	101	0.268065103	1.90060179
194	101	0.270004072	1.91044947
195	102	0.271589974	1.92029715
196	102	0.27312765	1.93014482
197	103	0.273740251	1.9399925
198	103	0.274447791	1.94984018
199	104	0.275743488	1.95968786
200	105	0.277125986	1.96953553
201	106	0.278805349	1.97938321
202	106	0.280409616	1.98923089
203	107	0.282146456	1.99907857
204	107	0.284375336	2.00892625
205	108	0.285761847	2.01877392
206	108	0.287508693	2.0286216
207	109	0.28868872	2.03846928
208	109	0.290612836	2.04831696
209	110	0.29259993	2.05816463
210	110	0.294128382	2.06801231
211	111	0.296610664	2.07785999
212	111	0.298575262	2.08770767
213	111	0.300430422	2.09755534
214	112	0.302323808	2.10740302
215	112	0.304315589	2.1172507
216	113	0.306364023	2.12709838
217	113	0.307742338	2.13694606
218	114	0.30925587	2.14679373
219	114	0.310701529	2.15664141
220	115	0.312115254	2.16648909
221	115	0.312681098	2.17633677
222	116	0.313638749	2.18618444
223	116	0.314684011	2.19603212
224	117	0.316154842	2.2058798
225	118	0.317631853	2.21572748
226	118	0.319339988	2.22557515
227	119	0.321125283	2.23542283
228	119	0.322843885	2.24527051
229	120	0.324598094	2.25511819
230	120	0.326259839	2.26496586
231	121	0.328101459	2.27481354
232	121	0.329997951	2.28466122
233	122	0.331719917	2.2945089
234	122	0.333647394	2.30435658
235	122	0.33569923	2.31420425
236	123	0.337333676	2.32405193
237	123	0.339171968	2.33389961
238	124	0.341099465	2.34374729
239	124	0.343154484	2.35359496
240	124	0.345127136	2.36344264
241	125	0.347232969	2.37329032
242	125	0.34908229	2.383138
243	126	0.350496052	2.39298567
244	127	0.35174569	2.40283335
245	127	0.352412796	2.41268103
246	128	0.353537973	2.42252871
247	128	0.354839905	2.43237639
248	129	0.356016424	2.44222406
249	130	0.357624603	2.45207174
250	130	0.358962924	2.46191942
251	131	0.36067896	2.4717671
252	131	0.362591749	2.48161477
253	132	0.364434991	2.49146245
254	132	0.366142474	2.50131013
255	133	0.367477393	2.51115781
256	133	0.369384535	2.52100548
257	134	0.371611449	2.53085316
258	134	0.373438257	2.54070084
259	134	0.375048716	2.55054852
260	135	0.376703442	2.5603962
261	135	0.378504744	2.57024387
262	136	0.38042552	2.58009155
263	136	0.382494588	2.58993923
264	137	0.384468653	2.59978691
265	137	0.386607297	2.60963458
266	137	0.388570821	2.61948226
267	138	0.390061639	2.62932994
268	139	0.391368882	2.63917762
269	139	0.392085213	2.64902529
270	140	0.393124081	2.65887297
271	140	0.394517451	2.66872065
272	141	0.395715121	2.67856833
273	141	0.397303698	2.688416
274	142	0.399112368	2.69826368
275	143	0.400806165	2.70811136
276	143	0.40278511	2.71795904
277	144	0.404094952	2.72780672
278	144	0.405977496	2.73765439
279	144	0.408402247	2.74750207
280	145	0.410069803	2.75734975
281	145	0.412055661	2.76719743
282	146	0.414141396	2.7770451
283	146	0.415302541	2.78689278
284	147	0.417022737	2.79674046
285	147	0.418924413	2.80658814
286	147	0.420907758	2.81643581
287	148	0.422886153	2.82628349
288	148	0.425129106	2.83613117
289	149	0.426729559	2.84597885
290	149	0.428021472	2.85582653
291	150	0.429633791	2.8656742
292	150	0.430416824	2.87552188
293	151	0.431055607	2.88536956
294	151	0.432169143	2.89521724
295	152	0.43345101	2.90506491
296	153	0.434754587	2.91491259
297	153	0.436062306	2.92476027
298	154	0.43740811	2.93460795
299	154	0.43869909	2.94445562
300	155	0.440730725	2.9543033
301	156	0.442134199	2.96415098
302	156	0.443877029	2.97399866
303	157	0.445460755	2.98384633
304	157	0.447712261	2.99369401
305	158	0.449292851	3.00354169
306	158	0.451481191	3.01338937
307	158	0.452545295	3.02323705
308	159	0.454450422	3.03308472
309	159	0.45623117	3.0429324
310	160	0.458154174	3.05278008
311	160	0.460145458	3.06262776
312	160	0.462165698	3.07247543
313	161	0.464372883	3.08232311
314	162	0.465541257	3.09217079
315	162	0.466728286	3.10201847
316	163	0.468286617	3.11186614
317	163	0.469345783	3.12171382
318	164	0.47005659	3.1315615
319	164	0.47091587	3.14140918
320	165	0.472143024	3.15125686
321	165	0.47335965	3.16110453
322	166	0.474672657	3.17095221
323	167	0.475827794	3.18079989
324	167	0.476825738	3.19064757
325	168	0.478305588	3.20049524
326	168	0.480118485	3.21034292
327	169	0.481901548	3.2201906
328	169	0.483243678	3.23003828
329	170	0.484675196	3.23988595
330	170	0.486311673	3.24973363
331	170	0.488112338	3.25958131
332	171	0.490279884	3.26942899
333	171	0.492008586	3.27927667
334	172	0.493881361	3.28912434
335	172	0.495754123	3.29897202
336	173	0.497706909	3.3088197
337	173	0.499780175	3.31866738
338	173	0.501823427	3.32851505
339	174	0.503770221	3.33836273
340	175	0.504927534	3.34821041
341	175	0.506355455	3.35805809
342	176	0.508009206	3.36790576
343	176	0.508929894	3.37775344
344	177	0.509598192	3.38760112
345	177	0.510725164	3.3974488
346	178	0.512029879	3.40729647
347	179	0.513375171	3.41714415
348	179	0.515223685	3.42699183
349	180	0.517044639	3.43683951
350	180	0.51903978	3.44668719
351	181	0.52058386	3.45653486
352	181	0.522803646	3.46638254
353	182	0.523859981	3.47623022
354	182	0.526013822	3.4860779
355	183	0.527777878	3.49592557
356	183	0.52926138	3.50577325
357	184	0.531418651	3.51562093
358	184	0.533164301	3.52546861
359	184	0.534866848	3.53531628
360	185	0.536778987	3.54516396
361	185	0.538737146	3.55501164
362	186	0.540724426	3.56485932
363	186	0.542878954	3.574707
364	187	0.54483388	3.58455467
365	187	0.546204298	3.59440235
366	188	0.547387657	3.60425003
367	188	0.548212775	3.61409771
368	189	0.548876137	3.62394538
369	190	0.549975496	3.63379306
370	190	0.551283331	3.64364074
371	191	0.552617809	3.65348842
372	191	0.554346118	3.66333609
373	192	0.555964393	3.67318377
374	192	0.556891146	3.68303145
375	193	0.558314867	3.69287913
376	193	0.559406181	3.70272681
377	194	0.560885991	3.71257448
378	194	0.562675209	3.72242216
379	195	0.564477693	3.73226984
380	195	0.565844015	3.74211752
381	196	0.567725496	3.75196519
382	196	0.569845137	3.76181287
383	196	0.571492042	3.77166055
384	197	0.573041067	3.78150823
385	197	0.574782054	3.7913559
386	198	0.576691717	3.80120358
387	198	0.578715922	3.81105126
388	198	0.580626003	3.82089894
389	199	0.582295228	3.83074661
390	199	0.583747844	3.84059429
391	200	0.585452006	3.85044197
392	201	0.586855459	3.86028965
393	201	0.587612397	3.87013733
394	202	0.588270516	3.879985
395	202	0.589368056	3.88983268
396	203	0.590781832	3.89968036
397	204	0.591879544	3.90952804
398	204	0.59331238	3.91937571
399	204	0.594906594	3.92922339
400	205	0.596179005	3.93907107
401	206	0.597157935	3.94891875
402	207	0.598820539	3.95876642
403	207	0.600160093	3.9686141
404	208	0.601285238	3.97846178
405	208	0.603094685	3.98830946
406	209	0.604707967	3.99815714
407	209	0.606654908	4.00800481
408	209	0.608861102	4.01785249
409	210	0.611238666	4.02770017
410	210	0.612855525	4.03754785
411	211	0.614771042	4.04739552
412	211	0.616585495	4.0572432
413	211	0.61849571	4.06709088
414	212	0.620469742	4.07693856
415	212	0.622055074	4.08678623
416	213	0.623384729	4.09663391
417	213	0.624819141	4.10648159
418	214	0.626033785	4.11632927
419	215	0.626819695	4.12617695
420	215	0.627481527	4.13602462
421	216	0.628599946	4.1458723
422	216	0.629885655	4.15571998
423	217	0.631234495	4.16556766
424	218	0.632783703	4.17541533
425	218	0.634230349	4.18526301
426	219	0.636132068	4.19511069
427	219	0.638151604	4.20495837
428	220	0.639353085	4.21480604
429	220	0.641248897	4.22465372
430	221	0.643237441	4.2345014
431	221	0.645537755	4.24434908
432	221	0.646811845	4.25419675
433	222	0.648773349	4.26404443
434	222	0.650513107	4.27389211
435	223	0.652261056	4.28373979
436	223	0.654098208	4.29358747
437	224	0.655998069	4.30343514
438	224	0.658008674	4.31328282
439	224	0.660129115	4.3231305
440	225	0.661847929	4.33297818
441	225	0.663698441	4.34282585
442	226	0.665346089	4.35267353
443	227	0.66607423	4.36252121
444	227	0.666806525	4.37236889
445	228	0.667907234	4.38221656
446	228	0.669280957	4.39206424
447	229	0.670730553	4.40191192
448	230	0.672505931	4.4117596
449	230	0.674335224	4.42160728
450	231	0.676383731	4.43145495
451	231	0.678174127	4.44130263
452	232	0.679800424	4.45115031
453	232	0.681065184	4.46099799
454	233	0.682732276	4.47084566
455	233	0.684437962	4.48069334
456	234	0.686695925	4.49054102
457	234	0.687950809	4.5003887
458	234	0.690116178	4.51023637
459	235	0.692539215	4.52008405
460	235	0.69459718	4.52993173
461	236	0.696653306	4.53977941
462	236	0.698681006	4.54962709
463	237	0.700809336	4.55947476
464	237	0.702791209	4.56932244
465	238	0.70433979	4.57917012
466	238	0.705199831	4.5890178
467	239	0.706167335	4.59886547
468	239	0.707256086	4.60871315
469	240	0.708598551	4.61856083
470	240	0.710061275	4.62840851
471	241	0.711770514	4.63825618
472	242	0.713539249	4.64810386
473	242	0.715292962	4.65795154
474	242	0.717242224	4.66779922
475	243	0.718727099	4.67764689
476	243	0.720511307	4.68749457
477	244	0.722462549	4.69734225
478	244	0.724473438	4.70718993
479	245	0.72605085	4.71703761
480	245	0.728486314	4.72688528
481	246	0.729583864	4.73673296
482	246	0.731505739	4.74658064
483	246	0.733585871	4.75642832
484	247	0.735787486	4.76627599
485	247	0.737829287	4.77612367
486	248	0.739990463	4.78597135
487	248	0.74198243	4.79581903
488	249	0.743523956	4.8056667
489	250	0.744583707	4.81551438
490	250	0.745317236	4.82536206
491	251	0.746507534	4.83520974
492	251	0.747775012	4.84505742
493	252	0.748595662	4.85490509
494	252	0.750029533	4.86475277
495	253	0.751494853	4.87460045
496	253	0.7524282	4.88444813
497	254	0.754736934	4.8942958
498	254	0.756031656	4.90414348
499	255	0.757933268	4.91399116
500	255	0.759317262	4.92383884
501	256	0.761313711	4.93368651
502	257	0.762732399	4.94353419
503	257	0.764475094	4.95338187
504	258	0.766472543	4.96322955
505	258	0.76843684	4.97307722
506	259	0.770432351	4.9829249
507	259	0.77245416	4.99277258
508	259	0.774487366	5.00262026
509	260	0.776521089	5.01246794
510	260	0.778608838	5.02231561
511	261	0.780204085	5.03216329
512	261	0.78181453	5.04201097
513	262	0.783407624	5.05185865
514	262	0.784120483	5.06170632
515	263	0.784816112	5.071554
516	263	0.785980921	5.08140168
517	264	0.787291802	5.09124936
518	265	0.788491535	5.10109703
519	265	0.790238216	5.11094471
520	265	0.791832653	5.12079239
521	266	0.793607688	5.13064007
522	267	0.795517109	5.14048775
523	267	0.796880718	5.15033542
524	268	0.798776321	5.1601831
525	268	0.800855109	5.17003078
526	269	0.802056601	5.17987846
527	269	0.803756714	5.18972613
528	269	0.805604064	5.19957381
529	270	0.807139072	5.20942149
530	270	0.808800588	5.21926917
531	271	0.810528887	5.22911684
532	271	0.812371011	5.23896452
533	271	0.814398297	5.2488122
534	272	0.8163707	5.25865988
535	272	0.818531732	5.26850756
536	273	0.820516922	5.27835523
537	274	0.822100754	5.28820291
538	274	0.822988258	5.29805059
539	275	0.823633121	5.30789827
540	275	0.824763669	5.31774594
541	276	0.826063854	5.32759362
542	277	0.826936533	5.3374413
543	277	0.828431491	5.34728898
544	278	0.829982653	5.35713665
545	278	0.831305717	5.36698433
546	279	0.833219486	5.37683201
547	279	0.834490823	5.38667969
548	280	0.836334066	5.39652736
549	280	0.837538381	5.40637504
550	280	0.838684415	5.41622272
551	281	0.840393113	5.4260704
552	281	0.842219379	5.43591808
553	282	0.843860219	5.44576575
554	282	0.845817611	5.45561343
555	283	0.847507411	5.46546111
556	283	0.849762448	5.47530879
557	283	0.851584899	5.48515646
558	284	0.853621273	5.49500414
559	284	0.855644177	5.50485182
560	285	0.85785618	5.5146995
561	285	0.859926666	5.52454717
562	286	0.861598197	5.53439485
563	286	0.862380917	5.54424253
564	287	0.863053273	5.55409021
565	288	0.864200278	5.56393789
566	288	0.865439918	5.57378556
567	289	0.866474417	5.58363324
568	289	0.86798622	5.59348092
569	290	0.869572468	5.6033286
570	291	0.87007781	5.61317627
571	291	0.870919815	5.62302395
572	292	0.87237456	5.63287163
573	292	0.874152317	5.64271931
574	293	0.875043492	5.65256698
575	293	0.875839957	5.66241466
576	294	0.877752854	5.67226234
577	294	0.879486637	5.68211002
578	295	0.88084569	5.6919577
579	295	0.882820423	5.70180537
580	295	0.884264133	5.71165305
581	296	0.886300307	5.72150073
582	296	0.888030296	5.73134841
583	297	0.889886051	5.74119608
584	297	0.891780644	5.75104376
585	298	0.893787586	5.76089144
586	298	0.895965965	5.77073912
587	299	0.897840527	5.78058679
588	299	0.899259151	5.79043447
589	300	0.900885083	5.80028215
590	300	0.901661073	5.81012983
591	301	0.902306055	5.8199775
592	301	0.903499719	5.82982518
593	302	0.904744062	5.83967286
594	303	0.906218662	5.84952054
595	303	0.907706385	5.85936822
596	304	0.90950854	5.86921589
597	304	0.911002423	5.87906357
598	305	0.912982045	5.88891125
599	305	0.914799215	5.89875893
600	306	0.916659089	5.9086066
601	307	0.918565062	5.91845428
602	307	0.920599424	5.92830196
603	308	0.922127053	5.93814964
604	308	0.924156594	5.94799731
605	308	0.925725862	5.95784499
606	309	0.927400011	5.96769267
607	309	0.92924303	5.97754035
608	310	0.931160961	5.98738803
609	310	0.93319824	5.9972357
610	311	0.935416354	6.00708338
611	311	0.936914146	6.01693106
612	312	0.938254499	6.02677874
613	312	0.939875868	6.03662641
614	313	0.9409435	6.04647409
615	313	0.941649642	6.05632177
616	314	0.942760374	6.06616945
617	315	0.944044219	6.07601712
618	315	0.945305637	6.0858648
619	316	0.947113798	6.09571248
620	316	0.948609342	6.10556016
621	317	0.949759912	6.11540784
622	317	0.952036199	6.12525551
623	317	0.953555016	6.13510319
624	318	0.955864544	6.14495087
625	318	0.957916135	6.15479855
626	319	0.959748358	6.16464622
627	319	0.961464673	6.1744939
628	320	0.962821667	6.18434158
629	320	0.964999974	6.19418926
630	320	0.967332642	6.20403693
631	321	0.9693328	6.21388461
632	321	0.971379054	6.22373229
633	322	0.9733514	6.23357997
634	322	0.975375038	6.24342764
635	323	0.976677165	6.25327532
636	323	0.978072989	6.263123
637	324	0.979442474	6.27297068
638	324	0.980203648	6.28281836
639	325	0.980874357	6.29266603
640	325	0.982069375	6.30251371
641	326	0.983373303	6.31236139
642	326	0.98473429	6.32220907
643	327	0.986592386	6.33205674
644	328	0.98800552	6.34190442
645	328	0.989517772	6.3517521
646	328	0.99162104	6.36159978
647	329	0.993187325	6.37144745
648	329	0.99524325	6.38129513
649	330	0.997050202	6.39114281
650	330	0.998570415	6.40099049
651	331	1	6.41083817
