Iteration	CPUTime	PhysTime	Travels	Value	AvValue	MinValue	MaxValue	Delta	Criteria	PrevAvRefValue	Progress	CriteriaType	CriteriaVarType	CriteriaPercentage
1	2	0.000100925651	0.00984767767	0	0	0	0	0	0	0	0	0	0	3
2	3	0.000190052491	0.0196953553	0	0	0	0	0	0	0	0	0	0	3
3	4	0.000274930045	0.029543033	0	0	0	0	0	0	0	0	0	0	3
4	4	0.000359735968	0.0393907107	0	0	0	0	0	0	0	0	0	0	3
5	5	0.000446876366	0.0492383884	0	0	0	0	0	0	0	0	0	0	3
6	6	0.000600085754	0.059086066	0	0	0	0	0	0	0	0	0	0	3
7	6	0.000790165023	0.0689337437	0	0	0	0	0	0	0	0	0	0	3
8	7	0.00100063743	0.0787814214	0	0	0	0	0	0	0	0	0	0	3
9	8	0.0012086204	0.0886290991	0	0	0	0	0	0	0	0	0	0	3
10	9	0.00143105264	0.0984767767	0	0	0	0	0	0	0	0	0	0	3
11	9	0.00178474472	0.108324454	0	0	0	0	0	0	0	0	0	0	3
12	10	0.00212559939	0.118172132	0	0	0	0	0	0	0	0	0	0	3
13	10	0.00231229636	0.12801981	0	0	0	0	0	0	0	0	0	0	3
14	11	0.00263818579	0.137867487	0	0	0	0	0	0	0	0	0	0	3
15	11	0.0030399103	0.147715165	0	0	0	0	0	0	0	0	0	0	3
16	12	0.00367007275	0.157562843	0	0	0	0	0	0	0	0	0	0	3
17	13	0.0040585289	0.16741052	0	0	0	0	0	0	0	0	0	0	3
18	14	0.00464486169	0.177258198	0	0	0	0	0	0	0	0	0	0	3
19	14	0.00504156293	0.187105876	0	0	0	0	0	0	0	0	0	0	3
20	15	0.00553334655	0.196953553	0	0	0	0	0	0	0	0	0	0	3
21	15	0.00643937057	0.206801231	0	0	0	0	0	0	0	0	0	0	3
22	16	0.00722602607	0.216648909	0	0	0	0	0	0	0	0	0	0	3
23	16	0.00833853776	0.226496586	0	0	0	0	0	0	0	0	0	0	3
24	17	0.00926133044	0.236344264	0	0	0	0	0	0	0	0	0	0	3
25	17	0.0101483044	0.246191942	0	0	0	0	0	0	0	0	0	0	3
26	18	0.0116008197	0.25603962	0	0	0	0	0	0	0	0	0	0	3
27	18	0.0128660212	0.265887297	0	0	0	0	0	0	0	0	0	0	3
28	19	0.0145965573	0.275734975	0	0	0	0	0	0	0	0	0	0	3
29	19	0.0156506402	0.285582653	0	0	0	0	0	0	0	0	0	0	3
30	20	0.0168245182	0.29543033	0	0	0	0	0	0	0	0	0	0	3
31	20	0.0187819366	0.305278008	0	0	0	0	0	0	0	0	0	0	3
32	21	0.0207146083	0.315125686	0	0	0	0	0	0	0	0	0	0	3
33	21	0.0221999484	0.324973363	0	0	0	0	0	0	0	0	0	0	3
34	21	0.0238999391	0.334821041	0	0	0	0	0	0	0	0	0	0	3
35	22	0.0257483332	0.344668719	0	0	0	0	0	0	0	0	0	0	3
36	22	0.0276159096	0.354516396	0	0	0	0	0	0	0	0	0	0	3
37	23	0.0295983503	0.364364074	0	0	0	0	0	0	0	0	0	0	3
38	23	0.0316909423	0.374211752	0	0	0	0	0	0	0	0	0	0	3
39	24	0.0337536441	0.384059429	0	0	0	0	0	0	0	0	0	0	3
40	24	0.0357534606	0.393907107	0	0	0	0	0	0	0	0	0	0	3
41	25	0.0370864031	0.403754785	0	0	0	0	0	0	0	0	0	0	3
42	25	0.0378477229	0.413602462	0	0	0	0	0	0	0	0	0	0	3
43	26	0.0385095265	0.42345014	0	0	0	0	0	0	0	0	0	0	3
44	27	0.0397089897	0.433297818	0	0	0	0	0	0	0	0	0	0	3
45	27	0.0410594565	0.443145495	0	0	0	0	0	0	0	0	0	0	3
46	28	0.041769568	0.452993173	0	0	0	0	0	0	0	0	0	0	3
47	28	0.0429007425	0.462840851	0	0	0	0	0	0	0	0	0	0	3
48	29	0.0444192122	0.472688528	0	0	0	0	0	0	0	0	0	0	3
49	29	0.0453567229	0.482536206	0	0	0	0	0	0	0	0	0	0	3
50	30	0.0467856458	0.492383884	0	0	0	0	0	0	0	0	0	0	3
51	30	0.0487524448	0.502231561	0	0	0	0	0	0	0	0	0	0	3
52	31	0.0501046652	0.512079239	0	0	0	0	0	0	0	0	0	0	3
53	31	0.0519741136	0.521926917	0	0	0	0	0	0	0	0	0	0	3
54	32	0.0530117974	0.531774594	0	0	0	0	0	0	0	0	0	0	3
55	32	0.055338191	0.541622272	0	0	0	0	0	0	0	0	0	0	3
56	33	0.0570086188	0.55146995	0	0	0	0	0	0	0	0	0	0	3
57	33	0.0586473566	0.561317627	0	0	0	0	0	0	0	0	0	0	3
58	34	0.0605408202	0.571165305	0	0	0	0	0	0	0	0	0	0	3
59	34	0.0618774866	0.581012983	0	0	0	0	0	0	0	0	0	0	3
60	34	0.0636189029	0.59086066	0	0	0	0	0	0	0	0	0	0	3
61	35	0.0655329373	0.600708338	0	0	0	0	0	0	0	0	0	0	3
62	35	0.0675923994	0.610556016	0	0	0	0	0	0	0	0	0	0	3
63	36	0.0694420883	0.620403693	0	0	0	0	0	0	0	0	0	0	3
64	36	0.0715711541	0.630251371	0	0	0	0	0	0	0	0	0	0	3
65	37	0.073259369	0.640099049	0	0	0	0	0	0	0	0	0	0	3
66	37	0.0749880656	0.649946726	0	0	0	0	0	0	0	0	0	0	3
67	38	0.0761742701	0.659794404	0	0	0	0	0	0	0	0	0	0	3
68	38	0.076947888	0.669642082	0	0	0	0	0	0	0	0	0	0	3
69	39	0.0776100679	0.679489759	0	0	0	0	0	0	0	0	0	0	3
70	40	0.0786025958	0.689337437	0	0	0	0	0	0	0	0	0	0	3
71	40	0.0798426004	0.699185115	0	0	0	0	0	0	0	0	0	0	3
72	41	0.0811600151	0.709032792	0	0	0	0	0	0	0	0	0	0	3
73	41	0.082891793	0.71888047	0	0	0	0	0	0	0	0	0	0	3
74	42	0.0847780425	0.728728148	0	0	0	0	0	0	0	0	0	0	3
75	43	0.0865677144	0.738575825	0	0	0	0	0	0	0	0	0	0	3
76	43	0.0888319613	0.748423503	0	0	0	0	0	0	0	0	0	0	3
77	44	0.0901341795	0.758271181	0	0	0	0	0	0	0	0	0	0	3
78	44	0.0919865739	0.768118859	0	0	0	0	0	0	0	0	0	0	3
79	45	0.0942683116	0.777966536	0	0	0	0	0	0	0	0	0	0	3
80	45	0.0955789031	0.787814214	0	0	0	0	0	0	0	0	0	0	3
81	46	0.0972323116	0.797661892	0	0	0	0	0	0	0	0	0	0	3
82	46	0.0991720743	0.807509569	0	0	0	0	0	0	0	0	0	0	3
83	47	0.100749496	0.817357247	0	0	0	0	0	0	0	0	0	0	3
84	47	0.102468994	0.827204925	0	0	0	0	0	0	0	0	0	0	3
85	48	0.104281159	0.837052602	0	0	0	0	0	0	0	0	0	0	3
86	48	0.106151093	0.84690028	0	0	0	0	0	0	0	0	0	0	3
87	48	0.108099458	0.856747958	0	0	0	0	0	0	0	0	0	0	3
88	49	0.110130438	0.866595635	0	0	0	0	0	0	0	0	0	0	3
89	49	0.1115909	0.876443313	0	0	0	0	0	0	0	0	0	0	3
90	50	0.113528299	0.886290991	0	0	0	0	0	0	0	0	0	0	3
91	50	0.114972403	0.896138668	0	0	0	0	0	0	0	0	0	0	3
92	51	0.116083491	0.905986346	0	0	0	0	0	0	0	0	0	0	3
93	51	0.116730956	0.915834024	0	0	0	0	0	0	0	0	0	0	3
94	52	0.117919423	0.925681701	0	0	0	0	0	0	0	0	0	0	3
95	53	0.119226612	0.935529379	0	0	0	0	0	0	0	0	0	0	3
96	53	0.120370226	0.945377057	0	0	0	0	0	0	0	0	0	0	3
97	54	0.12193379	0.955224734	0	0	0	0	0	0	0	0	0	0	3
98	54	0.123071466	0.965072412	0	0	0	0	0	0	0	0	0	0	3
99	55	0.124331337	0.97492009	0	0	0	0	0	0	0	0	0	0	3
100	55	0.125961403	0.984767767	0	0	0	0	0	0	0	0	0	0	3
101	56	0.127323474	0.994615445	0	0	0	0	0	0	0	0	0	0	3
102	57	0.129137602	1.00446312	0	0	0	0	0	5e-06	0	0	0	0	3
103	57	0.131199695	1.0143108	0	0	0	0	0	5e-06	0	0	0	0	3
104	58	0.13255676	1.02415848	0	0	0	0	0	5e-06	0	0	0	0	3
105	58	0.134964264	1.03400616	0	0	0	0	0	5e-06	0	0	0	0	3
106	58	0.136306437	1.04385383	0	0	0	0	0	5e-06	0	0	0	0	3
107	59	0.138322464	1.05370151	0	0	0	0	0	5e-06	0	0	0	0	3
108	59	0.140409056	1.06354919	0	0	0	0	0	5e-06	0	0	0	0	3
109	60	0.142762011	1.07339687	0	0	0	0	0	5e-06	0	0	0	0	3
110	60	0.144954476	1.08324454	0	0	0	0	0	5e-06	0	0	0	0	3
111	60	0.147239978	1.09309222	0	0	0	0	0	5e-06	0	0	0	0	3
112	61	0.149342277	1.1029399	0	0	0	0	0	5e-06	0	0	0	0	3
113	61	0.15114499	1.11278758	0	0	0	0	0	5e-06	0	0	0	0	3
114	62	0.152674524	1.12263525	0	0	0	0	0	5e-06	0	0	0	0	3
115	62	0.154151566	1.13248293	0	0	0	0	0	5e-06	0	0	0	0	3
116	63	0.155529125	1.14233061	0	0	0	0	0	5e-06	0	0	0	0	3
117	64	0.156096543	1.15217829	0	0	0	0	0	5e-06	0	0	0	0	3
118	64	0.157159714	1.16202597	0	0	0	0	0	5e-06	0	0	0	0	3
119	65	0.158444699	1.17187364	0	0	0	0	0	5e-06	0	0	0	0	3
120	65	0.159557635	1.18172132	0	0	0	0	0	5e-06	0	0	0	0	3
121	66	0.161210547	1.191569	0	0	0	0	0	5e-06	0	0	0	0	3
122	66	0.162790035	1.20141668	0	0	0	0	0	5e-06	0	0	0	0	3
123	67	0.164081574	1.21126435	0	0	0	0	0	5e-06	0	0	0	0	3
124	68	0.165437509	1.22111203	0	0	0	0	0	5e-06	0	0	0	0	3
125	68	0.167333507	1.23095971	0	0	0	0	0	5e-06	0	0	0	0	3
126	68	0.168005363	1.24080739	0	0	0	0	0	5e-06	0	0	0	0	3
127	69	0.168985572	1.25065506	0	0	0	0	0	5e-06	0	0	0	0	3
128	69	0.170583476	1.26050274	0	0	0	0	0	5e-06	0	0	0	0	3
129	70	0.17239071	1.27035042	0	0	0	0	0	5e-06	0	0	0	0	3
130	70	0.173967506	1.2801981	0	0	0	0	0	5e-06	0	0	0	0	3
131	71	0.176238639	1.29004578	0	0	0	0	0	5e-06	0	0	0	0	3
132	71	0.177770976	1.29989345	0	0	0	0	0	5e-06	0	0	0	0	3
133	72	0.178975264	1.30974113	0	0	0	0	0	5e-06	0	0	0	0	3
134	72	0.180672968	1.31958881	0	0	0	0	0	5e-06	0	0	0	0	3
135	72	0.182421889	1.32943649	0	0	0	0	0	5e-06	0	0	0	0	3
136	73	0.184255613	1.33928416	0	0	0	0	0	5e-06	0	0	0	0	3
137	73	0.186296625	1.34913184	0	0	0	0	0	5e-06	0	0	0	0	3
138	74	0.188294684	1.35897952	0	0	0	0	0	5e-06	0	0	0	0	3
139	74	0.190450369	1.3688272	0	0	0	0	0	5e-06	0	0	0	0	3
140	75	0.192338521	1.37867487	0	0	0	0	0	5e-06	0	0	0	0	3
141	75	0.193893208	1.38852255	0	0	0	0	0	5e-06	0	0	0	0	3
142	76	0.194914004	1.39837023	0	0	0	0	0	5e-06	0	0	0	0	3
143	76	0.19555526	1.40821791	0	0	0	0	0	5e-06	0	0	0	0	3
144	77	0.196700424	1.41806558	0	0	0	0	0	5e-06	0	0	0	0	3
145	77	0.198116574	1.42791326	0	0	0	0	0	5e-06	0	0	0	0	3
146	78	0.199711156	1.43776094	0	0	0	0	0	5e-06	0	0	0	0	3
147	79	0.200981333	1.44760862	0	0	0	0	0	5e-06	0	0	0	0	3
148	79	0.202551721	1.4574563	0	0	0	0	0	5e-06	0	0	0	0	3
149	80	0.203924583	1.46730397	0	0	0	0	0	5e-06	0	0	0	0	3
150	80	0.205844445	1.47715165	0	0	0	0	0	5e-06	0	0	0	0	3
151	81	0.207487832	1.48699933	0	0	0	0	0	5e-06	0	0	0	0	3
152	81	0.209062081	1.49684701	0	0	0	0	0	5e-06	0	0	0	0	3
153	82	0.2108863	1.50669468	0	0	0	0	0	5e-06	0	0	0	0	3
154	82	0.213098794	1.51654236	0	0	0	0	0	5e-06	0	0	0	0	3
155	82	0.215006301	1.52639004	0	0	0	0	0	5e-06	0	0	0	0	3
156	83	0.216794896	1.53623772	0	0	0	0	0	5e-06	0	0	0	0	3
157	83	0.218844353	1.54608539	0	0	0	0	0	5e-06	0	0	0	0	3
158	84	0.22068996	1.55593307	0	0	0	0	0	5e-06	0	0	0	0	3
159	84	0.222686611	1.56578075	0	0	0	0	0	5e-06	0	0	0	0	3
160	84	0.224756465	1.57562843	0	0	0	0	0	5e-06	0	0	0	0	3
161	85	0.226792344	1.58547611	0	0	0	0	0	5e-06	0	0	0	0	3
162	85	0.228963647	1.59532378	0	0	0	0	0	5e-06	0	0	0	0	3
163	86	0.230515935	1.60517146	0	0	0	0	0	5e-06	0	0	0	0	3
164	86	0.232265171	1.61501914	0	0	0	0	0	5e-06	0	0	0	0	3
165	87	0.233755881	1.62486682	0	0	0	0	0	5e-06	0	0	0	0	3
166	87	0.234405879	1.63471449	0	0	0	0	0	5e-06	0	0	0	0	3
167	88	0.235082042	1.64456217	0	0	0	0	0	5e-06	0	0	0	0	3
168	89	0.236369444	1.65440985	0	0	0	0	0	5e-06	0	0	0	0	3
169	89	0.237685422	1.66425753	0	0	0	0	0	5e-06	0	0	0	0	3
170	90	0.239176766	1.6741052	0	0	0	0	0	5e-06	0	0	0	0	3
171	90	0.240842796	1.68395288	0	0	0	0	0	5e-06	0	0	0	0	3
172	91	0.242482742	1.69380056	0	0	0	0	0	5e-06	0	0	0	0	3
173	91	0.242784324	1.70364824	0	0	0	0	0	5e-06	0	0	0	0	3
174	92	0.243298737	1.71349592	0	0	0	0	0	5e-06	0	0	0	0	3
175	93	0.244336412	1.72334359	0	0	0	0	0	5e-06	0	0	0	0	3
176	93	0.245002528	1.73319127	0	0	0	0	0	5e-06	0	0	0	0	3
177	94	0.246033199	1.74303895	0	0	0	0	0	5e-06	0	0	0	0	3
178	94	0.246787587	1.75288663	0	0	0	0	0	5e-06	0	0	0	0	3
179	94	0.247378767	1.7627343	0	0	0	0	0	5e-06	0	0	0	0	3
180	95	0.248071817	1.77258198	0	0	0	0	0	5e-06	0	0	0	0	3
181	95	0.248871576	1.78242966	0	0	0	0	0	5e-06	0	0	0	0	3
182	96	0.249939527	1.79227734	0	0	0	0	0	5e-06	0	0	0	0	3
183	96	0.250839985	1.80212501	0	0	0	0	0	5e-06	0	0	0	0	3
184	97	0.252129605	1.81197269	0	0	0	0	0	5e-06	0	0	0	0	3
185	97	0.253420905	1.82182037	0	0	0	0	0	5e-06	0	0	0	0	3
186	98	0.255043747	1.83166805	0	0	0	0	0	5e-06	0	0	0	0	3
187	98	0.256744839	1.84151572	0	0	0	0	0	5e-06	0	0	0	0	3
188	98	0.258306107	1.8513634	0	0	0	0	0	5e-06	0	0	0	0	3
189	99	0.260083359	1.86121108	0	0	0	0	0	5e-06	0	0	0	0	3
190	99	0.261944152	1.87105876	0	0	0	0	0	5e-06	0	0	0	0	3
191	100	0.264106377	1.88090644	0	0	0	0	0	5e-06	0	0	0	0	3
192	100	0.266034055	1.89075411	0	0	0	0	0	5e-06	0	0	0	0	3
193	101	0.268065103	1.90060179	0	0	0	0	0	5e-06	0	0	0	0	3
194	101	0.270004072	1.91044947	0	0	0	0	0	5e-06	0	0	0	0	3
195	102	0.271589974	1.92029715	0	0	0	0	0	5e-06	0	0	0	0	3
196	102	0.27312765	1.93014482	0	0	0	0	0	5e-06	0	0	0	0	3
197	103	0.273740251	1.9399925	0	0	0	0	0	5e-06	0	0	0	0	3
198	103	0.274447791	1.94984018	0	0	0	0	0	5e-06	0	0	0	0	3
199	104	0.275743488	1.95968786	0	0	0	0	0	5e-06	0	0	0	0	3
200	105	0.277125986	1.96953553	0	0	0	0	0	5e-06	0	0	0	0	3
201	106	0.278805349	1.97938321	0	0	0	0	0	5e-06	0	0	0	0	3
202	106	0.280409616	1.98923089	0	0	0	0	0	5e-06	0	0	0	0	3
203	107	0.282146456	1.99907857	0	0	0	0	0	5e-06	0	0	0	0	3
204	107	0.284375336	2.00892625	0	0	0	0	0	5e-06	0	0	0	0	3
205	108	0.285761847	2.01877392	0	0	0	0	0	5e-06	0	0	0	0	3
206	108	0.287508693	2.0286216	0	0	0	0	0	5e-06	0	0	0	0	3
207	109	0.28868872	2.03846928	0	0	0	0	0	5e-06	0	0	0	0	3
208	109	0.290612836	2.04831696	0	0	0	0	0	5e-06	0	0	0	0	3
209	110	0.29259993	2.05816463	0	0	0	0	0	5e-06	0	0	0	0	3
210	110	0.294128382	2.06801231	0	0	0	0	0	5e-06	0	0	0	0	3
211	111	0.296610664	2.07785999	0	0	0	0	0	5e-06	0	0	0	0	3
212	111	0.298575262	2.08770767	0	0	0	0	0	5e-06	0	0	0	0	3
213	111	0.300430422	2.09755534	0	0	0	0	0	5e-06	0	0	0	0	3
214	112	0.302323808	2.10740302	0	0	0	0	0	5e-06	0	0	0	0	3
215	112	0.304315589	2.1172507	0	0	0	0	0	5e-06	0	0	0	0	3
216	113	0.306364023	2.12709838	0	0	0	0	0	5e-06	0	0	0	0	3
217	113	0.307742338	2.13694606	0	0	0	0	0	5e-06	0	0	0	0	3
218	114	0.30925587	2.14679373	0	0	0	0	0	5e-06	0	0	0	0	3
219	114	0.310701529	2.15664141	0	0	0	0	0	5e-06	0	0	0	0	3
220	115	0.312115254	2.16648909	0	0	0	0	0	5e-06	0	0	0	0	3
221	115	0.312681098	2.17633677	0	0	0	0	0	5e-06	0	0	0	0	3
222	116	0.313638749	2.18618444	0	0	0	0	0	5e-06	0	0	0	0	3
223	116	0.314684011	2.19603212	0	0	0	0	0	5e-06	0	0	0	0	3
224	117	0.316154842	2.2058798	0	0	0	0	0	5e-06	0	0	0	0	3
225	118	0.317631853	2.21572748	0	0	0	0	0	5e-06	0	0	0	0	3
226	118	0.319339988	2.22557515	0	0	0	0	0	5e-06	0	0	0	0	3
227	119	0.321125283	2.23542283	0	0	0	0	0	5e-06	0	0	0	0	3
228	119	0.322843885	2.24527051	0	0	0	0	0	5e-06	0	0	0	0	3
229	120	0.324598094	2.25511819	0	0	0	0	0	5e-06	0	0	0	0	3
230	120	0.326259839	2.26496586	0	0	0	0	0	5e-06	0	0	0	0	3
231	121	0.328101459	2.27481354	0	0	0	0	0	5e-06	0	0	0	0	3
232	121	0.329997951	2.28466122	0	0	0	0	0	5e-06	0	0	0	0	3
233	122	0.331719917	2.2945089	0	0	0	0	0	5e-06	0	0	0	0	3
234	122	0.333647394	2.30435658	0	0	0	0	0	5e-06	0	0	0	0	3
235	122	0.33569923	2.31420425	0	0	0	0	0	5e-06	0	0	0	0	3
236	123	0.337333676	2.32405193	0	0	0	0	0	5e-06	0	0	0	0	3
237	123	0.339171968	2.33389961	0	0	0	0	0	5e-06	0	0	0	0	3
238	124	0.341099465	2.34374729	0	0	0	0	0	5e-06	0	0	0	0	3
239	124	0.343154484	2.35359496	0	0	0	0	0	5e-06	0	0	0	0	3
240	124	0.345127136	2.36344264	0	0	0	0	0	5e-06	0	0	0	0	3
241	125	0.347232969	2.37329032	0	0	0	0	0	5e-06	0	0	0	0	3
242	125	0.34908229	2.383138	0	0	0	0	0	5e-06	0	0	0	0	3
243	126	0.350496052	2.39298567	0	0	0	0	0	5e-06	0	0	0	0	3
244	127	0.35174569	2.40283335	0	0	0	0	0	5e-06	0	0	0	0	3
245	127	0.352412796	2.41268103	0	0	0	0	0	5e-06	0	0	0	0	3
246	128	0.353537973	2.42252871	0	0	0	0	0	5e-06	0	0	0	0	3
247	128	0.354839905	2.43237639	0	0	0	0	0	5e-06	0	0	0	0	3
248	129	0.356016424	2.44222406	0	0	0	0	0	5e-06	0	0	0	0	3
249	130	0.357624603	2.45207174	0	0	0	0	0	5e-06	0	0	0	0	3
250	130	0.358962924	2.46191942	0	0	0	0	0	5e-06	0	0	0	0	3
251	131	0.36067896	2.4717671	0	0	0	0	0	5e-06	0	0	0	0	3
252	131	0.362591749	2.48161477	0	0	0	0	0	5e-06	0	0	0	0	3
253	132	0.364434991	2.49146245	0	0	0	0	0	5e-06	0	0	0	0	3
254	132	0.366142474	2.50131013	0	0	0	0	0	5e-06	0	0	0	0	3
255	133	0.367477393	2.51115781	0	0	0	0	0	5e-06	0	0	0	0	3
256	133	0.369384535	2.52100548	0	0	0	0	0	5e-06	0	0	0	0	3
257	134	0.371611449	2.53085316	0	0	0	0	0	5e-06	0	0	0	0	3
258	134	0.373438257	2.54070084	0	0	0	0	0	5e-06	0	0	0	0	3
259	134	0.375048716	2.55054852	0	0	0	0	0	5e-06	0	0	0	0	3
260	135	0.376703442	2.5603962	0	0	0	0	0	5e-06	0	0	0	0	3
261	135	0.378504744	2.57024387	0	0	0	0	0	5e-06	0	0	0	0	3
262	136	0.38042552	2.58009155	0	0	0	0	0	5e-06	0	0	0	0	3
263	136	0.382494588	2.58993923	0	0	0	0	0	5e-06	0	0	0	0	3
264	137	0.384468653	2.59978691	0	0	0	0	0	5e-06	0	0	0	0	3
265	137	0.386607297	2.60963458	0	0	0	0	0	5e-06	0	0	0	0	3
266	137	0.388570821	2.61948226	0	0	0	0	0	5e-06	0	0	0	0	3
267	138	0.390061639	2.62932994	0	0	0	0	0	5e-06	0	0	0	0	3
268	139	0.391368882	2.63917762	0	0	0	0	0	5e-06	0	0	0	0	3
269	139	0.392085213	2.64902529	0	0	0	0	0	5e-06	0	0	0	0	3
270	140	0.393124081	2.65887297	0	0	0	0	0	5e-06	0	0	0	0	3
271	140	0.394517451	2.66872065	0	0	0	0	0	5e-06	0	0	0	0	3
272	141	0.395715121	2.67856833	0	0	0	0	0	5e-06	0	0	0	0	3
273	141	0.397303698	2.688416	0	0	0	0	0	5e-06	0	0	0	0	3
274	142	0.399112368	2.69826368	0	0	0	0	0	5e-06	0	0	0	0	3
275	143	0.400806165	2.70811136	0	0	0	0	0	5e-06	0	0	0	0	3
276	143	0.40278511	2.71795904	0	0	0	0	0	5e-06	0	0	0	0	3
277	144	0.404094952	2.72780672	0	0	0	0	0	5e-06	0	0	0	0	3
278	144	0.405977496	2.73765439	0	0	0	0	0	5e-06	0	0	0	0	3
279	144	0.408402247	2.74750207	0	0	0	0	0	5e-06	0	0	0	0	3
280	145	0.410069803	2.75734975	0	0	0	0	0	5e-06	0	0	0	0	3
281	145	0.412055661	2.76719743	0	0	0	0	0	5e-06	0	0	0	0	3
282	146	0.414141396	2.7770451	0	0	0	0	0	5e-06	0	0	0	0	3
283	146	0.415302541	2.78689278	0	0	0	0	0	5e-06	0	0	0	0	3
284	147	0.417022737	2.79674046	0	0	0	0	0	5e-06	0	0	0	0	3
285	147	0.418924413	2.80658814	0	0	0	0	0	5e-06	0	0	0	0	3
286	147	0.420907758	2.81643581	0	0	0	0	0	5e-06	0	0	0	0	3
287	148	0.422886153	2.82628349	0	0	0	0	0	5e-06	0	0	0	0	3
288	148	0.425129106	2.83613117	0	0	0	0	0	5e-06	0	0	0	0	3
289	149	0.426729559	2.84597885	0	0	0	0	0	5e-06	0	0	0	0	3
290	149	0.428021472	2.85582653	0	0	0	0	0	5e-06	0	0	0	0	3
291	150	0.429633791	2.8656742	0	0	0	0	0	5e-06	0	0	0	0	3
292	150	0.430416824	2.87552188	0	0	0	0	0	5e-06	0	0	0	0	3
293	151	0.431055607	2.88536956	0	0	0	0	0	5e-06	0	0	0	0	3
294	151	0.432169143	2.89521724	0	0	0	0	0	5e-06	0	0	0	0	3
295	152	0.43345101	2.90506491	0	0	0	0	0	5e-06	0	0	0	0	3
296	153	0.434754587	2.91491259	0	0	0	0	0	5e-06	0	0	0	0	3
297	153	0.436062306	2.92476027	0	0	0	0	0	5e-06	0	0	0	0	3
298	154	0.43740811	2.93460795	0	0	0	0	0	5e-06	0	0	0	0	3
299	154	0.43869909	2.94445562	0	0	0	0	0	5e-06	0	0	0	0	3
300	155	0.440730725	2.9543033	0	0	0	0	0	5e-06	0	0	0	0	3
301	156	0.442134199	2.96415098	0	0	0	0	0	5e-06	0	0	0	0	3
302	156	0.443877029	2.97399866	0	0	0	0	0	5e-06	0	0	0	0	3
303	157	0.445460755	2.98384633	0	0	0	0	0	5e-06	0	0	0	0	3
304	157	0.447712261	2.99369401	0	0	0	0	0	5e-06	0	0	0	0	3
305	158	0.449292851	3.00354169	0	0	0	0	0	5e-06	0	0	0	0	3
306	158	0.451481191	3.01338937	0	0	0	0	0	5e-06	0	0	0	0	3
307	158	0.452545295	3.02323705	0	0	0	0	0	5e-06	0	0	0	0	3
308	159	0.454450422	3.03308472	0	0	0	0	0	5e-06	0	0	0	0	3
309	159	0.45623117	3.0429324	0	0	0	0	0	5e-06	0	0	0	0	3
310	160	0.458154174	3.05278008	0	0	0	0	0	5e-06	0	0	0	0	3
311	160	0.460145458	3.06262776	0	0	0	0	0	5e-06	0	0	0	0	3
312	160	0.462165698	3.07247543	0	0	0	0	0	5e-06	0	0	0	0	3
313	161	0.464372883	3.08232311	0	0	0	0	0	5e-06	0	0	0	0	3
314	162	0.465541257	3.09217079	0	0	0	0	0	5e-06	0	0	0	0	3
315	162	0.466728286	3.10201847	0	0	0	0	0	5e-06	0	0	0	0	3
316	163	0.468286617	3.11186614	0	0	0	0	0	5e-06	0	0	0	0	3
317	163	0.469345783	3.12171382	0	0	0	0	0	5e-06	0	0	0	0	3
318	164	0.47005659	3.1315615	0	0	0	0	0	5e-06	0	0	0	0	3
319	164	0.47091587	3.14140918	0	0	0	0	0	5e-06	0	0	0	0	3
320	165	0.472143024	3.15125686	0	0	0	0	0	5e-06	0	0	0	0	3
321	165	0.47335965	3.16110453	0	0	0	0	0	5e-06	0	0	0	0	3
322	166	0.474672657	3.17095221	0	0	0	0	0	5e-06	0	0	0	0	3
323	167	0.475827794	3.18079989	0	0	0	0	0	5e-06	0	0	0	0	3
324	167	0.476825738	3.19064757	0	0	0	0	0	5e-06	0	0	0	0	3
325	168	0.478305588	3.20049524	0	0	0	0	0	5e-06	0	0	0	0	3
326	168	0.480118485	3.21034292	0	0	0	0	0	5e-06	0	0	0	0	3
327	169	0.481901548	3.2201906	0	0	0	0	0	5e-06	0	0	0	0	3
328	169	0.483243678	3.23003828	0	0	0	0	0	5e-06	0	0	0	0	3
329	170	0.484675196	3.23988595	0	0	0	0	0	5e-06	0	0	0	0	3
330	170	0.486311673	3.24973363	0	0	0	0	0	5e-06	0	0	0	0	3
331	170	0.488112338	3.25958131	0	0	0	0	0	5e-06	0	0	0	0	3
332	171	0.490279884	3.26942899	0	0	0	0	0	5e-06	0	0	0	0	3
333	171	0.492008586	3.27927667	0	0	0	0	0	5e-06	0	0	0	0	3
334	172	0.493881361	3.28912434	0	0	0	0	0	5e-06	0	0	0	0	3
335	172	0.495754123	3.29897202	0	0	0	0	0	5e-06	0	0	0	0	3
336	173	0.497706909	3.3088197	0	0	0	0	0	5e-06	0	0	0	0	3
337	173	0.499780175	3.31866738	0	0	0	0	0	5e-06	0	0	0	0	3
338	173	0.501823427	3.32851505	0	0	0	0	0	5e-06	0	0	0	0	3
339	174	0.503770221	3.33836273	0	0	0	0	0	5e-06	0	0	0	0	3
340	175	0.504927534	3.34821041	0	0	0	0	0	5e-06	0	0	0	0	3
341	175	0.506355455	3.35805809	0	0	0	0	0	5e-06	0	0	0	0	3
342	176	0.508009206	3.36790576	0	0	0	0	0	5e-06	0	0	0	0	3
343	176	0.508929894	3.37775344	0	0	0	0	0	5e-06	0	0	0	0	3
344	177	0.509598192	3.38760112	0	0	0	0	0	5e-06	0	0	0	0	3
345	177	0.510725164	3.3974488	0	0	0	0	0	5e-06	0	0	0	0	3
346	178	0.512029879	3.40729647	0	0	0	0	0	5e-06	0	0	0	0	3
347	179	0.513375171	3.41714415	0	0	0	0	0	5e-06	0	0	0	0	3
348	179	0.515223685	3.42699183	0	0	0	0	0	5e-06	0	0	0	0	3
349	180	0.517044639	3.43683951	0	0	0	0	0	5e-06	0	0	0	0	3
350	180	0.51903978	3.44668719	0	0	0	0	0	5e-06	0	0	0	0	3
351	181	0.52058386	3.45653486	0	0	0	0	0	5e-06	0	0	0	0	3
352	181	0.522803646	3.46638254	0	0	0	0	0	5e-06	0	0	0	0	3
353	182	0.523859981	3.47623022	0	0	0	0	0	5e-06	0	0	0	0	3
354	182	0.526013822	3.4860779	0	0	0	0	0	5e-06	0	0	0	0	3
355	183	0.527777878	3.49592557	0	0	0	0	0	5e-06	0	0	0	0	3
356	183	0.52926138	3.50577325	0	0	0	0	0	5e-06	0	0	0	0	3
357	184	0.531418651	3.51562093	0	0	0	0	0	5e-06	0	0	0	0	3
358	184	0.533164301	3.52546861	0	0	0	0	0	5e-06	0	0	0	0	3
359	184	0.534866848	3.53531628	0	0	0	0	0	5e-06	0	0	0	0	3
360	185	0.536778987	3.54516396	0	0	0	0	0	5e-06	0	0	0	0	3
361	185	0.538737146	3.55501164	0	0	0	0	0	5e-06	0	0	0	0	3
362	186	0.540724426	3.56485932	0	0	0	0	0	5e-06	0	0	0	0	3
363	186	0.542878954	3.574707	0	0	0	0	0	5e-06	0	0	0	0	3
364	187	0.54483388	3.58455467	0	0	0	0	0	5e-06	0	0	0	0	3
365	187	0.546204298	3.59440235	0	0	0	0	0	5e-06	0	0	0	0	3
366	188	0.547387657	3.60425003	0	0	0	0	0	5e-06	0	0	0	0	3
367	188	0.548212775	3.61409771	0	0	0	0	0	5e-06	0	0	0	0	3
368	189	0.548876137	3.62394538	0	0	0	0	0	5e-06	0	0	0	0	3
369	190	0.549975496	3.63379306	0	0	0	0	0	5e-06	0	0	0	0	3
370	190	0.551283331	3.64364074	0	0	0	0	0	5e-06	0	0	0	0	3
371	191	0.552617809	3.65348842	0	0	0	0	0	5e-06	0	0	0	0	3
372	191	0.554346118	3.66333609	0	0	0	0	0	5e-06	0	0	0	0	3
373	192	0.555964393	3.67318377	0	0	0	0	0	5e-06	0	0	0	0	3
374	192	0.556891146	3.68303145	0	0	0	0	0	5e-06	0	0	0	0	3
375	193	0.558314867	3.69287913	0	0	0	0	0	5e-06	0	0	0	0	3
376	193	0.559406181	3.70272681	0	0	0	0	0	5e-06	0	0	0	0	3
377	194	0.560885991	3.71257448	0	0	0	0	0	5e-06	0	0	0	0	3
378	194	0.562675209	3.72242216	0	0	0	0	0	5e-06	0	0	0	0	3
379	195	0.564477693	3.73226984	0	0	0	0	0	5e-06	0	0	0	0	3
380	195	0.565844015	3.74211752	0	0	0	0	0	5e-06	0	0	0	0	3
381	196	0.567725496	3.75196519	0	0	0	0	0	5e-06	0	0	0	0	3
382	196	0.569845137	3.76181287	0	0	0	0	0	5e-06	0	0	0	0	3
383	196	0.571492042	3.77166055	0	0	0	0	0	5e-06	0	0	0	0	3
384	197	0.573041067	3.78150823	0	0	0	0	0	5e-06	0	0	0	0	3
385	197	0.574782054	3.7913559	0	0	0	0	0	5e-06	0	0	0	0	3
386	198	0.576691717	3.80120358	0	0	0	0	0	5e-06	0	0	0	0	3
387	198	0.578715922	3.81105126	0	0	0	0	0	5e-06	0	0	0	0	3
388	198	0.580626003	3.82089894	0	0	0	0	0	5e-06	0	0	0	0	3
389	199	0.582295228	3.83074661	0	0	0	0	0	5e-06	0	0	0	0	3
390	199	0.583747844	3.84059429	0	0	0	0	0	5e-06	0	0	0	0	3
391	200	0.585452006	3.85044197	0	0	0	0	0	5e-06	0	0	0	0	3
392	201	0.586855459	3.86028965	0	0	0	0	0	5e-06	0	0	0	0	3
393	201	0.587612397	3.87013733	0	0	0	0	0	5e-06	0	0	0	0	3
394	202	0.588270516	3.879985	0	0	0	0	0	5e-06	0	0	0	0	3
395	202	0.589368056	3.88983268	0	0	0	0	0	5e-06	0	0	0	0	3
396	203	0.590781832	3.89968036	0	0	0	0	0	5e-06	0	0	0	0	3
397	204	0.591879544	3.90952804	0	0	0	0	0	5e-06	0	0	0	0	3
398	204	0.59331238	3.91937571	0	0	0	0	0	5e-06	0	0	0	0	3
399	204	0.594906594	3.92922339	0	0	0	0	0	5e-06	0	0	0	0	3
400	205	0.596179005	3.93907107	0	0	0	0	0	5e-06	0	0	0	0	3
401	206	0.597157935	3.94891875	0	0	0	0	0	5e-06	0	0	0	0	3
402	207	0.598820539	3.95876642	0	0	0	0	0	5e-06	0	0	0	0	3
403	207	0.600160093	3.9686141	0	0	0	0	0	5e-06	0	0	0	0	3
404	208	0.601285238	3.97846178	0	0	0	0	0	5e-06	0	0	0	0	3
405	208	0.603094685	3.98830946	0	0	0	0	0	5e-06	0	0	0	0	3
406	209	0.604707967	3.99815714	0	0	0	0	0	5e-06	0	0	0	0	3
407	209	0.606654908	4.00800481	0	0	0	0	0	5e-06	0	0	0	0	3
408	209	0.608861102	4.01785249	0	0	0	0	0	5e-06	0	0	0	0	3
409	210	0.611238666	4.02770017	0	0	0	0	0	5e-06	0	0	0	0	3
410	210	0.612855525	4.03754785	0	0	0	0	0	5e-06	0	0	0	0	3
411	211	0.614771042	4.04739552	0	0	0	0	0	5e-06	0	0	0	0	3
412	211	0.616585495	4.0572432	0	0	0	0	0	5e-06	0	0	0	0	3
413	211	0.61849571	4.06709088	0	0	0	0	0	5e-06	0	0	0	0	3
414	212	0.620469742	4.07693856	0	0	0	0	0	5e-06	0	0	0	0	3
415	212	0.622055074	4.08678623	0	0	0	0	0	5e-06	0	0	0	0	3
416	213	0.623384729	4.09663391	0	0	0	0	0	5e-06	0	0	0	0	3
417	213	0.624819141	4.10648159	0	0	0	0	0	5e-06	0	0	0	0	3
418	214	0.626033785	4.11632927	0	0	0	0	0	5e-06	0	0	0	0	3
419	215	0.626819695	4.12617695	0	0	0	0	0	5e-06	0	0	0	0	3
420	215	0.627481527	4.13602462	0	0	0	0	0	5e-06	0	0	0	0	3
421	216	0.628599946	4.1458723	0	0	0	0	0	5e-06	0	0	0	0	3
422	216	0.629885655	4.15571998	0	0	0	0	0	5e-06	0	0	0	0	3
423	217	0.631234495	4.16556766	0	0	0	0	0	5e-06	0	0	0	0	3
424	218	0.632783703	4.17541533	0	0	0	0	0	5e-06	0	0	0	0	3
425	218	0.634230349	4.18526301	0	0	0	0	0	5e-06	0	0	0	0	3
426	219	0.636132068	4.19511069	0	0	0	0	0	5e-06	0	0	0	0	3
427	219	0.638151604	4.20495837	0	0	0	0	0	5e-06	0	0	0	0	3
428	220	0.639353085	4.21480604	0	0	0	0	0	5e-06	0	0	0	0	3
429	220	0.641248897	4.22465372	0	0	0	0	0	5e-06	0	0	0	0	3
430	221	0.643237441	4.2345014	0	0	0	0	0	5e-06	0	0	0	0	3
431	221	0.645537755	4.24434908	0	0	0	0	0	5e-06	0	0	0	0	3
432	221	0.646811845	4.25419675	0	0	0	0	0	5e-06	0	0	0	0	3
433	222	0.648773349	4.26404443	0	0	0	0	0	5e-06	0	0	0	0	3
434	222	0.650513107	4.27389211	0	0	0	0	0	5e-06	0	0	0	0	3
435	223	0.652261056	4.28373979	0	0	0	0	0	5e-06	0	0	0	0	3
436	223	0.654098208	4.29358747	0	0	0	0	0	5e-06	0	0	0	0	3
437	224	0.655998069	4.30343514	0	0	0	0	0	5e-06	0	0	0	0	3
438	224	0.658008674	4.31328282	0	0	0	0	0	5e-06	0	0	0	0	3
439	224	0.660129115	4.3231305	0	0	0	0	0	5e-06	0	0	0	0	3
440	225	0.661847929	4.33297818	0	0	0	0	0	5e-06	0	0	0	0	3
441	225	0.663698441	4.34282585	0	0	0	0	0	5e-06	0	0	0	0	3
442	226	0.665346089	4.35267353	0	0	0	0	0	5e-06	0	0	0	0	3
443	227	0.66607423	4.36252121	0	0	0	0	0	5e-06	0	0	0	0	3
444	227	0.666806525	4.37236889	0	0	0	0	0	5e-06	0	0	0	0	3
445	228	0.667907234	4.38221656	0	0	0	0	0	5e-06	0	0	0	0	3
446	228	0.669280957	4.39206424	0	0	0	0	0	5e-06	0	0	0	0	3
447	229	0.670730553	4.40191192	0	0	0	0	0	5e-06	0	0	0	0	3
448	230	0.672505931	4.4117596	0	0	0	0	0	5e-06	0	0	0	0	3
449	230	0.674335224	4.42160728	0	0	0	0	0	5e-06	0	0	0	0	3
450	231	0.676383731	4.43145495	0	0	0	0	0	5e-06	0	0	0	0	3
451	231	0.678174127	4.44130263	0	0	0	0	0	5e-06	0	0	0	0	3
452	232	0.679800424	4.45115031	0	0	0	0	0	5e-06	0	0	0	0	3
453	232	0.681065184	4.46099799	0	0	0	0	0	5e-06	0	0	0	0	3
454	233	0.682732276	4.47084566	0	0	0	0	0	5e-06	0	0	0	0	3
455	233	0.684437962	4.48069334	0	0	0	0	0	5e-06	0	0	0	0	3
456	234	0.686695925	4.49054102	0	0	0	0	0	5e-06	0	0	0	0	3
457	234	0.687950809	4.5003887	0	0	0	0	0	5e-06	0	0	0	0	3
458	234	0.690116178	4.51023637	0	0	0	0	0	5e-06	0	0	0	0	3
459	235	0.692539215	4.52008405	0	0	0	0	0	5e-06	0	0	0	0	3
460	235	0.69459718	4.52993173	0	0	0	0	0	5e-06	0	0	0	0	3
461	236	0.696653306	4.53977941	0	0	0	0	0	5e-06	0	0	0	0	3
462	236	0.698681006	4.54962709	0	0	0	0	0	5e-06	0	0	0	0	3
463	237	0.700809336	4.55947476	0	0	0	0	0	5e-06	0	0	0	0	3
464	237	0.702791209	4.56932244	0	0	0	0	0	5e-06	0	0	0	0	3
465	238	0.70433979	4.57917012	0	0	0	0	0	5e-06	0	0	0	0	3
466	238	0.705199831	4.5890178	0	0	0	0	0	5e-06	0	0	0	0	3
467	239	0.706167335	4.59886547	0	0	0	0	0	5e-06	0	0	0	0	3
468	239	0.707256086	4.60871315	0	0	0	0	0	5e-06	0	0	0	0	3
469	240	0.708598551	4.61856083	0	0	0	0	0	5e-06	0	0	0	0	3
470	240	0.710061275	4.62840851	0	0	0	0	0	5e-06	0	0	0	0	3
471	241	0.711770514	4.63825618	0	0	0	0	0	5e-06	0	0	0	0	3
472	242	0.713539249	4.64810386	0	0	0	0	0	5e-06	0	0	0	0	3
473	242	0.715292962	4.65795154	0	0	0	0	0	5e-06	0	0	0	0	3
474	242	0.717242224	4.66779922	0	0	0	0	0	5e-06	0	0	0	0	3
475	243	0.718727099	4.67764689	0	0	0	0	0	5e-06	0	0	0	0	3
476	243	0.720511307	4.68749457	0	0	0	0	0	5e-06	0	0	0	0	3
477	244	0.722462549	4.69734225	0	0	0	0	0	5e-06	0	0	0	0	3
478	244	0.724473438	4.70718993	0	0	0	0	0	5e-06	0	0	0	0	3
479	245	0.72605085	4.71703761	0	0	0	0	0	5e-06	0	0	0	0	3
480	245	0.728486314	4.72688528	0	0	0	0	0	5e-06	0	0	0	0	3
481	246	0.729583864	4.73673296	0	0	0	0	0	5e-06	0	0	0	0	3
482	246	0.731505739	4.74658064	0	0	0	0	0	5e-06	0	0	0	0	3
483	246	0.733585871	4.75642832	0	0	0	0	0	5e-06	0	0	0	0	3
484	247	0.735787486	4.76627599	0	0	0	0	0	5e-06	0	0	0	0	3
485	247	0.737829287	4.77612367	0	0	0	0	0	5e-06	0	0	0	0	3
486	248	0.739990463	4.78597135	0	0	0	0	0	5e-06	0	0	0	0	3
487	248	0.74198243	4.79581903	0	0	0	0	0	5e-06	0	0	0	0	3
488	249	0.743523956	4.8056667	0	0	0	0	0	5e-06	0	0	0	0	3
489	250	0.744583707	4.81551438	0	0	0	0	0	5e-06	0	0	0	0	3
490	250	0.745317236	4.82536206	0	0	0	0	0	5e-06	0	0	0	0	3
491	251	0.746507534	4.83520974	0	0	0	0	0	5e-06	0	0	0	0	3
492	251	0.747775012	4.84505742	0	0	0	0	0	5e-06	0	0	0	0	3
493	252	0.748595662	4.85490509	0	0	0	0	0	5e-06	0	0	0	0	3
494	252	0.750029533	4.86475277	0	0	0	0	0	5e-06	0	0	0	0	3
495	253	0.751494853	4.87460045	0	0	0	0	0	5e-06	0	0	0	0	3
496	253	0.7524282	4.88444813	0	0	0	0	0	5e-06	0	0	0	0	3
497	254	0.754736934	4.8942958	0	0	0	0	0	5e-06	0	0	0	0	3
498	254	0.756031656	4.90414348	0	0	0	0	0	5e-06	0	0	0	0	3
499	255	0.757933268	4.91399116	0	0	0	0	0	5e-06	0	0	0	0	3
500	255	0.759317262	4.92383884	0	0	0	0	0	5e-06	0	0	0	0	3
501	256	0.761313711	4.93368651	0	0	0	0	0	5e-06	0	0	0	0	3
502	257	0.762732399	4.94353419	0	0	0	0	0	5e-06	0	0	0	0	3
503	257	0.764475094	4.95338187	0	0	0	0	0	5e-06	0	0	0	0	3
504	258	0.766472543	4.96322955	0	0	0	0	0	5e-06	0	0	0	0	3
505	258	0.76843684	4.97307722	0	0	0	0	0	5e-06	0	0	0	0	3
506	259	0.770432351	4.9829249	0	0	0	0	0	5e-06	0	0	0	0	3
507	259	0.77245416	4.99277258	0	0	0	0	0	5e-06	0	0	0	0	3
508	259	0.774487366	5.00262026	0	0	0	0	0	5e-06	0	0	0	0	3
509	260	0.776521089	5.01246794	0	0	0	0	0	5e-06	0	0	0	0	3
510	260	0.778608838	5.02231561	0	0	0	0	0	5e-06	0	0	0	0	3
511	261	0.780204085	5.03216329	0	0	0	0	0	5e-06	0	0	0	0	3
512	261	0.78181453	5.04201097	0	0	0	0	0	5e-06	0	0	0	0	3
513	262	0.783407624	5.05185865	0	0	0	0	0	5e-06	0	0	0	0	3
514	262	0.784120483	5.06170632	0	0	0	0	0	5e-06	0	0	0	0	3
515	263	0.784816112	5.071554	0	0	0	0	0	5e-06	0	0	0	0	3
516	263	0.785980921	5.08140168	0	0	0	0	0	5e-06	0	0	0	0	3
517	264	0.787291802	5.09124936	0	0	0	0	0	5e-06	0	0	0	0	3
518	265	0.788491535	5.10109703	0	0	0	0	0	5e-06	0	0	0	0	3
519	265	0.790238216	5.11094471	0	0	0	0	0	5e-06	0	0	0	0	3
520	265	0.791832653	5.12079239	0	0	0	0	0	5e-06	0	0	0	0	3
521	266	0.793607688	5.13064007	0	0	0	0	0	5e-06	0	0	0	0	3
522	267	0.795517109	5.14048775	0	0	0	0	0	5e-06	0	0	0	0	3
523	267	0.796880718	5.15033542	0	0	0	0	0	5e-06	0	0	0	0	3
524	268	0.798776321	5.1601831	0	0	0	0	0	5e-06	0	0	0	0	3
525	268	0.800855109	5.17003078	0	0	0	0	0	5e-06	0	0	0	0	3
526	269	0.802056601	5.17987846	0	0	0	0	0	5e-06	0	0	0	0	3
527	269	0.803756714	5.18972613	0	0	0	0	0	5e-06	0	0	0	0	3
528	269	0.805604064	5.19957381	0	0	0	0	0	5e-06	0	0	0	0	3
529	270	0.807139072	5.20942149	0	0	0	0	0	5e-06	0	0	0	0	3
530	270	0.808800588	5.21926917	0	0	0	0	0	5e-06	0	0	0	0	3
531	271	0.810528887	5.22911684	0	0	0	0	0	5e-06	0	0	0	0	3
532	271	0.812371011	5.23896452	0	0	0	0	0	5e-06	0	0	0	0	3
533	271	0.814398297	5.2488122	0	0	0	0	0	5e-06	0	0	0	0	3
534	272	0.8163707	5.25865988	0	0	0	0	0	5e-06	0	0	0	0	3
535	272	0.818531732	5.26850756	0	0	0	0	0	5e-06	0	0	0	0	3
536	273	0.820516922	5.27835523	0	0	0	0	0	5e-06	0	0	0	0	3
537	274	0.822100754	5.28820291	0	0	0	0	0	5e-06	0	0	0	0	3
538	274	0.822988258	5.29805059	0	0	0	0	0	5e-06	0	0	0	0	3
539	275	0.823633121	5.30789827	0	0	0	0	0	5e-06	0	0	0	0	3
540	275	0.824763669	5.31774594	0	0	0	0	0	5e-06	0	0	0	0	3
541	276	0.826063854	5.32759362	0	0	0	0	0	5e-06	0	0	0	0	3
542	277	0.826936533	5.3374413	0	0	0	0	0	5e-06	0	0	0	0	3
543	277	0.828431491	5.34728898	0	0	0	0	0	5e-06	0	0	0	0	3
544	278	0.829982653	5.35713665	0	0	0	0	0	5e-06	0	0	0	0	3
545	278	0.831305717	5.36698433	0	0	0	0	0	5e-06	0	0	0	0	3
546	279	0.833219486	5.37683201	0	0	0	0	0	5e-06	0	0	0	0	3
547	279	0.834490823	5.38667969	0	0	0	0	0	5e-06	0	0	0	0	3
548	280	0.836334066	5.39652736	0	0	0	0	0	5e-06	0	0	0	0	3
549	280	0.837538381	5.40637504	0	0	0	0	0	5e-06	0	0	0	0	3
550	280	0.838684415	5.41622272	0	0	0	0	0	5e-06	0	0	0	0	3
551	281	0.840393113	5.4260704	0	0	0	0	0	5e-06	0	0	0	0	3
552	281	0.842219379	5.43591808	0	0	0	0	0	5e-06	0	0	0	0	3
553	282	0.843860219	5.44576575	0	0	0	0	0	5e-06	0	0	0	0	3
554	282	0.845817611	5.45561343	0	0	0	0	0	5e-06	0	0	0	0	3
555	283	0.847507411	5.46546111	0	0	0	0	0	5e-06	0	0	0	0	3
556	283	0.849762448	5.47530879	0	0	0	0	0	5e-06	0	0	0	0	3
557	283	0.851584899	5.48515646	0	0	0	0	0	5e-06	0	0	0	0	3
558	284	0.853621273	5.49500414	0	0	0	0	0	5e-06	0	0	0	0	3
559	284	0.855644177	5.50485182	0	0	0	0	0	5e-06	0	0	0	0	3
560	285	0.85785618	5.5146995	0	0	0	0	0	5e-06	0	0	0	0	3
561	285	0.859926666	5.52454717	0	0	0	0	0	5e-06	0	0	0	0	3
562	286	0.861598197	5.53439485	0	0	0	0	0	5e-06	0	0	0	0	3
563	286	0.862380917	5.54424253	0	0	0	0	0	5e-06	0	0	0	0	3
564	287	0.863053273	5.55409021	0	0	0	0	0	5e-06	0	0	0	0	3
565	288	0.864200278	5.56393789	0	0	0	0	0	5e-06	0	0	0	0	3
566	288	0.865439918	5.57378556	0	0	0	0	0	5e-06	0	0	0	0	3
567	289	0.866474417	5.58363324	0	0	0	0	0	5e-06	0	0	0	0	3
568	289	0.86798622	5.59348092	0	0	0	0	0	5e-06	0	0	0	0	3
569	290	0.869572468	5.6033286	0	0	0	0	0	5e-06	0	0	0	0	3
570	291	0.87007781	5.61317627	0	0	0	0	0	5e-06	0	0	0	0	3
571	291	0.870919815	5.62302395	0	0	0	0	0	5e-06	0	0	0	0	3
572	292	0.87237456	5.63287163	0	0	0	0	0	5e-06	0	0	0	0	3
573	292	0.874152317	5.64271931	0	0	0	0	0	5e-06	0	0	0	0	3
574	293	0.875043492	5.65256698	0	0	0	0	0	5e-06	0	0	0	0	3
575	293	0.875839957	5.66241466	0	0	0	0	0	5e-06	0	0	0	0	3
576	294	0.877752854	5.67226234	0	0	0	0	0	5e-06	0	0	0	0	3
577	294	0.879486637	5.68211002	0	0	0	0	0	5e-06	0	0	0	0	3
578	295	0.88084569	5.6919577	0	0	0	0	0	5e-06	0	0	0	0	3
579	295	0.882820423	5.70180537	0	0	0	0	0	5e-06	0	0	0	0	3
580	295	0.884264133	5.71165305	0	0	0	0	0	5e-06	0	0	0	0	3
581	296	0.886300307	5.72150073	0	0	0	0	0	5e-06	0	0	0	0	3
582	296	0.888030296	5.73134841	0	0	0	0	0	5e-06	0	0	0	0	3
583	297	0.889886051	5.74119608	0	0	0	0	0	5e-06	0	0	0	0	3
584	297	0.891780644	5.75104376	0	0	0	0	0	5e-06	0	0	0	0	3
585	298	0.893787586	5.76089144	0	0	0	0	0	5e-06	0	0	0	0	3
586	298	0.895965965	5.77073912	0	0	0	0	0	5e-06	0	0	0	0	3
587	299	0.897840527	5.78058679	0	0	0	0	0	5e-06	0	0	0	0	3
588	299	0.899259151	5.79043447	0	0	0	0	0	5e-06	0	0	0	0	3
589	300	0.900885083	5.80028215	0	0	0	0	0	5e-06	0	0	0	0	3
590	300	0.901661073	5.81012983	0	0	0	0	0	5e-06	0	0	0	0	3
591	301	0.902306055	5.8199775	0	0	0	0	0	5e-06	0	0	0	0	3
592	301	0.903499719	5.82982518	0	0	0	0	0	5e-06	0	0	0	0	3
593	302	0.904744062	5.83967286	0	0	0	0	0	5e-06	0	0	0	0	3
594	303	0.906218662	5.84952054	0	0	0	0	0	5e-06	0	0	0	0	3
595	303	0.907706385	5.85936822	0	0	0	0	0	5e-06	0	0	0	0	3
596	304	0.90950854	5.86921589	0	0	0	0	0	5e-06	0	0	0	0	3
597	304	0.911002423	5.87906357	0	0	0	0	0	5e-06	0	0	0	0	3
598	305	0.912982045	5.88891125	0	0	0	0	0	5e-06	0	0	0	0	3
599	305	0.914799215	5.89875893	0	0	0	0	0	5e-06	0	0	0	0	3
600	306	0.916659089	5.9086066	0	0	0	0	0	5e-06	0	0	0	0	3
601	307	0.918565062	5.91845428	0	0	0	0	0	5e-06	0	0	0	0	3
602	307	0.920599424	5.92830196	0	0	0	0	0	5e-06	0	0	0	0	3
603	308	0.922127053	5.93814964	0	0	0	0	0	5e-06	0	0	0	0	3
604	308	0.924156594	5.94799731	0	0	0	0	0	5e-06	0	0	0	0	3
605	308	0.925725862	5.95784499	0	0	0	0	0	5e-06	0	0	0	0	3
606	309	0.927400011	5.96769267	0	0	0	0	0	5e-06	0	0	0	0	3
607	309	0.92924303	5.97754035	0	0	0	0	0	5e-06	0	0	0	0	3
608	310	0.931160961	5.98738803	0	0	0	0	0	5e-06	0	0	0	0	3
609	310	0.93319824	5.9972357	0	0	0	0	0	5e-06	0	0	0	0	3
610	311	0.935416354	6.00708338	0	0	0	0	0	5e-06	0	0	0	0	3
611	311	0.936914146	6.01693106	0	0	0	0	0	5e-06	0	0	0	0	3
612	312	0.938254499	6.02677874	0	0	0	0	0	5e-06	0	0	0	0	3
613	312	0.939875868	6.03662641	0	0	0	0	0	5e-06	0	0	0	0	3
614	313	0.9409435	6.04647409	0	0	0	0	0	5e-06	0	0	0	0	3
615	313	0.941649642	6.05632177	0	0	0	0	0	5e-06	0	0	0	0	3
616	314	0.942760374	6.06616945	0	0	0	0	0	5e-06	0	0	0	0	3
617	315	0.944044219	6.07601712	0	0	0	0	0	5e-06	0	0	0	0	3
618	315	0.945305637	6.0858648	0	0	0	0	0	5e-06	0	0	0	0	3
619	316	0.947113798	6.09571248	0	0	0	0	0	5e-06	0	0	0	0	3
620	316	0.948609342	6.10556016	0	0	0	0	0	5e-06	0	0	0	0	3
621	317	0.949759912	6.11540784	0	0	0	0	0	5e-06	0	0	0	0	3
622	317	0.952036199	6.12525551	0	0	0	0	0	5e-06	0	0	0	0	3
623	317	0.953555016	6.13510319	0	0	0	0	0	5e-06	0	0	0	0	3
624	318	0.955864544	6.14495087	0	0	0	0	0	5e-06	0	0	0	0	3
625	318	0.957916135	6.15479855	0	0	0	0	0	5e-06	0	0	0	0	3
626	319	0.959748358	6.16464622	0	0	0	0	0	5e-06	0	0	0	0	3
627	319	0.961464673	6.1744939	0	0	0	0	0	5e-06	0	0	0	0	3
628	320	0.962821667	6.18434158	0	0	0	0	0	5e-06	0	0	0	0	3
629	320	0.964999974	6.19418926	0	0	0	0	0	5e-06	0	0	0	0	3
630	320	0.967332642	6.20403693	0	0	0	0	0	5e-06	0	0	0	0	3
631	321	0.9693328	6.21388461	0	0	0	0	0	5e-06	0	0	0	0	3
632	321	0.971379054	6.22373229	0	0	0	0	0	5e-06	0	0	0	0	3
633	322	0.9733514	6.23357997	0	0	0	0	0	5e-06	0	0	0	0	3
634	322	0.975375038	6.24342764	0	0	0	0	0	5e-06	0	0	0	0	3
635	323	0.976677165	6.25327532	0	0	0	0	0	5e-06	0	0	0	0	3
636	323	0.978072989	6.263123	0	0	0	0	0	5e-06	0	0	0	0	3
637	324	0.979442474	6.27297068	0	0	0	0	0	5e-06	0	0	0	0	3
638	324	0.980203648	6.28281836	0	0	0	0	0	5e-06	0	0	0	0	3
639	325	0.980874357	6.29266603	0	0	0	0	0	5e-06	0	0	0	0	3
640	325	0.982069375	6.30251371	0	0	0	0	0	5e-06	0	0	0	0	3
641	326	0.983373303	6.31236139	0	0	0	0	0	5e-06	0	0	0	0	3
642	326	0.98473429	6.32220907	0	0	0	0	0	5e-06	0	0	0	0	3
643	327	0.986592386	6.33205674	0	0	0	0	0	5e-06	0	0	0	0	3
644	328	0.98800552	6.34190442	0	0	0	0	0	5e-06	0	0	0	0	3
645	328	0.989517772	6.3517521	0	0	0	0	0	5e-06	0	0	0	0	3
646	328	0.99162104	6.36159978	0	0	0	0	0	5e-06	0	0	0	0	3
647	329	0.993187325	6.37144745	0	0	0	0	0	5e-06	0	0	0	0	3
648	329	0.99524325	6.38129513	0	0	0	0	0	5e-06	0	0	0	0	3
649	330	0.997050202	6.39114281	0	0	0	0	0	5e-06	0	0	0	0	3
650	330	0.998570415	6.40099049	0	0	0	0	0	5e-06	0	0	0	0	3
651	331	1	6.41083817	0	0	0	0	0	5e-06	0	0	0	0	3
