Iteration	CPUTime	PhysTime	Travels	Value	AvValue	MinValue	MaxValue	Delta	Criteria	PrevAvRefValue	Progress	CriteriaType	CriteriaVarType	CriteriaPercentage
1	2	0.000100925651	0.00984767767	138109.464	138109.464	138109.464	138109.464	0	0	0	0	0	0	3
2	3	0.000190052491	0.0196953553	168517.571	152369.622	138109.464	168517.571	14260.1575	0	0	0	0	0	3
3	4	0.000274930045	0.029543033	115699.239	141048.587	115699.239	168517.571	14260.1575	0	0	0	0	0	3
4	4	0.000359735968	0.0393907107	98713.9372	131068.409	98713.9372	168517.571	21301.2124	0	0	0	0	0	3
5	5	0.000446876366	0.0492383884	56141.6779	116457.779	56141.6779	168517.571	35911.8424	0	0	0	0	0	3
6	6	0.000600085754	0.059086066	87257.6284	109002.616	56141.6779	168517.571	43367.0056	0	0	0	0	0	3
7	6	0.000790165023	0.0689337437	92789.4624	105102.438	56141.6779	168517.571	47267.1838	0	0	0	0	0	3
8	7	0.00100063743	0.0787814214	102048.696	104460.119	56141.6779	168517.571	47909.5028	0	0	0	0	0	3
9	8	0.0012086204	0.0886290991	33989.3377	92333.2984	33989.3377	168517.571	60036.3233	0	0	0	0	0	3
10	9	0.00143105264	0.0984767767	64824.1179	88057.4748	33989.3377	168517.571	64312.1469	0	0	0	0	0	3
11	9	0.00178474472	0.108324454	79722.0271	86405.5961	33989.3377	168517.571	65964.0256	0	0	0	0	0	3
12	10	0.00212559939	0.118172132	102457.6	88979.6467	33989.3377	168517.571	65964.0256	0	0	0	0	0	3
13	10	0.00231229636	0.12801981	112979.995	90917.4573	33989.3377	168517.571	65964.0256	0	0	0	0	0	3
14	11	0.00263818579	0.137867487	112246.624	93552.2035	33989.3377	168517.571	65964.0256	0	0	0	0	0	3
15	11	0.0030399103	0.147715165	108433.952	95518.8284	33989.3377	168517.571	65964.0256	0	0	0	0	0	3
16	12	0.00367007275	0.157562843	105570.963	97244.8099	33989.3377	168517.571	65964.0256	0	0	0	0	0	3
17	13	0.0040585289	0.16741052	101052.268	97609.2352	33989.3377	168517.571	65964.0256	0	0	0	0	0	3
18	14	0.00464486169	0.177258198	98549.1178	97727.879	33989.3377	168517.571	65964.0256	0	0	0	0	0	3
19	14	0.00504156293	0.187105876	97686.2388	97724.6024	33989.3377	168517.571	65964.0256	0	0	0	0	0	3
20	15	0.00553334655	0.196953553	77708.3487	95945.6309	33989.3377	168517.571	65964.0256	0	0	0	0	0	3
21	15	0.00643937057	0.206801231	96145.2259	95973.7141	33989.3377	168517.571	65964.0256	0	0	0	0	0	3
22	16	0.00722602607	0.216648909	92548.6367	95600.8458	33989.3377	168517.571	65964.0256	0	0	0	0	0	3
23	16	0.00833853776	0.226496586	101167.624	96343.5546	33989.3377	168517.571	65964.0256	0	0	0	0	0	3
24	17	0.00926133044	0.236344264	96721.5916	96381.222	33989.3377	168517.571	65964.0256	0	0	0	0	0	3
25	17	0.0101483044	0.246191942	95404.0151	96295.8129	33989.3377	168517.571	65964.0256	0	0	0	0	0	3
26	18	0.0116008197	0.25603962	97494.4646	96445.8937	33989.3377	168517.571	65964.0256	0	0	0	0	0	3
27	18	0.0128660212	0.265887297	100060.949	96801.3862	33989.3377	168517.571	65964.0256	0	0	0	0	0	3
28	19	0.0145965573	0.275734975	107114.885	98024.1321	33989.3377	168517.571	65964.0256	0	0	0	0	0	3
29	19	0.0156506402	0.285582653	102607.567	98332.83	33989.3377	168517.571	65964.0256	0	0	0	0	0	3
30	20	0.0168245182	0.29543033	102722.463	98639.1029	33989.3377	168517.571	65964.0256	0	0	0	0	0	3
31	20	0.0187819366	0.305278008	104951.767	99296.997	33989.3377	168517.571	65964.0256	0	0	0	0	0	3
32	21	0.0207146083	0.315125686	107747.936	100085.469	33989.3377	168517.571	65964.0256	0	0	0	0	0	3
33	21	0.0221999484	0.324973363	108208.181	100628.938	33989.3377	168517.571	65964.0256	0	0	0	0	0	3
34	21	0.0238999391	0.334821041	105925.172	101005.657	33989.3377	168517.571	65964.0256	0	0	0	0	0	3
35	22	0.0257483332	0.344668719	105857.832	101353.98	33989.3377	168517.571	65964.0256	0	0	0	0	0	3
36	22	0.0276159096	0.354516396	105070.016	101605.283	33989.3377	168517.571	65964.0256	0	0	0	0	0	3
37	23	0.0295983503	0.364364074	102151.916	101641.896	33989.3377	168517.571	65964.0256	0	0	0	0	0	3
38	23	0.0316909423	0.374211752	104266.551	101815.205	33989.3377	168517.571	65964.0256	0	0	0	0	0	3
39	24	0.0337536441	0.384059429	99907.1959	101698.606	33989.3377	168517.571	65964.0256	0	0	0	0	0	3
40	24	0.0357534606	0.393907107	94259.7172	101282.523	33989.3377	168517.571	65964.0256	0	0	0	0	0	3
41	25	0.0370864031	0.403754785	92110.2694	100952.858	33989.3377	168517.571	65964.0256	0	0	0	0	0	3
42	25	0.0378477229	0.413602462	87832.9214	100688.946	33989.3377	168517.571	65964.0256	0	0	0	0	0	3
43	26	0.0385095265	0.42345014	93124.5224	100558.948	33989.3377	168517.571	65964.0256	0	0	0	0	0	3
44	27	0.0397089897	0.433297818	103107.229	100635.922	33989.3377	168517.571	65964.0256	0	0	0	0	0	3
45	27	0.0410594565	0.443145495	66746.7383	99521.2891	33989.3377	168517.571	65964.0256	0	0	0	0	0	3
46	28	0.041769568	0.452993173	101509.612	99555.092	33989.3377	168517.571	65964.0256	0	0	0	0	0	3
47	28	0.0429007425	0.462840851	98064.1236	99515.7793	33989.3377	168517.571	65964.0256	0	0	0	0	0	3
48	29	0.0444192122	0.472688528	95736.8161	99386.5955	33989.3377	168517.571	65964.0256	0	0	0	0	0	3
49	29	0.0453567229	0.482536206	98614.418	99370.6348	33989.3377	168517.571	65964.0256	0	0	0	0	0	3
50	30	0.0467856458	0.492383884	96964.3158	99297.1412	33989.3377	168517.571	65964.0256	0	0	0	0	0	3
51	30	0.0487524448	0.502231561	96315.7864	99176.8657	33989.3377	168517.571	65964.0256	0	0	0	0	0	3
52	31	0.0501046652	0.512079239	96652.7287	99030.0269	33989.3377	168517.571	65964.0256	0	0	0	0	0	3
53	31	0.0519741136	0.521926917	101023.189	98982.385	33989.3377	115699.239	54642.9914	0	0	0	0	0	3
54	32	0.0530117974	0.531774594	103546.432	99045.2851	33989.3377	112979.995	44662.8132	0	0	0	0	0	3
55	32	0.055338191	0.541622272	105952.574	99338.0756	33989.3377	112979.995	30052.1832	0	0	0	0	0	3
56	33	0.0570086188	0.55146995	106765.739	99623.9849	33989.3377	112979.995	22597.02	0	0	0	0	0	3
57	33	0.0586473566	0.561317627	107309.282	99873.5889	33989.3377	112979.995	18696.8418	0	0	0	0	0	3
58	34	0.0605408202	0.571165305	107606.052	100141.162	33989.3377	112979.995	18054.5228	0	0	0	0	0	3
59	34	0.0618774866	0.581012983	104685.943	100234.356	33989.3377	112979.995	15409.6089	0	0	0	0	0	3
60	34	0.0636189029	0.59086066	108496.175	100685.646	64824.1179	112979.995	15409.6089	0	0	0	0	0	3
61	35	0.0655329373	0.600708338	106849.051	100994.119	66746.7383	112979.995	15409.6089	0	0	0	0	0	3
62	35	0.0675923994	0.610556016	103645.317	101191.419	66746.7383	112979.995	12835.5583	0	0	0	0	0	3
63	36	0.0694420883	0.620403693	102649.141	101225.062	66746.7383	112979.995	10897.7477	0	0	0	0	0	3
64	36	0.0715711541	0.630251371	102268.215	101225.442	66746.7383	112246.624	8263.00153	0	0	0	0	0	3
65	37	0.073259369	0.640099049	100166.778	101149.276	66746.7383	108496.175	6296.37666	0	0	0	0	0	3
66	37	0.0749880656	0.649946726	96891.5828	101006.302	66746.7383	108496.175	6214.35923	0	0	0	0	0	3
67	38	0.0761742701	0.659794404	91595.0721	100812.657	66746.7383	108496.175	6214.35923	0	0	0	0	0	3
68	38	0.076947888	0.669642082	86800.1667	100662.657	66746.7383	108496.175	6214.35923	0	0	0	0	0	3
69	39	0.0776100679	0.679489759	92215.6387	100602.982	66746.7383	108496.175	6214.35923	0	0	0	0	0	3
70	40	0.0786025958	0.689337437	102166.854	100639.812	66746.7383	108496.175	6214.35923	0	0	0	0	0	3
71	40	0.0798426004	0.699185115	104055.968	100848.58	66746.7383	108496.175	6214.35923	0	0	0	0	0	3
72	41	0.0811600151	0.709032792	108749.571	101044.914	66746.7383	108749.571	6214.35923	0	0	0	0	0	3
73	41	0.082891793	0.71888047	100049.301	101110.458	66746.7383	108749.571	5519.39209	0	0	0	0	0	3
74	42	0.0847780425	0.728728148	94980.4257	100958.359	66746.7383	108749.571	5519.39209	0	0	0	0	0	3
75	43	0.0865677144	0.738575825	94037.226	100848.706	66746.7383	108749.571	5519.39209	0	0	0	0	0	3
76	43	0.0888319613	0.748423503	94459.8065	100726.232	66746.7383	108749.571	5369.31132	0	0	0	0	0	3
77	44	0.0901341795	0.758271181	93955.4933	100673.734	66746.7383	108749.571	5013.81887	0	0	0	0	0	3
78	44	0.0919865739	0.768118859	101214.918	100696.204	66746.7383	108749.571	3791.0729	0	0	0	0	0	3
79	45	0.0942683116	0.777966536	104220.771	100657.725	66746.7383	108749.571	3482.37499	0	0	0	0	0	3
80	45	0.0955789031	0.787814214	100717.765	100632.996	66746.7383	108749.571	3176.10215	0	0	0	0	0	3
81	46	0.0972323116	0.797661892	104258.965	100677.051	66746.7383	108749.571	2832.82001	0	0	0	0	0	3
82	46	0.0991720743	0.807509569	107640.525	100740.991	66746.7383	108749.571	2832.82001	0	0	0	0	0	3
83	47	0.100749496	0.817357247	106293.093	100681.215	66746.7383	108749.571	2832.82001	0	0	0	0	0	3
84	47	0.102468994	0.827204925	106436.957	100665.23	66746.7383	108749.571	2832.82001	0	0	0	0	0	3
85	48	0.104281159	0.837052602	105952.732	100673.192	66746.7383	108749.571	2832.82001	0	0	0	0	0	3
86	48	0.106151093	0.84690028	105151.555	100658.155	66746.7383	108749.571	2832.82001	0	0	0	0	0	3
87	48	0.108099458	0.856747958	102331.437	100596.287	66746.7383	108749.571	2832.82001	0	0	0	0	0	3
88	49	0.110130438	0.866595635	103364.304	100627.801	66746.7383	108749.571	2832.82001	0	0	0	0	0	3
89	49	0.1115909	0.876443313	100006.38	100521.142	66746.7383	108749.571	2716.22063	0	0	0	0	0	3
90	50	0.113528299	0.886290991	97216.8983	100456.77	66746.7383	108749.571	2300.13751	0	0	0	0	0	3
91	50	0.114972403	0.896138668	91886.9805	100456.989	66746.7383	108749.571	2243.05719	0	0	0	0	0	3
92	51	0.116083491	0.905986346	88450.8993	100428.961	66746.7383	108749.571	2243.05719	0	0	0	0	0	3
93	51	0.116730956	0.915834024	97371.1231	100525.43	66746.7383	108749.571	2243.05719	0	0	0	0	0	3
94	52	0.117919423	0.925681701	94524.4136	100497.296	66746.7383	108749.571	2243.05719	0	0	0	0	0	3
95	53	0.119226612	0.935529379	87989.5161	100252.312	66746.7383	108749.571	2243.05719	0	0	0	0	0	3
96	53	0.120370226	0.945377057	101353.846	100838.713	86800.1667	108749.571	2243.05719	0	0	0	0	0	3
97	54	0.12193379	0.955224734	94728.9446	100713.602	86800.1667	108749.571	2243.05719	0	0	0	0	0	3
98	54	0.123071466	0.965072412	96503.6995	100691.244	86800.1667	108749.571	2243.05719	0	0	0	0	0	3
99	55	0.124331337	0.97492009	97292.608	100731.805	86800.1667	108749.571	2243.05719	0	0	0	0	0	3
100	55	0.125961403	0.984767767	98016.4884	100701.52	86800.1667	108749.571	2243.05719	0	0	0	0	0	3
101	56	0.127323474	0.994615445	98748.9755	100734.805	86800.1667	108749.571	2243.05719	0	0	0	0	0	3
102	57	0.129137602	1.00446312	98541.8614	100793.436	86800.1667	108749.571	2243.05719	8945.27313	0	0	0	0	3
103	57	0.131199695	1.0143108	100521.444	100855.564	86800.1667	108749.571	2243.05719	8945.27313	0	0	0	0	3
104	58	0.13255676	1.02415848	103812.855	100901.478	86800.1667	108749.571	2180.15714	8945.27313	0	0	0	0	3
105	58	0.134964264	1.03400616	104615.214	100977.085	86800.1667	108749.571	1887.36657	8945.27313	0	0	0	0	3
106	58	0.136306437	1.04385383	105048.537	100901.619	86800.1667	108749.571	1601.45729	8945.27313	0	0	0	0	3
107	59	0.138322464	1.05370151	107126.623	100935.49	86800.1667	108749.571	1351.85335	8945.27313	0	0	0	0	3
108	59	0.140409056	1.06354919	105208.044	100916.778	86800.1667	108749.571	1084.28	8945.27313	0	0	0	0	3
109	60	0.142762011	1.07339687	106131.215	100911.955	86800.1667	108749.571	991.085755	8945.27313	0	0	0	0	3
110	60	0.144954476	1.08324454	105189.823	100964.13	86800.1667	108749.571	973.129746	8945.27313	0	0	0	0	3
111	60	0.147239978	1.09309222	102559.344	100850.874	86800.1667	108749.571	973.129746	8945.27313	0	0	0	0	3
112	61	0.149342277	1.1029399	102648.568	100758.982	86800.1667	108749.571	973.129746	8945.27313	0	0	0	0	3
113	61	0.15114499	1.11278758	100632.872	100685.117	86800.1667	108749.571	973.129746	8945.27313	0	0	0	0	3
114	62	0.152674524	1.12263525	97286.2189	100579.01	86800.1667	108749.571	973.129746	8945.27313	0	0	0	0	3
115	62	0.154151566	1.13248293	91390.6489	100371.115	86800.1667	108749.571	896.963655	8945.27313	0	0	0	0	3
116	63	0.155529125	1.14233061	83320.1335	100089.799	83320.1335	108749.571	1020.65896	8945.27313	0	0	0	0	3
117	64	0.156096543	1.15217829	102815.023	100177.029	83320.1335	108749.571	1020.65896	8945.27313	0	0	0	0	3
118	64	0.157159714	1.16202597	101515.621	100320.303	83320.1335	108749.571	1020.65896	8945.27313	0	0	0	0	3
119	65	0.158444699	1.17187364	94035.2126	100349.546	83320.1335	108749.571	1020.65896	8945.27313	0	0	0	0	3
120	65	0.159557635	1.18172132	106847.325	100503.519	83320.1335	108749.571	1020.65896	8945.27313	0	0	0	0	3
121	66	0.161210547	1.191569	101786.51	100509.206	83320.1335	108749.571	1020.65896	8945.27313	0	0	0	0	3
122	66	0.162790035	1.20141668	99699.625	100440.768	83320.1335	108749.571	1020.65896	8945.27313	0	0	0	0	3
123	67	0.164081574	1.21126435	93373.128	100198.681	83320.1335	107640.525	1020.65896	8945.27313	0	0	0	0	3
124	68	0.165437509	1.22111203	91120.824	100052.697	83320.1335	107640.525	924.387702	8945.27313	0	0	0	0	3
125	68	0.167333507	1.23095971	90903.1889	99958.459	83320.1335	107640.525	1018.62596	8945.27313	0	0	0	0	3
126	68	0.168005363	1.24080739	97586.8647	100069.018	83320.1335	107640.525	1018.62596	8945.27313	0	0	0	0	3
127	69	0.168985572	1.25065506	102420.549	100256.229	83320.1335	107640.525	1018.62596	8945.27313	0	0	0	0	3
128	69	0.170583476	1.26050274	103537.167	100423.385	83320.1335	107640.525	1018.62596	8945.27313	0	0	0	0	3
129	70	0.17239071	1.27035042	106716.361	100546.596	83320.1335	107640.525	1018.62596	8945.27313	0	0	0	0	3
130	70	0.173967506	1.2801981	103620.338	100502.218	83320.1335	107640.525	1018.62596	8945.27313	0	0	0	0	3
131	71	0.176238639	1.29004578	105261.28	100632.717	83320.1335	107640.525	1018.62596	8945.27313	0	0	0	0	3
132	71	0.177770976	1.29989345	105978.319	100659.978	83320.1335	107640.525	1018.62596	8945.27313	0	0	0	0	3
133	72	0.178975264	1.30974113	104547.628	100548.971	83320.1335	107126.623	1018.62596	8945.27313	0	0	0	0	3
134	72	0.180672968	1.31958881	105384.93	100538.324	83320.1335	107126.623	1018.62596	8945.27313	0	0	0	0	3
135	72	0.182421889	1.32943649	105844.886	100527.544	83320.1335	107126.623	1018.62596	8945.27313	0	0	0	0	3
136	73	0.184255613	1.33928416	105653.877	100522.154	83320.1335	107126.623	1018.62596	8945.27313	0	0	0	0	3
137	73	0.186296625	1.34913184	102321.634	100459.968	83320.1335	107126.623	1018.62596	8945.27313	0	0	0	0	3
138	74	0.188294684	1.35897952	102354.408	100461.7	83320.1335	107126.623	1018.62596	8945.27313	0	0	0	0	3
139	74	0.190450369	1.3688272	100994.822	100402.613	83320.1335	107126.623	1018.62596	8945.27313	0	0	0	0	3
140	75	0.192338521	1.37867487	96461.0356	100317.612	83320.1335	107126.623	1018.62596	8945.27313	0	0	0	0	3
141	75	0.193893208	1.38852255	93576.1781	100261.947	83320.1335	107126.623	1018.62596	8945.27313	0	0	0	0	3
142	76	0.194914004	1.39837023	85784.6726	100228.373	83320.1335	107126.623	1018.62596	8945.27313	0	0	0	0	3
143	76	0.19555526	1.40821791	95899.4089	100358.102	83320.1335	107126.623	1018.62596	8945.27313	0	0	0	0	3
144	77	0.196700424	1.41806558	91136.46	100250.232	83320.1335	107126.623	1018.62596	8945.27313	0	0	0	0	3
145	77	0.198116574	1.42791326	86072.9553	100084.737	83320.1335	107126.623	1018.62596	8945.27313	0	0	0	0	3
146	78	0.199711156	1.43776094	90317.5609	100087.671	83320.1335	107126.623	1018.62596	8945.27313	0	0	0	0	3
147	79	0.200981333	1.44760862	101348.531	100089.576	83320.1335	107126.623	1018.62596	8945.27313	0	0	0	0	3
148	79	0.202551721	1.4574563	99346.635	100179.072	83320.1335	107126.623	1018.62596	8945.27313	0	0	0	0	3
149	80	0.203924583	1.46730397	90037.0725	100058.579	83320.1335	107126.623	1018.62596	8945.27313	0	0	0	0	3
150	80	0.205844445	1.47715165	96290.2808	100012.576	83320.1335	107126.623	1018.62596	8945.27313	0	0	0	0	3
151	81	0.207487832	1.48699933	94729.0124	99945.9821	83320.1335	107126.623	1031.10292	8945.27313	0	0	0	0	3
152	81	0.209062081	1.49684701	99544.7197	99958.2006	83320.1335	107126.623	1031.10292	8945.27313	0	0	0	0	3
153	82	0.2108863	1.50669468	103904.816	100077.7	83320.1335	107126.623	1031.10292	8945.27313	0	0	0	0	3
154	82	0.213098794	1.51654236	105825.642	100221.807	83320.1335	107126.623	1031.10292	8945.27313	0	0	0	0	3
155	82	0.215006301	1.52639004	107261.744	100325.573	83320.1335	107261.744	1031.10292	8945.27313	0	0	0	0	3
156	83	0.216794896	1.53623772	108916.374	100387.141	83320.1335	108916.374	1018.14789	8945.27313	0	0	0	0	3
157	83	0.218844353	1.54608539	110715.949	100567.81	83320.1335	110715.949	1018.14789	8945.27313	0	0	0	0	3
158	84	0.22068996	1.55593307	107492.109	100562.429	83320.1335	110715.949	1018.14789	8945.27313	0	0	0	0	3
159	84	0.222686611	1.56578075	105927.483	100574.809	83320.1335	110715.949	1018.14789	8945.27313	0	0	0	0	3
160	84	0.224756465	1.57562843	103668.549	100493.458	83320.1335	110715.949	1018.14789	8945.27313	0	0	0	0	3
161	85	0.226792344	1.58547611	102534.285	100418.41	83320.1335	110715.949	904.892227	8945.27313	0	0	0	0	3
162	85	0.228963647	1.59532378	101330.052	100382.758	83320.1335	110715.949	812.999994	8945.27313	0	0	0	0	3
163	86	0.230515935	1.60517146	101331.018	100342.209	83320.1335	110715.949	739.134678	8945.27313	0	0	0	0	3
164	86	0.232265171	1.61501914	94962.3295	100219.741	83320.1335	110715.949	713.996031	8945.27313	0	0	0	0	3
165	87	0.233755881	1.62486682	92147.3195	100126.665	83320.1335	110715.949	713.996031	8945.27313	0	0	0	0	3
166	87	0.234405879	1.63471449	87133.9844	100182.217	83320.1335	110715.949	713.996031	8945.27313	0	0	0	0	3
167	88	0.235082042	1.64456217	99722.0328	100470.293	85784.6726	110715.949	713.996031	8945.27313	0	0	0	0	3
168	89	0.236369444	1.65440985	98689.1456	100425.154	85784.6726	110715.949	713.996031	8945.27313	0	0	0	0	3
169	89	0.237685422	1.66425753	100152.75	100406.305	85784.6726	110715.949	713.996031	8945.27313	0	0	0	0	3
170	90	0.239176766	1.6741052	99853.6142	100497.502	85784.6726	110715.949	713.996031	8945.27313	0	0	0	0	3
171	90	0.240842796	1.68395288	102876.518	100459.322	85784.6726	110715.949	713.996031	8945.27313	0	0	0	0	3
172	91	0.242482742	1.69380056	116224.444	100750.445	85784.6726	116224.444	804.463152	8945.27313	0	0	0	0	3
173	91	0.242784324	1.70364824	28618.6254	100499.254	28618.6254	116224.444	804.463152	8945.27313	0	0	0	0	3
174	92	0.243298737	1.71349592	118913.539	100735.014	28618.6254	118913.539	804.463152	8945.27313	0	0	0	0	3
175	93	0.244336412	1.72334359	64717.4499	100426.539	28618.6254	118913.539	804.463152	8945.27313	0	0	0	0	3
176	93	0.245002528	1.73319127	77667.4063	100463.826	28618.6254	118913.539	804.463152	8945.27313	0	0	0	0	3
177	94	0.246033199	1.74303895	86479.9005	100303.884	28618.6254	118913.539	804.463152	8945.27313	0	0	0	0	3
178	94	0.246787587	1.75288663	82333.4565	100102.971	28618.6254	118913.539	804.463152	8945.27313	0	0	0	0	3
179	94	0.247378767	1.7627343	99280.1842	100025.181	28618.6254	118913.539	804.463152	8945.27313	0	0	0	0	3
180	95	0.248071817	1.77258198	105797.858	99918.2617	28618.6254	118913.539	832.183507	8945.27313	0	0	0	0	3
181	95	0.248871576	1.78242966	111607.459	99965.1367	28618.6254	118913.539	832.183507	8945.27313	0	0	0	0	3
182	96	0.249939527	1.79227734	110085.912	99948.5866	28618.6254	118913.539	832.183507	8945.27313	0	0	0	0	3
183	96	0.250839985	1.80212501	111361.02	99962.7764	28618.6254	118913.539	832.183507	8945.27313	0	0	0	0	3
184	97	0.252129605	1.81197269	104259.981	99963.0536	28618.6254	118913.539	832.183507	8945.27313	0	0	0	0	3
185	97	0.253420905	1.82182037	104333.708	99914.1049	28618.6254	118913.539	836.340314	8945.27313	0	0	0	0	3
186	98	0.255043747	1.83166805	102939.427	99838.8818	28618.6254	118913.539	911.563476	8945.27313	0	0	0	0	3
187	98	0.256744839	1.84151572	105545.416	99825.6969	28618.6254	118913.539	924.748361	8945.27313	0	0	0	0	3
188	98	0.258306107	1.8513634	104231.971	99850.4872	28618.6254	118913.539	924.748361	8945.27313	0	0	0	0	3
189	99	0.260083359	1.86121108	107051.428	99959.0685	28618.6254	118913.539	924.748361	8945.27313	0	0	0	0	3
190	99	0.261944152	1.87105876	106541.641	100099.165	28618.6254	118913.539	924.748361	8945.27313	0	0	0	0	3
191	100	0.264106377	1.88090644	101862.303	100248.001	28618.6254	118913.539	924.748361	8945.27313	0	0	0	0	3
192	100	0.266034055	1.89075411	101467.128	100424.36	28618.6254	118913.539	924.748361	8945.27313	0	0	0	0	3
193	101	0.268065103	1.90060179	101185.63	100649.788	28618.6254	118913.539	924.748361	8945.27313	0	0	0	0	3
194	101	0.270004072	1.91044947	99248.6379	100654.213	28618.6254	118913.539	924.748361	8945.27313	0	0	0	0	3
195	102	0.271589974	1.92029715	94979.0626	100679.572	28618.6254	118913.539	924.748361	8945.27313	0	0	0	0	3
196	102	0.27312765	1.93014482	86767.9504	100670.155	28618.6254	118913.539	924.748361	8945.27313	0	0	0	0	3
197	103	0.273740251	1.9399925	97488.9841	100866.825	28618.6254	118913.539	1041.12775	8945.27313	0	0	0	0	3
198	103	0.274447791	1.94984018	105016.667	100898.463	28618.6254	118913.539	1072.76566	8945.27313	0	0	0	0	3
199	104	0.275743488	1.95968786	99064.9336	100899.3	28618.6254	118913.539	1073.60284	8945.27313	0	0	0	0	3
200	105	0.277125986	1.96953553	101228.97	101109.243	28618.6254	118913.539	1283.54567	8945.27313	0	0	0	0	3
201	106	0.278805349	1.97938321	97654.5032	101156.528	28618.6254	118913.539	1330.83095	8945.27313	0	0	0	0	3
202	106	0.280409616	1.98923089	98085.2151	101233.812	28618.6254	118913.539	1408.11502	8945.27313	0	0	0	0	3
203	107	0.282146456	1.99907857	99060.3602	101218.543	28618.6254	118913.539	1408.11502	8945.27313	0	0	0	0	3
204	107	0.284375336	2.00892625	96114.9642	100997.073	28618.6254	118913.539	1408.11502	8945.27313	0	0	0	0	3
205	108	0.285761847	2.01877392	98847.5965	100809.035	28618.6254	118913.539	1408.11502	8945.27313	0	0	0	0	3
206	108	0.287508693	2.0286216	103212.037	100697.164	28618.6254	118913.539	1408.11502	8945.27313	0	0	0	0	3
207	109	0.28868872	2.03846928	103487.133	100538.477	28618.6254	118913.539	1408.11502	8945.27313	0	0	0	0	3
208	109	0.290612836	2.04831696	102395.584	100297.633	28618.6254	118913.539	1408.11502	8945.27313	0	0	0	0	3
209	110	0.29259993	2.05816463	103468.368	100200.6	28618.6254	118913.539	1408.11502	8945.27313	0	0	0	0	3
210	110	0.294128382	2.06801231	106017.641	100164.998	28618.6254	118913.539	1408.11502	8945.27313	0	0	0	0	3
211	111	0.296610664	2.07785999	103799.983	100189.648	28618.6254	118913.539	1408.11502	8945.27313	0	0	0	0	3
212	111	0.298575262	2.08770767	106494.736	100295.712	28618.6254	118913.539	1408.11502	8945.27313	0	0	0	0	3
213	111	0.300430422	2.09755534	106569.712	100427.149	28618.6254	118913.539	1408.11502	8945.27313	0	0	0	0	3
214	112	0.302323808	2.10740302	104688.357	100519.967	28618.6254	118913.539	1408.11502	8945.27313	0	0	0	0	3
215	112	0.304315589	2.1172507	101599.378	100684.734	28618.6254	118913.539	1408.11502	8945.27313	0	0	0	0	3
216	113	0.306364023	2.12709838	102649.236	100915.438	28618.6254	118913.539	1408.11502	8945.27313	0	0	0	0	3
217	113	0.307742338	2.13694606	99798.579	101016.595	28618.6254	118913.539	1408.11502	8945.27313	0	0	0	0	3
218	114	0.30925587	2.14679373	99122.9782	100989.757	28618.6254	118913.539	1408.11502	8945.27313	0	0	0	0	3
219	114	0.310701529	2.15664141	93275.4103	100879.569	28618.6254	118913.539	1408.11502	8945.27313	0	0	0	0	3
220	115	0.312115254	2.16648909	92005.5239	100723.865	28618.6254	118913.539	1408.11502	8945.27313	0	0	0	0	3
221	115	0.312681098	2.17633677	95148.9692	100698.606	28618.6254	118913.539	1408.11502	8945.27313	0	0	0	0	3
222	116	0.313638749	2.18618444	89763.2215	100504.904	28618.6254	118913.539	1408.11502	8945.27313	0	0	0	0	3
223	116	0.314684011	2.19603212	95912.8804	100081.378	28618.6254	118913.539	1408.11502	8945.27313	0	0	0	0	3
224	117	0.316154842	2.2058798	91791.4235	100208.932	64717.4499	118913.539	1408.11502	8945.27313	0	0	0	0	3
225	118	0.317631853	2.21572748	95438.7548	99984.7052	64717.4499	111607.459	1408.11502	8945.27313	0	0	0	0	3
226	118	0.319339988	2.22557515	95806.9384	100377.483	77667.4063	111607.459	1408.11502	8945.27313	0	0	0	0	3
227	119	0.321125283	2.23542283	96665.1621	100489.144	82333.4565	111607.459	1408.11502	8945.27313	0	0	0	0	3
228	119	0.322843885	2.24527051	94793.8074	100549.695	82333.4565	111607.459	1408.11502	8945.27313	0	0	0	0	3
229	120	0.324598094	2.25511819	94750.0006	100595.552	86767.9504	111607.459	1408.11502	8945.27313	0	0	0	0	3
230	120	0.326259839	2.26496586	102198.375	100639.176	86767.9504	111607.459	1408.11502	8945.27313	0	0	0	0	3
231	121	0.328101459	2.27481354	103429.158	100658.705	86767.9504	111607.459	1408.11502	8945.27313	0	0	0	0	3
232	121	0.329997951	2.28466122	104833.983	100648.375	86767.9504	111361.02	1408.11502	8945.27313	0	0	0	0	3
233	122	0.331719917	2.2945089	106882.847	100656.406	86767.9504	111361.02	1408.11502	8945.27313	0	0	0	0	3
234	122	0.333647394	2.30435658	106713.065	100680.981	86767.9504	107051.428	1408.11502	8945.27313	0	0	0	0	3
235	122	0.33569923	2.31420425	108392.365	100815.084	86767.9504	108392.365	1408.11502	8945.27313	0	0	0	0	3
236	123	0.337333676	2.32405193	106153.368	100864.916	86767.9504	108392.365	1408.11502	8945.27313	0	0	0	0	3
237	123	0.339171968	2.33389961	106294.158	100943.533	86767.9504	108392.365	1408.11502	8945.27313	0	0	0	0	3
238	124	0.341099465	2.34374729	105459.874	100953.93	86767.9504	108392.365	1383.3247	8945.27313	0	0	0	0	3
239	124	0.343154484	2.35359496	102591.148	100933.265	86767.9504	108392.365	1274.7434	8945.27313	0	0	0	0	3
240	124	0.345127136	2.36344264	102136.147	100833.309	86767.9504	108392.365	1249.10667	8945.27313	0	0	0	0	3
241	125	0.347232969	2.37329032	101336.502	100721.191	86767.9504	108392.365	1249.10667	8945.27313	0	0	0	0	3
242	125	0.34908229	2.383138	97954.0221	100631.934	86767.9504	108392.365	1249.10667	8945.27313	0	0	0	0	3
243	126	0.350496052	2.39298567	90592.5148	100444.828	86767.9504	108392.365	1249.10667	8945.27313	0	0	0	0	3
244	127	0.35174569	2.40283335	88721.7573	100251.782	86767.9504	108392.365	1249.10667	8945.27313	0	0	0	0	3
245	127	0.352412796	2.41268103	98746.2088	100263.197	86767.9504	108392.365	1249.10667	8945.27313	0	0	0	0	3
246	128	0.353537973	2.42252871	102141.296	100391.246	86767.9504	108392.365	1249.10667	8945.27313	0	0	0	0	3
247	128	0.354839905	2.43237639	96567.8825	100586.693	88721.7573	108392.365	1249.10667	8945.27313	0	0	0	0	3
248	129	0.356016424	2.44222406	104668.384	100668.124	88721.7573	108392.365	1249.10667	8945.27313	0	0	0	0	3
249	130	0.357624603	2.45207174	101117.53	100639.823	88721.7573	108392.365	1249.10667	8945.27313	0	0	0	0	3
250	130	0.358962924	2.46191942	98778.9367	100634.417	88721.7573	108392.365	1249.10667	8945.27313	0	0	0	0	3
251	131	0.36067896	2.4717671	103191.798	100677.103	88721.7573	108392.365	1249.10667	8945.27313	0	0	0	0	3
252	131	0.362591749	2.48161477	93769.2898	100579.985	88721.7573	108392.365	1249.10667	8945.27313	0	0	0	0	3
253	132	0.364434991	2.49146245	89238.0715	100378.813	88721.7573	108392.365	1233.83821	8945.27313	0	0	0	0	3
254	132	0.366142474	2.50131013	96427.7034	100325.757	88721.7573	108392.365	1031.89021	8945.27313	0	0	0	0	3
255	133	0.367477393	2.51115781	99034.8614	100417.958	88721.7573	108392.365	1031.89021	8945.27313	0	0	0	0	3
256	133	0.369384535	2.52100548	103005.023	100502.997	88721.7573	108392.365	1031.89021	8945.27313	0	0	0	0	3
257	134	0.371611449	2.53085316	102823.556	100508.174	88721.7573	108392.365	1031.89021	8945.27313	0	0	0	0	3
258	134	0.373438257	2.54070084	105978.084	100584.602	88721.7573	108392.365	1031.89021	8945.27313	0	0	0	0	3
259	134	0.375048716	2.55054852	106151.876	100649.519	88721.7573	108392.365	1031.89021	8945.27313	0	0	0	0	3
260	135	0.376703442	2.5603962	106945.604	100706.793	88721.7573	108392.365	1031.89021	8945.27313	0	0	0	0	3
261	135	0.378504744	2.57024387	106310.951	100730.229	88721.7573	108392.365	1031.89021	8945.27313	0	0	0	0	3
262	136	0.38042552	2.58009155	105957.812	100759.114	88721.7573	108392.365	1031.89021	8945.27313	0	0	0	0	3
263	136	0.382494588	2.58993923	102846.91	100676.316	88721.7573	108392.365	1031.89021	8945.27313	0	0	0	0	3
264	137	0.384468653	2.59978691	102161.522	100581.106	88721.7573	108392.365	1031.89021	8945.27313	0	0	0	0	3
265	137	0.386607297	2.60963458	100954.411	100498.311	88721.7573	108392.365	1031.89021	8945.27313	0	0	0	0	3
266	137	0.388570821	2.61948226	97599.8311	100404.734	88721.7573	108392.365	1031.89021	8945.27313	0	0	0	0	3
267	138	0.390061639	2.62932994	93766.5333	100231.562	88721.7573	108392.365	1031.89021	8945.27313	0	0	0	0	3
268	139	0.391368882	2.63917762	87301.9436	100036.584	87301.9436	108392.365	1005.05171	8945.27313	0	0	0	0	3
269	139	0.392085213	2.64902529	91857.0452	99982.5392	87301.9436	108392.365	971.390925	8945.27313	0	0	0	0	3
270	140	0.393124081	2.65887297	105588.395	100170.837	87301.9436	108392.365	971.390925	8945.27313	0	0	0	0	3
271	140	0.394517451	2.66872065	94800.0849	100220.108	87301.9436	108392.365	971.390925	8945.27313	0	0	0	0	3
272	141	0.395715121	2.67856833	101004.726	100265.983	87301.9436	108392.365	971.390925	8945.27313	0	0	0	0	3
273	141	0.397303698	2.688416	99769.4412	100376.772	87301.9436	108392.365	971.390925	8945.27313	0	0	0	0	3
274	142	0.399112368	2.69826368	95369.8604	100324.777	87301.9436	108392.365	971.390925	8945.27313	0	0	0	0	3
275	143	0.400806165	2.70811136	97796.8668	100422.464	87301.9436	108392.365	971.390925	8945.27313	0	0	0	0	3
276	143	0.40278511	2.71795904	92827.3871	100332.4	87301.9436	108392.365	971.390925	8945.27313	0	0	0	0	3
277	144	0.404094952	2.72780672	97025.1971	100372.494	87301.9436	108392.365	971.390925	8945.27313	0	0	0	0	3
278	144	0.405977496	2.73765439	101535.338	100476.296	87301.9436	108392.365	971.390925	8945.27313	0	0	0	0	3
279	144	0.408402247	2.74750207	103485.413	100675.718	87301.9436	108392.365	971.390925	8945.27313	0	0	0	0	3
280	145	0.410069803	2.75734975	103084.704	100844.337	87301.9436	108392.365	971.390925	8945.27313	0	0	0	0	3
281	145	0.412055661	2.76719743	104472.269	100902.084	87301.9436	108392.365	971.390925	8945.27313	0	0	0	0	3
282	146	0.414141396	2.7770451	108086.865	101022.164	87301.9436	108392.365	1039.62435	8945.27313	0	0	0	0	3
283	146	0.415302541	2.78689278	106381.43	101010.368	87301.9436	108392.365	1039.62435	8945.27313	0	0	0	0	3
284	147	0.417022737	2.79674046	107529.363	101023.284	87301.9436	108392.365	1040.74466	8945.27313	0	0	0	0	3
285	147	0.418924413	2.80658814	105519.287	100994.941	87301.9436	108392.365	1040.74466	8945.27313	0	0	0	0	3
286	147	0.420907758	2.81643581	103224.738	100868.711	87301.9436	108086.865	1040.74466	8945.27313	0	0	0	0	3
287	148	0.422886153	2.82628349	102631.258	100808.509	87301.9436	108086.865	1040.74466	8945.27313	0	0	0	0	3
288	148	0.425129106	2.83613117	101002.753	100696.261	87301.9436	108086.865	1040.74466	8945.27313	0	0	0	0	3
289	149	0.426729559	2.84597885	100297.388	100581.579	87301.9436	108086.865	1040.74466	8945.27313	0	0	0	0	3
290	149	0.428021472	2.85582653	95666.4301	100458.095	87301.9436	108086.865	1040.74466	8945.27313	0	0	0	0	3
291	150	0.429633791	2.8656742	92537.5369	100267.807	87301.9436	108086.865	1040.74466	8945.27313	0	0	0	0	3
292	150	0.430416824	2.87552188	89931.4069	100143.453	87301.9436	108086.865	1040.74466	8945.27313	0	0	0	0	3
293	151	0.431055607	2.88536956	102281.83	100209.51	87301.9436	108086.865	1040.74466	8945.27313	0	0	0	0	3
294	151	0.432169143	2.89521724	92645.9102	100272.857	87301.9436	108086.865	1040.74466	8945.27313	0	0	0	0	3
295	152	0.43345101	2.90506491	90542.0713	100296.86	87301.9436	108086.865	1040.74466	8945.27313	0	0	0	0	3
296	153	0.434754587	2.91491259	96714.5703	100252.711	87301.9436	108086.865	1040.74466	8945.27313	0	0	0	0	3
297	153	0.436062306	2.92476027	95556.1048	100152.536	87301.9436	108086.865	1040.74466	8945.27313	0	0	0	0	3
298	154	0.43740811	2.93460795	99360.514	100196.149	87301.9436	108086.865	1040.74466	8945.27313	0	0	0	0	3
299	154	0.43869909	2.94445562	96260.19	100071.058	87301.9436	108086.865	1040.74466	8945.27313	0	0	0	0	3
300	155	0.440730725	2.9543033	93616.4996	99893.0175	87301.9436	108086.865	1130.26633	8945.27313	0	0	0	0	3
301	156	0.442134199	2.96415098	97829.069	99876.1163	87301.9436	108086.865	1147.16759	8945.27313	0	0	0	0	3
302	156	0.443877029	2.97399866	100541.752	99821.671	87301.9436	108086.865	1201.61286	8945.27313	0	0	0	0	3
303	157	0.445460755	2.98384633	101879.73	100000.705	87301.9436	108086.865	1201.61286	8945.27313	0	0	0	0	3
304	157	0.447712261	2.99369401	104973.885	100373.379	87301.9436	108086.865	1201.61286	8945.27313	0	0	0	0	3
305	158	0.449292851	3.00354169	103360.484	100511.184	87301.9436	108086.865	1201.61286	8945.27313	0	0	0	0	3
306	158	0.451481191	3.01338937	105460.68	100663.581	87301.9436	108086.865	1201.61286	8945.27313	0	0	0	0	3
307	158	0.452545295	3.02323705	109075.337	100717.519	87301.9436	109075.337	1201.61286	8945.27313	0	0	0	0	3
308	159	0.454450422	3.03308472	107526.316	100817.492	87301.9436	109075.337	1201.61286	8945.27313	0	0	0	0	3
309	159	0.45623117	3.0429324	106542.776	100826.767	87301.9436	109075.337	1201.61286	8945.27313	0	0	0	0	3
310	160	0.458154174	3.05278008	105272.511	100826.446	87301.9436	109075.337	1201.61286	8945.27313	0	0	0	0	3
311	160	0.460145458	3.06262776	103149.646	100760.539	87301.9436	109075.337	1201.61286	8945.27313	0	0	0	0	3
312	160	0.462165698	3.07247543	102469.678	100682.306	87301.9436	109075.337	1201.61286	8945.27313	0	0	0	0	3
313	161	0.464372883	3.08232311	101003.575	100570.045	87301.9436	109075.337	1201.61286	8945.27313	0	0	0	0	3
314	162	0.465541257	3.09217079	100469.715	100511.907	87301.9436	109075.337	1201.61286	8945.27313	0	0	0	0	3
315	162	0.466728286	3.10201847	97235.1392	100425.034	87301.9436	109075.337	1201.61286	8945.27313	0	0	0	0	3
316	163	0.468286617	3.11186614	92848.5129	100266.624	87301.9436	109075.337	1201.61286	8945.27313	0	0	0	0	3
317	163	0.469345783	3.12171382	93401.9805	100241.437	87301.9436	109075.337	1201.61286	8945.27313	0	0	0	0	3
318	164	0.47005659	3.1315615	92860.1814	100296.518	87301.9436	109075.337	1201.61286	8945.27313	0	0	0	0	3
319	164	0.47091587	3.14140918	94354.5078	100445.879	89931.4069	109075.337	1201.61286	8945.27313	0	0	0	0	3
320	165	0.472143024	3.15125686	87393.6595	100322.661	87393.6595	109075.337	1201.61286	8945.27313	0	0	0	0	3
321	165	0.47335965	3.16110453	95060.538	100174.691	87393.6595	109075.337	1201.61286	8945.27313	0	0	0	0	3
322	166	0.474672657	3.17095221	90579.13	100110.937	87393.6595	109075.337	1201.61286	8945.27313	0	0	0	0	3
323	167	0.475827794	3.18079989	100947.765	100109.641	87393.6595	109075.337	1201.61286	8945.27313	0	0	0	0	3
324	167	0.476825738	3.19064757	104141.31	100167.031	87393.6595	109075.337	1201.61286	8945.27313	0	0	0	0	3
325	168	0.478305588	3.20049524	98593.4643	100247.188	87393.6595	109075.337	1201.61286	8945.27313	0	0	0	0	3
326	168	0.480118485	3.21034292	98438.9771	100258.186	87393.6595	109075.337	1201.61286	8945.27313	0	0	0	0	3
327	169	0.481901548	3.2201906	97322.4349	100377.889	87393.6595	109075.337	1201.61286	8945.27313	0	0	0	0	3
328	169	0.483243678	3.23003828	99692.4991	100421.751	87393.6595	109075.337	1201.61286	8945.27313	0	0	0	0	3
329	170	0.484675196	3.23988595	100998.245	100405.599	87393.6595	109075.337	1201.61286	8945.27313	0	0	0	0	3
330	170	0.486311673	3.24973363	103464.198	100373.993	87393.6595	109075.337	1201.61286	8945.27313	0	0	0	0	3
331	170	0.488112338	3.25958131	106457.772	100456.442	87393.6595	109075.337	1201.61286	8945.27313	0	0	0	0	3
332	171	0.490279884	3.26942899	105337.869	100489.755	87393.6595	109075.337	1201.61286	8945.27313	0	0	0	0	3
333	171	0.492008586	3.27927667	106478.007	100419.203	87393.6595	109075.337	1201.61286	8945.27313	0	0	0	0	3
334	172	0.493881361	3.28912434	105244.818	100446.11	87393.6595	109075.337	1201.61286	8945.27313	0	0	0	0	3
335	172	0.495754123	3.29897202	107104.092	100449.72	87393.6595	109075.337	1173.27009	8945.27313	0	0	0	0	3
336	173	0.497706909	3.3088197	105178.687	100444.566	87393.6595	109075.337	1047.04044	8945.27313	0	0	0	0	3
337	173	0.499780175	3.31866738	102516.316	100429.114	87393.6595	109075.337	1005.0958	8945.27313	0	0	0	0	3
338	173	0.501823427	3.32851505	102233.193	100420.62	87393.6595	109075.337	1005.0958	8945.27313	0	0	0	0	3
339	174	0.503770221	3.33836273	101007.141	100418.536	87393.6595	109075.337	1005.0958	8945.27313	0	0	0	0	3
340	175	0.504927534	3.34821041	99748.541	100411.1	87393.6595	109075.337	1005.0958	8945.27313	0	0	0	0	3
341	175	0.506355455	3.35805809	96522.0909	100418.459	87393.6595	109075.337	1005.0958	8945.27313	0	0	0	0	3
342	176	0.508009206	3.36790576	92876.8681	100421.453	87393.6595	109075.337	1005.0958	8945.27313	0	0	0	0	3
343	176	0.508929894	3.37775344	92847.6225	100437.258	87393.6595	109075.337	1005.0958	8945.27313	0	0	0	0	3
344	177	0.509598192	3.38760112	103218.569	100445.922	87393.6595	109075.337	1005.0958	8945.27313	0	0	0	0	3
345	177	0.510725164	3.3974488	103564.747	100601.231	87393.6595	109075.337	1005.0958	8945.27313	0	0	0	0	3
346	178	0.512029879	3.40729647	96763.887	100701.612	87393.6595	109075.337	1005.0958	8945.27313	0	0	0	0	3
347	179	0.513375171	3.41714415	98910.9801	100737.08	87393.6595	109075.337	1005.0958	8945.27313	0	0	0	0	3
348	179	0.515223685	3.42699183	97767.6518	100753.328	87393.6595	109075.337	1005.0958	8945.27313	0	0	0	0	3
349	180	0.517044639	3.43683951	101165.948	100786.301	87393.6595	109075.337	1005.0958	8945.27313	0	0	0	0	3
350	180	0.51903978	3.44668719	99148.7168	100818.363	87393.6595	109075.337	1005.0958	8945.27313	0	0	0	0	3
351	181	0.52058386	3.45653486	93028.4667	100850.964	87393.6595	109075.337	1029.29337	8945.27313	0	0	0	0	3
352	181	0.522803646	3.46638254	97730.9529	100817.685	87393.6595	109075.337	1029.29337	8945.27313	0	0	0	0	3
353	182	0.523859981	3.47623022	100510.169	100819.637	87393.6595	109075.337	850.259856	8945.27313	0	0	0	0	3
354	182	0.526013822	3.4860779	102366.045	100840.142	87393.6595	109075.337	741.323439	8945.27313	0	0	0	0	3
355	183	0.527777878	3.49592557	101858.441	100746.334	87393.6595	109075.337	741.323439	8945.27313	0	0	0	0	3
356	183	0.52926138	3.50577325	105874.297	100789.794	87393.6595	109075.337	741.323439	8945.27313	0	0	0	0	3
357	184	0.531418651	3.51562093	106528.386	100816.793	87393.6595	109075.337	741.323439	8945.27313	0	0	0	0	3
358	184	0.533164301	3.52546861	104512.527	100787.811	87393.6595	107526.316	741.323439	8945.27313	0	0	0	0	3
359	184	0.534866848	3.53531628	106713.417	100753.626	87393.6595	107104.092	741.323439	8945.27313	0	0	0	0	3
360	185	0.536778987	3.54516396	105460.174	100737.369	87393.6595	107104.092	741.323439	8945.27313	0	0	0	0	3
361	185	0.538737146	3.55501164	102502.099	100672.027	87393.6595	107104.092	741.323439	8945.27313	0	0	0	0	3
362	186	0.540724426	3.56485932	102248.604	100649.682	87393.6595	107104.092	741.323439	8945.27313	0	0	0	0	3
363	186	0.542878954	3.574707	101032.582	100614.348	87393.6595	107104.092	741.323439	8945.27313	0	0	0	0	3
364	187	0.54483388	3.58455467	99378.4438	100573.643	87393.6595	107104.092	741.323439	8945.27313	0	0	0	0	3
365	187	0.546204298	3.59440235	93044.0549	100447.225	87393.6595	107104.092	741.323439	8945.27313	0	0	0	0	3
366	188	0.547387657	3.60425003	92122.6008	100372.365	87393.6595	107104.092	741.323439	8945.27313	0	0	0	0	3
367	188	0.548212775	3.61409771	88018.361	100391.522	87393.6595	107104.092	741.323439	8945.27313	0	0	0	0	3
368	189	0.548876137	3.62394538	99745.3073	100479.217	87393.6595	107104.092	741.323439	8945.27313	0	0	0	0	3
369	190	0.549975496	3.63379306	100767.017	100550.94	87393.6595	107104.092	741.323439	8945.27313	0	0	0	0	3
370	190	0.551283331	3.64364074	95308.0719	100531.873	87393.6595	107104.092	741.323439	8945.27313	0	0	0	0	3
371	191	0.552617809	3.65348842	99217.6933	100710.425	88018.361	107104.092	741.323439	8945.27313	0	0	0	0	3
372	191	0.554346118	3.66333609	99074.3874	100760.386	88018.361	107104.092	741.323439	8945.27313	0	0	0	0	3
373	192	0.555964393	3.67318377	97916.1593	100868.212	88018.361	107104.092	758.570711	8945.27313	0	0	0	0	3
374	192	0.556891146	3.68303145	92285.9825	100768.962	88018.361	107104.092	701.180158	8945.27313	0	0	0	0	3
375	193	0.558314867	3.69287913	88893.4312	100520.182	88018.361	107104.092	621.023628	8945.27313	0	0	0	0	3
376	193	0.559406181	3.70272681	94592.969	100475.581	88018.361	107104.092	610.025999	8945.27313	0	0	0	0	3
377	194	0.560885991	3.71257448	93652.0531	100396.275	88018.361	107104.092	495.846964	8945.27313	0	0	0	0	3
378	194	0.562675209	3.72242216	98882.4372	100430.596	88018.361	107104.092	495.846964	8945.27313	0	0	0	0	3
379	195	0.564477693	3.73226984	99628.0447	100424.983	88018.361	107104.092	495.846964	8945.27313	0	0	0	0	3
380	195	0.565844015	3.74211752	104046.028	100475.826	88018.361	107104.092	495.846964	8945.27313	0	0	0	0	3
381	196	0.567725496	3.75196519	103333.706	100481.804	88018.361	107104.092	495.846964	8945.27313	0	0	0	0	3
382	196	0.569845137	3.76181287	109251.463	100577.577	88018.361	109251.463	495.846964	8945.27313	0	0	0	0	3
383	196	0.571492042	3.77166055	109020.021	100621.73	88018.361	109251.463	495.846964	8945.27313	0	0	0	0	3
384	197	0.573041067	3.78150823	107915.849	100636.23	88018.361	109251.463	495.846964	8945.27313	0	0	0	0	3
385	197	0.574782054	3.7913559	105914.42	100643.133	88018.361	109251.463	495.846964	8945.27313	0	0	0	0	3
386	198	0.576691717	3.80120358	105724.253	100613.522	88018.361	109251.463	495.846964	8945.27313	0	0	0	0	3
387	198	0.578715922	3.81105126	102549.209	100551.843	88018.361	109251.463	495.846964	8945.27313	0	0	0	0	3
388	198	0.580626003	3.82089894	102371.081	100544.446	88018.361	109251.463	495.846964	8945.27313	0	0	0	0	3
389	199	0.582295228	3.83074661	100821.948	100507.324	88018.361	109251.463	495.846964	8945.27313	0	0	0	0	3
390	199	0.583747844	3.84059429	100428.868	100493.732	88018.361	109251.463	495.846964	8945.27313	0	0	0	0	3
391	200	0.585452006	3.85044197	94849.5563	100384.993	88018.361	109251.463	495.846964	8945.27313	0	0	0	0	3
392	201	0.586855459	3.86028965	92314.2281	100312.806	88018.361	109251.463	555.40521	8945.27313	0	0	0	0	3
393	201	0.587612397	3.87013733	90616.4531	100375.086	88018.361	109251.463	555.40521	8945.27313	0	0	0	0	3
394	202	0.588270516	3.879985	98742.0323	100448.891	88018.361	109251.463	555.40521	8945.27313	0	0	0	0	3
395	202	0.589368056	3.88983268	103470.313	100467.258	88018.361	109251.463	555.40521	8945.27313	0	0	0	0	3
396	203	0.590781832	3.89968036	85666.7499	100162.282	85666.7499	109251.463	705.930101	8945.27313	0	0	0	0	3
397	204	0.591879544	3.90952804	96002.7225	100160.628	85666.7499	109251.463	707.583927	8945.27313	0	0	0	0	3
398	204	0.59331238	3.91937571	94159.7579	100074.096	85666.7499	109251.463	794.11587	8945.27313	0	0	0	0	3
399	204	0.594906594	3.92922339	97485.0789	100075.803	85666.7499	109251.463	794.11587	8945.27313	0	0	0	0	3
400	205	0.596179005	3.93907107	107998.897	100178.114	85666.7499	109251.463	794.11587	8945.27313	0	0	0	0	3
401	206	0.597157935	3.94891875	100105.563	100203.496	85666.7499	109251.463	794.11587	8945.27313	0	0	0	0	3
402	207	0.598820539	3.95876642	88683.6198	100100.294	85666.7499	109251.463	794.11587	8945.27313	0	0	0	0	3
403	207	0.600160093	3.9686141	96503.3568	100105.997	85666.7499	109251.463	794.11587	8945.27313	0	0	0	0	3
404	208	0.601285238	3.97846178	107893.686	100213.653	85666.7499	109251.463	794.11587	8945.27313	0	0	0	0	3
405	208	0.603094685	3.98830946	107153.56	100316.422	85666.7499	109251.463	794.11587	8945.27313	0	0	0	0	3
406	209	0.604707967	3.99815714	104299.518	100364.591	85666.7499	109251.463	794.11587	8945.27313	0	0	0	0	3
407	209	0.606654908	4.00800481	105478.245	100387.62	85666.7499	109251.463	794.11587	8945.27313	0	0	0	0	3
408	209	0.608861102	4.01785249	105236.245	100354.689	85666.7499	109251.463	794.11587	8945.27313	0	0	0	0	3
409	210	0.611238666	4.02770017	105180.679	100408.688	85666.7499	109251.463	794.11587	8945.27313	0	0	0	0	3
410	210	0.612855525	4.03754785	104570.714	100357.339	85666.7499	109251.463	794.11587	8945.27313	0	0	0	0	3
411	211	0.614771042	4.04739552	104911.441	100344.083	85666.7499	109251.463	794.11587	8945.27313	0	0	0	0	3
412	211	0.616585495	4.0572432	103332.708	100359.458	85666.7499	109251.463	794.11587	8945.27313	0	0	0	0	3
413	211	0.61849571	4.06709088	101515.021	100339.568	85666.7499	109251.463	794.11587	8945.27313	0	0	0	0	3
414	212	0.620469742	4.07693856	102463.763	100374.368	85666.7499	109251.463	794.11587	8945.27313	0	0	0	0	3
415	212	0.622055074	4.08678623	100343.971	100398.956	85666.7499	109251.463	794.11587	8945.27313	0	0	0	0	3
416	213	0.623384729	4.09663391	98843.7693	100502.758	85666.7499	109251.463	794.11587	8945.27313	0	0	0	0	3
417	213	0.624819141	4.10648159	92079.2122	100474.783	85666.7499	109251.463	794.11587	8945.27313	0	0	0	0	3
418	214	0.626033785	4.11632927	92181.1867	100477.408	85666.7499	109251.463	794.11587	8945.27313	0	0	0	0	3
419	215	0.626819695	4.12617695	89313.4539	100371.072	85666.7499	109251.463	794.11587	8945.27313	0	0	0	0	3
420	215	0.627481527	4.13602462	102090.272	100380.136	85666.7499	109251.463	794.11587	8945.27313	0	0	0	0	3
421	216	0.628599946	4.1458723	99518.4659	100453.467	85666.7499	109251.463	794.11587	8945.27313	0	0	0	0	3
422	216	0.629885655	4.15571998	91593.922	100327.39	85666.7499	109251.463	794.11587	8945.27313	0	0	0	0	3
423	217	0.631234495	4.16556766	101297.371	100372.572	85666.7499	109251.463	794.11587	8945.27313	0	0	0	0	3
424	218	0.632783703	4.17541533	99199.6556	100400.664	85666.7499	109251.463	694.866279	8945.27313	0	0	0	0	3
425	218	0.634230349	4.18526301	100550.837	100500.711	85666.7499	109251.463	569.036821	8945.27313	0	0	0	0	3
426	219	0.636132068	4.19511069	100193.698	100705.572	85666.7499	109251.463	631.47604	8945.27313	0	0	0	0	3
427	219	0.638151604	4.20495837	97087.8461	100697.503	85666.7499	109251.463	631.47604	8945.27313	0	0	0	0	3
428	220	0.639353085	4.21480604	98938.5494	100803.44	85666.7499	109251.463	729.344577	8945.27313	0	0	0	0	3
429	220	0.641248897	4.22465372	100130.004	100830.935	85666.7499	109251.463	756.839618	8945.27313	0	0	0	0	3
430	221	0.643237441	4.2345014	100219.542	100843.028	85666.7499	109251.463	768.932172	8945.27313	0	0	0	0	3
431	221	0.645537755	4.24434908	102549.592	100837.373	85666.7499	109251.463	768.932172	8945.27313	0	0	0	0	3
432	221	0.646811845	4.25419675	103302.694	100817.701	85666.7499	109251.463	768.932172	8945.27313	0	0	0	0	3
433	222	0.648773349	4.26404443	104781.881	100689.726	85666.7499	109020.021	768.932172	8945.27313	0	0	0	0	3
434	222	0.650513107	4.27389211	105702.036	100626.465	85666.7499	107998.897	768.932172	8945.27313	0	0	0	0	3
435	223	0.652261056	4.28373979	107125.523	100627.331	85666.7499	107998.897	768.932172	8945.27313	0	0	0	0	3
436	223	0.654098208	4.29358747	105945.205	100634.454	85666.7499	107998.897	768.932172	8945.27313	0	0	0	0	3
437	224	0.655998069	4.30343514	104460.983	100603.562	85666.7499	107998.897	768.932172	8945.27313	0	0	0	0	3
438	224	0.658008674	4.31328282	102348.479	100598.138	85666.7499	107998.897	768.932172	8945.27313	0	0	0	0	3
439	224	0.660129115	4.3231305	102747.151	100612.86	85666.7499	107998.897	768.932172	8945.27313	0	0	0	0	3
440	225	0.661847929	4.33297818	100682.53	100609.978	85666.7499	107998.897	768.932172	8945.27313	0	0	0	0	3
441	225	0.663698441	4.34282585	95671.1749	100498.956	85666.7499	107998.897	768.932172	8945.27313	0	0	0	0	3
442	226	0.665346089	4.35267353	92605.7992	100456.68	85666.7499	107998.897	768.932172	8945.27313	0	0	0	0	3
443	227	0.66607423	4.36252121	94503.4995	100546.214	85666.7499	107998.897	768.932172	8945.27313	0	0	0	0	3
444	227	0.666806525	4.37236889	91703.0654	100559.352	85666.7499	107998.897	768.932172	8945.27313	0	0	0	0	3
445	228	0.667907234	4.38221656	104402.745	100627.492	85666.7499	107998.897	768.932172	8945.27313	0	0	0	0	3
446	228	0.669280957	4.39206424	94341.7799	100480.395	85666.7499	107998.897	768.932172	8945.27313	0	0	0	0	3
447	229	0.670730553	4.40191192	99606.0328	100726.499	88683.6198	107998.897	768.932172	8945.27313	0	0	0	0	3
448	230	0.672505931	4.4117596	98725.8531	100746.759	88683.6198	107998.897	768.932172	8945.27313	0	0	0	0	3
449	230	0.674335224	4.42160728	96170.3661	100759.922	88683.6198	107998.897	767.224811	8945.27313	0	0	0	0	3
450	231	0.676383731	4.43145495	96293.6626	100711.708	88683.6198	107998.897	742.733801	8945.27313	0	0	0	0	3
451	231	0.678174127	4.44130263	91546.5814	100398.5	88683.6198	107893.686	742.733801	8945.27313	0	0	0	0	3
452	232	0.679800424	4.45115031	100774.425	100409.368	88683.6198	107893.686	742.733801	8945.27313	0	0	0	0	3
453	232	0.681065184	4.46099799	101715.245	100666.489	89313.4539	107893.686	737.031145	8945.27313	0	0	0	0	3
454	233	0.682732276	4.47084566	103578.96	100792.828	89313.4539	107893.686	629.374631	8945.27313	0	0	0	0	3
455	233	0.684437962	4.48069334	103499.011	100752.257	89313.4539	107153.56	526.606144	8945.27313	0	0	0	0	3
456	234	0.686695925	4.49054102	106177.761	100760.245	89313.4539	107125.523	515.637777	8945.27313	0	0	0	0	3
457	234	0.687950809	4.5003887	106685.254	100780.972	89313.4539	107125.523	515.637777	8945.27313	0	0	0	0	3
458	234	0.690116178	4.51023637	105961.785	100805.81	89313.4539	107125.523	515.637777	8945.27313	0	0	0	0	3
459	235	0.692539215	4.52008405	104948.847	100808.969	89313.4539	107125.523	515.637777	8945.27313	0	0	0	0	3
460	235	0.69459718	4.52993173	105617.642	100802.996	89313.4539	107125.523	515.637777	8945.27313	0	0	0	0	3
461	236	0.696653306	4.53977941	102115.148	100762.494	89313.4539	107125.523	515.637777	8945.27313	0	0	0	0	3
462	236	0.698681006	4.54962709	101984.906	100697.321	89313.4539	107125.523	515.637777	8945.27313	0	0	0	0	3
463	237	0.700809336	4.55947476	101184.002	100652.845	89313.4539	107125.523	515.637777	8945.27313	0	0	0	0	3
464	237	0.702791209	4.56932244	96623.1593	100538.565	89313.4539	107125.523	515.637777	8945.27313	0	0	0	0	3
465	238	0.70433979	4.57917012	91635.0863	100328.858	89313.4539	107125.523	515.637777	8945.27313	0	0	0	0	3
466	238	0.705199831	4.5890178	90789.9731	100229.9	89313.4539	107125.523	613.127709	8945.27313	0	0	0	0	3
467	239	0.706167335	4.59886547	91984.3395	100155.796	89313.4539	107125.523	687.23187	8945.27313	0	0	0	0	3
468	239	0.707256086	4.60871315	86459.8993	100115.447	86459.8993	107125.523	727.581019	8945.27313	0	0	0	0	3
469	240	0.708598551	4.61856083	86650.8272	100013.243	86459.8993	107125.523	829.785404	8945.27313	0	0	0	0	3
470	240	0.710061275	4.62840851	97432.3094	100068.91	86459.8993	107125.523	829.785404	8945.27313	0	0	0	0	3
471	241	0.711770514	4.63825618	100520.25	100062.191	86459.8993	107125.523	829.785404	8945.27313	0	0	0	0	3
472	242	0.713539249	4.64810386	97222.5792	100010.22	86459.8993	107125.523	832.808075	8945.27313	0	0	0	0	3
473	242	0.715292962	4.65795154	102578.021	100189.644	86459.8993	107125.523	832.808075	8945.27313	0	0	0	0	3
474	242	0.717242224	4.66779922	93232.8335	100014.604	86459.8993	107125.523	832.808075	8945.27313	0	0	0	0	3
475	243	0.718727099	4.67764689	102796.042	100077.35	86459.8993	107125.523	832.808075	8945.27313	0	0	0	0	3
476	243	0.720511307	4.68749457	105461.384	100180.748	86459.8993	107125.523	832.808075	8945.27313	0	0	0	0	3
477	244	0.722462549	4.69734225	104084.268	100268.69	86459.8993	107125.523	832.808075	8945.27313	0	0	0	0	3
478	244	0.724473438	4.70718993	103554.19	100419.643	86459.8993	107125.523	832.808075	8945.27313	0	0	0	0	3
479	245	0.72605085	4.71703761	106046.92	100542.554	86459.8993	107125.523	832.808075	8945.27313	0	0	0	0	3
480	245	0.728486314	4.72688528	107116.538	100735.049	86459.8993	107125.523	832.808075	8945.27313	0	0	0	0	3
481	246	0.729583864	4.73673296	106591.041	100821.357	86459.8993	107125.523	827.15274	8945.27313	0	0	0	0	3
482	246	0.731505739	4.74658064	106967.046	100912.504	86459.8993	107125.523	902.284441	8945.27313	0	0	0	0	3
483	246	0.733585871	4.75642832	105002.092	100975.444	86459.8993	107125.523	965.224527	8945.27313	0	0	0	0	3
484	247	0.735787486	4.76627599	102538.094	100929.176	86459.8993	107125.523	965.224527	8945.27313	0	0	0	0	3
485	247	0.737829287	4.77612367	102118.955	100861.9	86459.8993	107125.523	965.224527	8945.27313	0	0	0	0	3
486	248	0.739990463	4.78597135	101343.04	100748.954	86459.8993	107116.538	965.224527	8945.27313	0	0	0	0	3
487	248	0.74198243	4.79581903	97433.2106	100565.176	86459.8993	107116.538	965.224527	8945.27313	0	0	0	0	3
488	249	0.743523956	4.8056667	91089.5713	100313.726	86459.8993	107116.538	965.224527	8945.27313	0	0	0	0	3
489	250	0.744583707	4.81551438	86871.1465	100101.923	86459.8993	107116.538	965.224527	8945.27313	0	0	0	0	3
490	250	0.745317236	4.82536206	95900.119	99999.8995	86459.8993	107116.538	975.544896	8945.27313	0	0	0	0	3
491	251	0.746507534	4.83520974	102542.906	100021.794	86459.8993	107116.538	975.544896	8945.27313	0	0	0	0	3
492	251	0.747775012	4.84505742	77675.6814	99780.6768	77675.6814	107116.538	1194.76763	8945.27313	0	0	0	0	3
493	252	0.748595662	4.85490509	109593.07	100019.407	77675.6814	109593.07	1194.76763	8945.27313	0	0	0	0	3
494	252	0.750029533	4.86475277	99883.4209	100064.924	77675.6814	109593.07	1194.76763	8945.27313	0	0	0	0	3
495	253	0.751494853	4.87460045	97595.4003	100094.5	77675.6814	109593.07	1194.76763	8945.27313	0	0	0	0	3
496	253	0.7524282	4.88444813	101557.286	100054.547	77675.6814	109593.07	1194.76763	8945.27313	0	0	0	0	3
497	254	0.754736934	4.8942958	95364.8124	100019.68	77675.6814	109593.07	1194.76763	8945.27313	0	0	0	0	3
498	254	0.756031656	4.90414348	91017.2958	99890.069	77675.6814	109593.07	1194.76763	8945.27313	0	0	0	0	3
499	255	0.757933268	4.91399116	98382.7824	99880.7119	77675.6814	109593.07	1194.76763	8945.27313	0	0	0	0	3
500	255	0.759317262	4.92383884	99866.4657	99960.3475	77675.6814	109593.07	1194.76763	8945.27313	0	0	0	0	3
501	256	0.761313711	4.93368651	103724.984	100137.283	77675.6814	109593.07	1194.76763	8945.27313	0	0	0	0	3
502	257	0.762732399	4.94353419	103081.043	100368.568	77675.6814	109593.07	1194.76763	8945.27313	0	0	0	0	3
503	257	0.764475094	4.95338187	105283.075	100461.918	77675.6814	109593.07	1194.76763	8945.27313	0	0	0	0	3
504	258	0.766472543	4.96322955	106928.816	100594.602	77675.6814	109593.07	1194.76763	8945.27313	0	0	0	0	3
505	258	0.76843684	4.97307722	109550.58	100741.817	77675.6814	109593.07	1194.76763	8945.27313	0	0	0	0	3
506	259	0.770432351	4.9829249	107167.952	100836.248	77675.6814	109593.07	1194.76763	8945.27313	0	0	0	0	3
507	259	0.77245416	4.99277258	105017.053	100794.174	77675.6814	109593.07	1194.76763	8945.27313	0	0	0	0	3
508	259	0.774487366	5.00262026	103096.887	100762.85	77675.6814	109593.07	1194.76763	8945.27313	0	0	0	0	3
509	260	0.776521089	5.01246794	102641.332	100676.775	77675.6814	109593.07	1194.76763	8945.27313	0	0	0	0	3
510	260	0.778608838	5.02231561	101931.352	100586.939	77675.6814	109593.07	1194.76763	8945.27313	0	0	0	0	3
511	261	0.780204085	5.03216329	100586.995	100466.003	77675.6814	109593.07	1194.76763	8945.27313	0	0	0	0	3
512	261	0.78181453	5.04201097	94928.5816	100321.471	77675.6814	109593.07	1194.76763	8945.27313	0	0	0	0	3
513	262	0.783407624	5.05185865	91390.5313	100113.734	77675.6814	109593.07	1194.76763	8945.27313	0	0	0	0	3
514	262	0.784120483	5.06170632	92948.0904	100025.079	77675.6814	109593.07	1194.76763	8945.27313	0	0	0	0	3
515	263	0.784816112	5.071554	92891.477	100046.778	77675.6814	109593.07	1194.76763	8945.27313	0	0	0	0	3
516	263	0.785980921	5.08140168	102084.179	100235.4	77675.6814	109593.07	1194.76763	8945.27313	0	0	0	0	3
517	264	0.787291802	5.09124936	87876.7113	100137.007	77675.6814	109593.07	1194.76763	8945.27313	0	0	0	0	3
518	265	0.788491535	5.10109703	97321.3522	100191.787	77675.6814	109593.07	1194.76763	8945.27313	0	0	0	0	3
519	265	0.790238216	5.11094471	99176.1076	100350.574	77675.6814	109593.07	1194.76763	8945.27313	0	0	0	0	3
520	265	0.791832653	5.12079239	92172.7883	100414.881	77675.6814	109593.07	1194.76763	8945.27313	0	0	0	0	3
521	266	0.793607688	5.13064007	102874.747	100519.362	77675.6814	109593.07	1194.76763	8945.27313	0	0	0	0	3
522	267	0.795517109	5.14048775	96516.2494	100428.073	77675.6814	109593.07	1194.76763	8945.27313	0	0	0	0	3
523	267	0.796880718	5.15033542	96587.2939	100433.261	77675.6814	109593.07	1194.76763	8945.27313	0	0	0	0	3
524	268	0.798776321	5.1601831	100051.796	100379.544	77675.6814	109593.07	1194.76763	8945.27313	0	0	0	0	3
525	268	0.800855109	5.17003078	101711.336	100579.266	77675.6814	109593.07	1194.76763	8945.27313	0	0	0	0	3
526	269	0.802056601	5.17987846	99350.6016	100522.049	77675.6814	109593.07	1194.76763	8945.27313	0	0	0	0	3
527	269	0.803756714	5.18972613	104050.424	100488.244	77675.6814	109593.07	1194.76763	8945.27313	0	0	0	0	3
528	269	0.805604064	5.19957381	108254.855	100576.418	77675.6814	109593.07	1194.76763	8945.27313	0	0	0	0	3
529	270	0.807139072	5.20942149	109496.276	100669.614	77675.6814	109593.07	1194.76763	8945.27313	0	0	0	0	3
530	270	0.808800588	5.21926917	105932.428	100672.78	77675.6814	109593.07	1194.76763	8945.27313	0	0	0	0	3
531	271	0.810528887	5.22911684	106256.015	100599.11	77675.6814	109593.07	1194.76763	8945.27313	0	0	0	0	3
532	271	0.812371011	5.23896452	106457.352	100650.026	77675.6814	109593.07	1194.76763	8945.27313	0	0	0	0	3
533	271	0.814398297	5.2488122	102968.159	100560.259	77675.6814	109593.07	1194.76763	8945.27313	0	0	0	0	3
534	272	0.8163707	5.25865988	102384.303	100492.109	77675.6814	109593.07	1148.49945	8945.27313	0	0	0	0	3
535	272	0.818531732	5.26850756	101670.466	100468.445	77675.6814	109593.07	1081.22291	8945.27313	0	0	0	0	3
536	273	0.820516922	5.27835523	97451.5646	100355.259	77675.6814	109593.07	1055.571	8945.27313	0	0	0	0	3
537	274	0.822100754	5.28820291	90878.3512	100146.459	77675.6814	109593.07	1055.571	8945.27313	0	0	0	0	3
538	274	0.822988258	5.29805059	89214.7481	100093.411	77675.6814	109593.07	1055.571	8945.27313	0	0	0	0	3
539	275	0.823633121	5.30789827	94673.4839	100223.041	77675.6814	109593.07	1055.571	8945.27313	0	0	0	0	3
540	275	0.824763669	5.31774594	97433.3384	100360.18	77675.6814	109593.07	1055.571	8945.27313	0	0	0	0	3
541	276	0.826063854	5.32759362	88857.3274	100215.477	77675.6814	109593.07	1055.571	8945.27313	0	0	0	0	3
542	277	0.826936533	5.3374413	101160.353	100191.285	77675.6814	109593.07	1055.571	8945.27313	0	0	0	0	3
543	277	0.828431491	5.34728898	100398.462	100548.947	87876.7113	109593.07	955.535849	8945.27313	0	0	0	0	3
544	278	0.829982653	5.35713665	96672.8402	100383.877	87876.7113	109550.58	955.535849	8945.27313	0	0	0	0	3
545	278	0.831305717	5.36698433	97443.0614	100344.834	87876.7113	109550.58	955.535849	8945.27313	0	0	0	0	3
546	279	0.833219486	5.37683201	93093.5871	100224.326	87876.7113	109550.58	955.535849	8945.27313	0	0	0	0	3
547	279	0.834490823	5.38667969	94381.4306	100118.646	87876.7113	109550.58	955.535849	8945.27313	0	0	0	0	3
548	280	0.836334066	5.39652736	93892.7696	100112.513	87876.7113	109550.58	955.535849	8945.27313	0	0	0	0	3
549	280	0.837538381	5.40637504	105029.92	100329.647	87876.7113	109550.58	955.535849	8945.27313	0	0	0	0	3
550	280	0.838684415	5.41622272	104179.707	100430.134	87876.7113	109550.58	875.900276	8945.27313	0	0	0	0	3
551	281	0.840393113	5.4260704	105317.615	100542.761	87876.7113	109550.58	811.168645	8945.27313	0	0	0	0	3
552	281	0.842219379	5.43591808	105735.813	100581.458	87876.7113	109550.58	811.168645	8945.27313	0	0	0	0	3
553	282	0.843860219	5.44576575	105268.025	100632.535	87876.7113	109550.58	811.168645	8945.27313	0	0	0	0	3
554	282	0.845817611	5.45561343	105696.416	100654.756	87876.7113	109550.58	811.168645	8945.27313	0	0	0	0	3
555	283	0.847507411	5.46546111	107951.058	100652.253	87876.7113	109550.58	811.168645	8945.27313	0	0	0	0	3
556	283	0.849762448	5.47530879	106849.048	100609.155	87876.7113	109496.276	811.168645	8945.27313	0	0	0	0	3
557	283	0.851584899	5.48515646	105618.526	100560.373	87876.7113	109496.276	769.095095	8945.27313	0	0	0	0	3
558	284	0.853621273	5.49500414	102657.484	100501.974	87876.7113	109496.276	737.770367	8945.27313	0	0	0	0	3
559	284	0.855644177	5.50485182	102653.857	100490.602	87876.7113	109496.276	651.69544	8945.27313	0	0	0	0	3
560	285	0.85785618	5.5146995	101775.616	100471.772	87876.7113	109496.276	647.700883	8945.27313	0	0	0	0	3
561	285	0.859926666	5.52454717	96957.005	100344.807	87876.7113	109496.276	647.700883	8945.27313	0	0	0	0	3
562	286	0.861598197	5.53439485	92047.6063	100169.667	87876.7113	109496.276	647.700883	8945.27313	0	0	0	0	3
563	286	0.862380917	5.54424253	87031.5492	100146.792	87031.5492	109496.276	647.700883	8945.27313	0	0	0	0	3
564	287	0.863053273	5.55409021	100618.783	100325.921	87031.5492	109496.276	647.700883	8945.27313	0	0	0	0	3
565	288	0.864200278	5.56393789	106045.846	100473.526	87031.5492	109496.276	626.002211	8945.27313	0	0	0	0	3
566	288	0.865439918	5.57378556	80053.4983	100224.974	80053.4983	109496.276	579.36902	8945.27313	0	0	0	0	3
567	289	0.866474417	5.58363324	98402.1696	100174.643	80053.4983	109496.276	579.36902	8945.27313	0	0	0	0	3
568	289	0.86798622	5.59348092	94398.6088	100266.209	80053.4983	109496.276	579.36902	8945.27313	0	0	0	0	3
569	290	0.869572468	5.6033286	96134.3062	100228.948	80053.4983	109496.276	579.36902	8945.27313	0	0	0	0	3
570	291	0.87007781	5.61317627	92552.4342	100203.393	80053.4983	109496.276	579.36902	8945.27313	0	0	0	0	3
571	291	0.870919815	5.62302395	99508.6964	100357.898	80053.4983	109496.276	579.36902	8945.27313	0	0	0	0	3
572	292	0.87237456	5.63287163	96902.5253	100237.363	80053.4983	109496.276	579.36902	8945.27313	0	0	0	0	3
573	292	0.874152317	5.64271931	94711.1609	100202.784	80053.4983	109496.276	579.36902	8945.27313	0	0	0	0	3
574	293	0.875043492	5.65256698	90853.7687	100159.266	80053.4983	109496.276	579.36902	8945.27313	0	0	0	0	3
575	293	0.875839957	5.66241466	100224.253	100162.581	80053.4983	109496.276	579.36902	8945.27313	0	0	0	0	3
576	294	0.877752854	5.67226234	102329.768	100174.624	80053.4983	109496.276	579.36902	8945.27313	0	0	0	0	3
577	294	0.879486637	5.68211002	105064.559	100296.904	80053.4983	109496.276	579.36902	8945.27313	0	0	0	0	3
578	295	0.88084569	5.6919577	104588.988	100289.793	80053.4983	109496.276	579.36902	8945.27313	0	0	0	0	3
579	295	0.882820423	5.70180537	106778.098	100265.166	80053.4983	109496.276	579.36902	8945.27313	0	0	0	0	3
580	295	0.884264133	5.71165305	108179.504	100229.59	80053.4983	108179.504	579.36902	8945.27313	0	0	0	0	3
581	296	0.886300307	5.72150073	107340.023	100294.141	80053.4983	108179.504	561.345053	8945.27313	0	0	0	0	3
582	296	0.888030296	5.73134841	106968.955	100310.185	80053.4983	108179.504	561.345053	8945.27313	0	0	0	0	3
583	297	0.889886051	5.74119608	106225.449	100305.714	80053.4983	108179.504	561.345053	8945.27313	0	0	0	0	3
584	297	0.891780644	5.75104376	103934.65	100324.812	80053.4983	108179.504	561.345053	8945.27313	0	0	0	0	3
585	298	0.893787586	5.76089144	102346.046	100324.739	80053.4983	108179.504	561.345053	8945.27313	0	0	0	0	3
586	298	0.895965965	5.77073912	102122.668	100337.762	80053.4983	108179.504	561.345053	8945.27313	0	0	0	0	3
587	299	0.897840527	5.78058679	100331.201	100411.703	80053.4983	108179.504	561.345053	8945.27313	0	0	0	0	3
588	299	0.899259151	5.79043447	95886.6936	100524.198	80053.4983	108179.504	561.345053	8945.27313	0	0	0	0	3
589	300	0.900885083	5.80028215	93220.981	100500.611	80053.4983	108179.504	542.243259	8945.27313	0	0	0	0	3
590	300	0.901661073	5.81012983	89962.237	100443.965	80053.4983	108179.504	542.243259	8945.27313	0	0	0	0	3
591	301	0.902306055	5.8199775	105546.713	100530.302	80053.4983	108179.504	542.243259	8945.27313	0	0	0	0	3
592	301	0.903499719	5.82982518	92626.3009	100604.458	80053.4983	108179.504	542.243259	8945.27313	0	0	0	0	3
593	302	0.904744062	5.83967286	90741.3278	100440.486	80053.4983	108179.504	542.243259	8945.27313	0	0	0	0	3
594	303	0.906218662	5.84952054	97830.5815	100391.818	80053.4983	108179.504	542.243259	8945.27313	0	0	0	0	3
595	303	0.907706385	5.85936822	99372.2642	100446.524	80053.4983	108179.504	542.243259	8945.27313	0	0	0	0	3
596	304	0.90950854	5.86921589	100894.035	100507.65	80053.4983	108179.504	542.243259	8945.27313	0	0	0	0	3
597	304	0.911002423	5.87906357	100070.396	100681.668	80053.4983	108179.504	569.155177	8945.27313	0	0	0	0	3
598	305	0.912982045	5.88891125	93357.2448	100598.985	80053.4983	108179.504	569.155177	8945.27313	0	0	0	0	3
599	305	0.914799215	5.89875893	95051.873	100628.057	80053.4983	108179.504	534.876422	8945.27313	0	0	0	0	3
600	306	0.916659089	5.9086066	98062.0682	100500.737	80053.4983	108179.504	534.876422	8945.27313	0	0	0	0	3
601	307	0.918565062	5.91845428	102923.467	100505.763	80053.4983	108179.504	534.876422	8945.27313	0	0	0	0	3
602	307	0.920599424	5.92830196	104335.555	100500.391	80053.4983	108179.504	534.876422	8945.27313	0	0	0	0	3
603	308	0.922127053	5.93814964	106044.385	100486.724	80053.4983	108179.504	534.876422	8945.27313	0	0	0	0	3
604	308	0.924156594	5.94799731	106880.295	100550.621	80053.4983	108179.504	534.876422	8945.27313	0	0	0	0	3
605	308	0.925725862	5.95784499	106557.117	100542.53	80053.4983	108179.504	534.876422	8945.27313	0	0	0	0	3
606	309	0.927400011	5.96769267	108352.086	100549.482	80053.4983	108352.086	534.876422	8945.27313	0	0	0	0	3
607	309	0.92924303	5.97754035	106594.967	100510.934	80053.4983	108352.086	534.876422	8945.27313	0	0	0	0	3
608	310	0.931160961	5.98738803	104044.271	100479.12	80053.4983	108352.086	534.876422	8945.27313	0	0	0	0	3
609	310	0.93319824	5.9972357	102620.192	100478.19	80053.4983	108352.086	534.876422	8945.27313	0	0	0	0	3
610	311	0.935416354	6.00708338	102063.054	100467.086	80053.4983	108352.086	534.876422	8945.27313	0	0	0	0	3
611	311	0.936914146	6.01693106	99712.321	100416.175	80053.4983	108352.086	534.876422	8945.27313	0	0	0	0	3
612	312	0.938254499	6.02677874	96468.4915	100440.06	80053.4983	108352.086	534.876422	8945.27313	0	0	0	0	3
613	312	0.939875868	6.03662641	92110.404	100446.739	80053.4983	108352.086	534.876422	8945.27313	0	0	0	0	3
614	313	0.9409435	6.04647409	95732.8239	100516.335	80053.4983	108352.086	522.401707	8945.27313	0	0	0	0	3
615	313	0.941649642	6.05632177	92821.1355	100446.321	80053.4983	108352.086	522.401707	8945.27313	0	0	0	0	3
616	314	0.942760374	6.06616945	101724.325	100382.636	80053.4983	108352.086	522.401707	8945.27313	0	0	0	0	3
617	315	0.944044219	6.07601712	90575.8454	100543.065	89962.237	108352.086	522.401707	8945.27313	0	0	0	0	3
618	315	0.945305637	6.0858648	98380.0567	100536.548	89962.237	108352.086	522.401707	8945.27313	0	0	0	0	3
619	316	0.947113798	6.09571248	96625.2568	100564.441	89962.237	108352.086	522.401707	8945.27313	0	0	0	0	3
620	316	0.948609342	6.10556016	94870.8594	100545.618	89962.237	108352.086	522.401707	8945.27313	0	0	0	0	3
621	317	0.949759912	6.11540784	100554.441	100596.438	89962.237	108352.086	522.401707	8945.27313	0	0	0	0	3
622	317	0.952036199	6.12525551	100417.564	100602.71	89962.237	108352.086	522.401707	8945.27313	0	0	0	0	3
623	317	0.953555016	6.13510319	100731.907	100671.434	89962.237	108352.086	522.401707	8945.27313	0	0	0	0	3
624	318	0.955864544	6.14495087	98799.1207	100748.188	89962.237	108352.086	588.921889	8945.27313	0	0	0	0	3
625	318	0.957916135	6.15479855	102877.12	100907.292	89962.237	108352.086	744.710518	8945.27313	0	0	0	0	3
626	319	0.959748358	6.16464622	100876.459	100913.102	89962.237	108352.086	738.477787	8945.27313	0	0	0	0	3
627	319	0.961464673	6.1744939	103589.76	100935.609	89962.237	108352.086	706.018917	8945.27313	0	0	0	0	3
628	320	0.962821667	6.18434158	106540.767	100940.978	89962.237	108352.086	711.38837	8945.27313	0	0	0	0	3
629	320	0.964999974	6.19418926	109475.639	101102.981	89962.237	109475.639	873.391668	8945.27313	0	0	0	0	3
630	320	0.967332642	6.20403693	105108.421	101080.931	89962.237	109475.639	873.391668	8945.27313	0	0	0	0	3
631	321	0.9693328	6.21388461	105612.871	101067.017	89962.237	109475.639	808.840276	8945.27313	0	0	0	0	3
632	321	0.971379054	6.22373229	102887.901	100960.681	89962.237	109475.639	797.266837	8945.27313	0	0	0	0	3
633	322	0.9733514	6.23357997	102233.448	100868.278	89962.237	109475.639	797.266837	8945.27313	0	0	0	0	3
634	322	0.975375038	6.24342764	100377.843	100740.378	89962.237	109475.639	778.242157	8945.27313	0	0	0	0	3
635	323	0.976677165	6.25327532	100627.056	100667.355	89962.237	109475.639	778.242157	8945.27313	0	0	0	0	3
636	323	0.978072989	6.263123	93575.0765	100509.93	89962.237	109475.639	765.219341	8945.27313	0	0	0	0	3
637	324	0.979442474	6.27297068	89747.2626	100291.276	89747.2626	109475.639	811.705084	8945.27313	0	0	0	0	3
638	324	0.980203648	6.28281836	93597.1135	100228.502	89747.2626	109475.639	874.479135	8945.27313	0	0	0	0	3
639	325	0.980874357	6.29266603	101692.815	100316.004	89747.2626	109475.639	874.479135	8945.27313	0	0	0	0	3
640	325	0.982069375	6.30251371	88226.5376	100280.146	88226.5376	109475.639	874.479135	8945.27313	0	0	0	0	3
641	326	0.983373303	6.31236139	87347.9072	100171.765	87347.9072	109475.639	931.216602	8945.27313	0	0	0	0	3
642	326	0.98473429	6.32220907	94944.2221	100043.394	87347.9072	109475.639	1059.58721	8945.27313	0	0	0	0	3
643	327	0.986592386	6.33205674	96466.8526	100069.966	87347.9072	109475.639	1059.58721	8945.27313	0	0	0	0	3
644	328	0.98800552	6.34190442	100684.579	100219.814	87347.9072	109475.639	1059.58721	8945.27313	0	0	0	0	3
645	328	0.989517772	6.3517521	101933.076	100293.213	87347.9072	109475.639	1059.58721	8945.27313	0	0	0	0	3
646	328	0.99162104	6.36159978	96961.2125	100226.026	87347.9072	109475.639	1059.58721	8945.27313	0	0	0	0	3
647	329	0.993187325	6.37144745	96760.0899	100146.765	87347.9072	109475.639	1059.58721	8945.27313	0	0	0	0	3
648	329	0.99524325	6.38129513	99117.8481	100123.008	87347.9072	109475.639	1059.58721	8945.27313	0	0	0	0	3
649	330	0.997050202	6.39114281	105302.052	100393.645	87347.9072	109475.639	1059.58721	8945.27313	0	0	0	0	3
650	330	0.998570415	6.40099049	101289.471	100525.775	87347.9072	109475.639	1059.58721	8945.27313	0	0	0	0	3
651	331	1	6.41083817	104961.737	100656.849	87347.9072	109475.639	1059.58721	8945.27313	0	0	0	0	3
