Iteration	CPUTime	PhysTime	Travels	Value	AvValue	MinValue	MaxValue	Delta	Criteria	PrevAvRefValue	Progress	CriteriaType	CriteriaVarType	CriteriaPercentage
1	2	0.000100925651	0.00984767767	293.201901	293.201901	293.201901	293.201901	0	0	0	0	0	0	3
2	3	0.000190052491	0.0196953553	293.195149	293.198735	293.195149	293.201901	0.00316622848	0	0	0	0	0	3
3	4	0.000274930045	0.029543033	293.206887	293.201251	293.195149	293.206887	0.00316622848	0	0	0	0	0	3
4	4	0.000359735968	0.0393907107	293.210662	293.20347	293.195149	293.210662	0.0047355153	0	0	0	0	0	3
5	5	0.000446876366	0.0492383884	293.220121	293.206717	293.195149	293.220121	0.00798242094	0	0	0	0	0	3
6	6	0.000600085754	0.059086066	293.213213	293.208375	293.195149	293.220121	0.0096408328	0	0	0	0	0	3
7	6	0.000790165023	0.0689337437	293.211981	293.209243	293.195149	293.220121	0.0105082456	0	0	0	0	0	3
8	7	0.00100063743	0.0787814214	293.209923	293.209386	293.195149	293.220121	0.0106514246	0	0	0	0	0	3
9	8	0.0012086204	0.0886290991	293.22501	293.212075	293.195149	293.22501	0.0133400228	0	0	0	0	0	3
10	9	0.00143105264	0.0984767767	293.218157	293.21302	293.195149	293.22501	0.0142854303	0	0	0	0	0	3
11	9	0.00178474472	0.108324454	293.214844	293.213381	293.195149	293.22501	0.0146468839	0	0	0	0	0	3
12	10	0.00212559939	0.118172132	293.209799	293.212807	293.195149	293.22501	0.0146468839	0	0	0	0	0	3
13	10	0.00231229636	0.12801981	293.207478	293.212377	293.195149	293.22501	0.0146468839	0	0	0	0	0	3
14	11	0.00263818579	0.137867487	293.207654	293.211793	293.195149	293.22501	0.0146468839	0	0	0	0	0	3
15	11	0.0030399103	0.147715165	293.208501	293.211358	293.195149	293.22501	0.0146468839	0	0	0	0	0	3
16	12	0.00367007275	0.157562843	293.20914	293.210977	293.195149	293.22501	0.0146468839	0	0	0	0	0	3
17	13	0.0040585289	0.16741052	293.21015	293.210898	293.195149	293.22501	0.0146468839	0	0	0	0	0	3
18	14	0.00464486169	0.177258198	293.210663	293.210868	293.195149	293.22501	0.0146468839	0	0	0	0	0	3
19	14	0.00504156293	0.187105876	293.210865	293.210868	293.195149	293.22501	0.0146468839	0	0	0	0	0	3
20	15	0.00553334655	0.196953553	293.215315	293.211263	293.195149	293.22501	0.0146468839	0	0	0	0	0	3
21	15	0.00643937057	0.206801231	293.211215	293.211257	293.195149	293.22501	0.0146468839	0	0	0	0	0	3
22	16	0.00722602607	0.216648909	293.212024	293.21134	293.195149	293.22501	0.0146468839	0	0	0	0	0	3
23	16	0.00833853776	0.226496586	293.210086	293.211173	293.195149	293.22501	0.0146468839	0	0	0	0	0	3
24	17	0.00926133044	0.236344264	293.211063	293.211162	293.195149	293.22501	0.0146468839	0	0	0	0	0	3
25	17	0.0101483044	0.246191942	293.211344	293.211178	293.195149	293.22501	0.0146468839	0	0	0	0	0	3
26	18	0.0116008197	0.25603962	293.210853	293.211137	293.195149	293.22501	0.0146468839	0	0	0	0	0	3
27	18	0.0128660212	0.265887297	293.210262	293.211051	293.195149	293.22501	0.0146468839	0	0	0	0	0	3
28	19	0.0145965573	0.275734975	293.208672	293.210769	293.195149	293.22501	0.0146468839	0	0	0	0	0	3
29	19	0.0156506402	0.285582653	293.209666	293.210695	293.195149	293.22501	0.0146468839	0	0	0	0	0	3
30	20	0.0168245182	0.29543033	293.20963	293.21062	293.195149	293.22501	0.0146468839	0	0	0	0	0	3
31	20	0.0187819366	0.305278008	293.209129	293.210465	293.195149	293.22501	0.0146468839	0	0	0	0	0	3
32	21	0.0207146083	0.315125686	293.208526	293.210284	293.195149	293.22501	0.0146468839	0	0	0	0	0	3
33	21	0.0221999484	0.324973363	293.208437	293.21016	293.195149	293.22501	0.0146468839	0	0	0	0	0	3
34	21	0.0238999391	0.334821041	293.208964	293.210075	293.195149	293.22501	0.0146468839	0	0	0	0	0	3
35	22	0.0257483332	0.344668719	293.208998	293.209998	293.195149	293.22501	0.0146468839	0	0	0	0	0	3
36	22	0.0276159096	0.354516396	293.209193	293.209944	293.195149	293.22501	0.0146468839	0	0	0	0	0	3
37	23	0.0295983503	0.364364074	293.209854	293.209938	293.195149	293.22501	0.0146468839	0	0	0	0	0	3
38	23	0.0316909423	0.374211752	293.209415	293.209903	293.195149	293.22501	0.0146468839	0	0	0	0	0	3
39	24	0.0337536441	0.384059429	293.21041	293.209934	293.195149	293.22501	0.0146468839	0	0	0	0	0	3
40	24	0.0357534606	0.393907107	293.211679	293.210032	293.195149	293.22501	0.0146468839	0	0	0	0	0	3
41	25	0.0370864031	0.403754785	293.212137	293.210107	293.195149	293.22501	0.0146468839	0	0	0	0	0	3
42	25	0.0378477229	0.413602462	293.213077	293.210167	293.195149	293.22501	0.0146468839	0	0	0	0	0	3
43	26	0.0385095265	0.42345014	293.211926	293.210197	293.195149	293.22501	0.0146468839	0	0	0	0	0	3
44	27	0.0397089897	0.433297818	293.209744	293.210184	293.195149	293.22501	0.0146468839	0	0	0	0	0	3
45	27	0.0410594565	0.443145495	293.217645	293.210429	293.195149	293.22501	0.0146468839	0	0	0	0	0	3
46	28	0.041769568	0.452993173	293.210006	293.210422	293.195149	293.22501	0.0146468839	0	0	0	0	0	3
47	28	0.0429007425	0.462840851	293.210818	293.210432	293.195149	293.22501	0.0146468839	0	0	0	0	0	3
48	29	0.0444192122	0.472688528	293.211327	293.210463	293.195149	293.22501	0.0146468839	0	0	0	0	0	3
49	29	0.0453567229	0.482536206	293.210689	293.210468	293.195149	293.22501	0.0146468839	0	0	0	0	0	3
50	30	0.0467856458	0.492383884	293.21104	293.210485	293.195149	293.22501	0.0146468839	0	0	0	0	0	3
51	30	0.0487524448	0.502231561	293.211135	293.210511	293.195149	293.22501	0.0146468839	0	0	0	0	0	3
52	31	0.0501046652	0.512079239	293.211024	293.210542	293.195149	293.22501	0.0146468839	0	0	0	0	0	3
53	31	0.0519741136	0.521926917	293.21	293.210549	293.206887	293.22501	0.0121299702	0	0	0	0	0	3
54	32	0.0530117974	0.531774594	293.20942	293.210533	293.207478	293.22501	0.00991136864	0	0	0	0	0	3
55	32	0.055338191	0.541622272	293.208845	293.210461	293.207478	293.22501	0.00666446299	0	0	0	0	0	3
56	33	0.0570086188	0.55146995	293.208657	293.210393	293.207478	293.22501	0.00500605113	0	0	0	0	0	3
57	33	0.0586473566	0.561317627	293.208541	293.210334	293.207478	293.22501	0.00413863833	0	0	0	0	0	3
58	34	0.0605408202	0.571165305	293.208491	293.21027	293.207478	293.22501	0.0039954593	0	0	0	0	0	3
59	34	0.0618774866	0.581012983	293.209148	293.210246	293.207478	293.22501	0.00347834528	0	0	0	0	0	3
60	34	0.0636189029	0.59086066	293.208327	293.210144	293.207478	293.218157	0.00347834528	0	0	0	0	0	3
61	35	0.0655329373	0.600708338	293.208714	293.210073	293.207478	293.217645	0.00347834528	0	0	0	0	0	3
62	35	0.0675923994	0.610556016	293.209445	293.210028	293.207478	293.217645	0.00290394851	0	0	0	0	0	3
63	36	0.0694420883	0.620403693	293.209685	293.21002	293.207478	293.217645	0.00247365057	0	0	0	0	0	3
64	36	0.0715711541	0.630251371	293.2098	293.21002	293.207654	293.217645	0.00189024385	0	0	0	0	0	3
65	37	0.073259369	0.640099049	293.210285	293.210037	293.208327	293.217645	0.00145515177	0	0	0	0	0	3
66	37	0.0749880656	0.649946726	293.211028	293.210069	293.208327	293.217645	0.00143704549	0	0	0	0	0	3
67	38	0.0761742701	0.659794404	293.212187	293.210112	293.208327	293.217645	0.00143704549	0	0	0	0	0	3
68	38	0.076947888	0.669642082	293.213235	293.210145	293.208327	293.217645	0.00143704549	0	0	0	0	0	3
69	39	0.0776100679	0.679489759	293.212045	293.210158	293.208327	293.217645	0.00143704549	0	0	0	0	0	3
70	40	0.0786025958	0.689337437	293.20988	293.210151	293.208327	293.217645	0.00143704549	0	0	0	0	0	3
71	40	0.0798426004	0.699185115	293.20947	293.210105	293.208327	293.217645	0.00143704549	0	0	0	0	0	3
72	41	0.0811600151	0.709032792	293.208444	293.210062	293.208327	293.217645	0.00143704549	0	0	0	0	0	3
73	41	0.082891793	0.71888047	293.210403	293.21005	293.208327	293.217645	0.00127461852	0	0	0	0	0	3
74	42	0.0847780425	0.728728148	293.211546	293.210086	293.208327	293.217645	0.00127461852	0	0	0	0	0	3
75	43	0.0865677144	0.738575825	293.211757	293.210113	293.208327	293.217645	0.00127461852	0	0	0	0	0	3
76	43	0.0888319613	0.748423503	293.211625	293.210143	293.208327	293.217645	0.0012339763	0	0	0	0	0	3
77	44	0.0901341795	0.758271181	293.211709	293.210156	293.208327	293.217645	0.00114792285	0	0	0	0	0	3
78	44	0.0919865739	0.768118859	293.210059	293.210152	293.208327	293.217645	0.000865849454	0	0	0	0	0	3
79	45	0.0942683116	0.777966536	293.209367	293.210161	293.208327	293.217645	0.000791573317	0	0	0	0	0	3
80	45	0.0955789031	0.787814214	293.210137	293.210167	293.208327	293.217645	0.000717263493	0	0	0	0	0	3
81	46	0.0972323116	0.797661892	293.209347	293.210158	293.208327	293.217645	0.000646333195	0	0	0	0	0	3
82	46	0.0991720743	0.807509569	293.208609	293.210146	293.208327	293.217645	0.000646333195	0	0	0	0	0	3
83	47	0.100749496	0.817357247	293.208916	293.210161	293.208327	293.217645	0.000646333195	0	0	0	0	0	3
84	47	0.102468994	0.827204925	293.208898	293.210166	293.208327	293.217645	0.000646333195	0	0	0	0	0	3
85	48	0.104281159	0.837052602	293.20902	293.210165	293.208327	293.217645	0.000646333195	0	0	0	0	0	3
86	48	0.106151093	0.84690028	293.209215	293.21017	293.208327	293.217645	0.000646333195	0	0	0	0	0	3
87	48	0.108099458	0.856747958	293.209851	293.210185	293.208327	293.217645	0.000646333195	0	0	0	0	0	3
88	49	0.110130438	0.866595635	293.209648	293.21018	293.208327	293.217645	0.000646333195	0	0	0	0	0	3
89	49	0.1115909	0.876443313	293.210415	293.210204	293.208327	293.217645	0.000615352374	0	0	0	0	0	3
90	50	0.113528299	0.886290991	293.211059	293.21022	293.208327	293.217645	0.000529716404	0	0	0	0	0	3
91	50	0.114972403	0.896138668	293.212233	293.210219	293.208327	293.217645	0.000529716404	0	0	0	0	0	3
92	51	0.116083491	0.905986346	293.212959	293.210226	293.208327	293.217645	0.000529716404	0	0	0	0	0	3
93	51	0.116730956	0.915834024	293.211012	293.210204	293.208327	293.217645	0.000529716404	0	0	0	0	0	3
94	52	0.117919423	0.925681701	293.211663	293.210212	293.208327	293.217645	0.000529716404	0	0	0	0	0	3
95	53	0.119226612	0.935529379	293.213078	293.210266	293.208327	293.217645	0.000529716404	0	0	0	0	0	3
96	53	0.120370226	0.945377057	293.21015	293.210139	293.208327	293.213235	0.000529716404	0	0	0	0	0	3
97	54	0.12193379	0.955224734	293.211616	293.210169	293.208327	293.213235	0.000529716404	0	0	0	0	0	3
98	54	0.123071466	0.965072412	293.211238	293.210175	293.208327	293.213235	0.000529716404	0	0	0	0	0	3
99	55	0.124331337	0.97492009	293.21107	293.210167	293.208327	293.213235	0.000529716404	0	0	0	0	0	3
100	55	0.125961403	0.984767767	293.210895	293.210176	293.208327	293.213235	0.000529716404	0	0	0	0	0	3
101	56	0.127323474	0.994615445	293.210713	293.210169	293.208327	293.213235	0.000529716404	0	0	0	0	0	3
102	57	0.129137602	1.00446312	293.210718	293.210158	293.208327	293.213235	0.000529716404	0.00198399469	0	0	0	0	3
103	57	0.131199695	1.0143108	293.210235	293.210146	293.208327	293.213235	0.000529716404	0.00198399469	0	0	0	0	3
104	58	0.13255676	1.02415848	293.209489	293.210138	293.208327	293.213235	0.000513390047	0.00198399469	0	0	0	0	3
105	58	0.134964264	1.03400616	293.209281	293.210122	293.208327	293.213235	0.00044175081	0.00198399469	0	0	0	0	3
106	58	0.136306437	1.04385383	293.209185	293.210143	293.208327	293.213235	0.000373576675	0.00198399469	0	0	0	0	3
107	59	0.138322464	1.05370151	293.208726	293.210139	293.208327	293.213235	0.000313854909	0.00198399469	0	0	0	0	3
108	59	0.140409056	1.06354919	293.209159	293.210146	293.208327	293.213235	0.000250221831	0.00198399469	0	0	0	0	3
109	60	0.142762011	1.07339687	293.208973	293.21015	293.208327	293.213235	0.000246475312	0.00198399469	0	0	0	0	3
110	60	0.144954476	1.08324454	293.209198	293.210141	293.208327	293.213235	0.000246475312	0.00198399469	0	0	0	0	3
111	60	0.147239978	1.09309222	293.209796	293.210169	293.208444	293.213235	0.000246475312	0.00198399469	0	0	0	0	3
112	61	0.149342277	1.1029399	293.209797	293.210193	293.208444	293.213235	0.000246475312	0.00198399469	0	0	0	0	3
113	61	0.15114499	1.11278758	293.210266	293.210213	293.208444	293.213235	0.000246475312	0.00198399469	0	0	0	0	3
114	62	0.152674524	1.12263525	293.211025	293.21024	293.208444	293.213235	0.000246370576	0.00198399469	0	0	0	0	3
115	62	0.154151566	1.13248293	293.212331	293.210289	293.208444	293.213235	0.000251686478	0.00198399469	0	0	0	0	3
116	63	0.155529125	1.14233061	293.214046	293.210352	293.208444	293.214046	0.000301956977	0.00198399469	0	0	0	0	3
117	64	0.156096543	1.15217829	293.209758	293.210333	293.208444	293.214046	0.000301956977	0.00198399469	0	0	0	0	3
118	64	0.157159714	1.16202597	293.210094	293.210303	293.208444	293.214046	0.000301956977	0.00198399469	0	0	0	0	3
119	65	0.158444699	1.17187364	293.211725	293.210297	293.208444	293.214046	0.000301956977	0.00198399469	0	0	0	0	3
120	65	0.159557635	1.18172132	293.208923	293.210265	293.208444	293.214046	0.000301956977	0.00198399469	0	0	0	0	3
121	66	0.161210547	1.191569	293.210068	293.210265	293.208444	293.214046	0.000301956977	0.00198399469	0	0	0	0	3
122	66	0.162790035	1.20141668	293.210537	293.210282	293.208444	293.214046	0.000301956977	0.00198399469	0	0	0	0	3
123	67	0.164081574	1.21126435	293.211925	293.210337	293.208609	293.214046	0.000301956977	0.00198399469	0	0	0	0	3
124	68	0.165437509	1.22111203	293.212428	293.21037	293.208609	293.214046	0.000283992557	0.00198399469	0	0	0	0	3
125	68	0.167333507	1.23095971	293.21242	293.21039	293.208609	293.214046	0.000277195944	0.00198399469	0	0	0	0	3
126	68	0.168005363	1.24080739	293.210945	293.210365	293.208609	293.214046	0.000268376379	0.00198399469	0	0	0	0	3
127	69	0.168985572	1.25065506	293.20985	293.210323	293.208609	293.214046	0.000268376379	0.00198399469	0	0	0	0	3
128	69	0.170583476	1.26050274	293.209566	293.210286	293.208609	293.214046	0.000268376379	0.00198399469	0	0	0	0	3
129	70	0.17239071	1.27035042	293.208848	293.210258	293.208609	293.214046	0.000268376379	0.00198399469	0	0	0	0	3
130	70	0.173967506	1.2801981	293.20952	293.210269	293.208609	293.214046	0.000268376379	0.00198399469	0	0	0	0	3
131	71	0.176238639	1.29004578	293.209155	293.21024	293.208609	293.214046	0.000268376379	0.00198399469	0	0	0	0	3
132	71	0.177770976	1.29989345	293.209005	293.210235	293.208609	293.214046	0.000268376379	0.00198399469	0	0	0	0	3
133	72	0.178975264	1.30974113	293.209327	293.210261	293.208726	293.214046	0.000268376379	0.00198399469	0	0	0	0	3
134	72	0.180672968	1.31958881	293.209149	293.210264	293.208726	293.214046	0.000268376379	0.00198399469	0	0	0	0	3
135	72	0.182421889	1.32943649	293.209055	293.210267	293.208726	293.214046	0.000268376379	0.00198399469	0	0	0	0	3
136	73	0.184255613	1.33928416	293.209111	293.210268	293.208726	293.214046	0.000268376379	0.00198399469	0	0	0	0	3
137	73	0.186296625	1.34913184	293.209861	293.210283	293.208726	293.214046	0.000268376379	0.00198399469	0	0	0	0	3
138	74	0.188294684	1.35897952	293.209866	293.210283	293.208726	293.214046	0.000268376379	0.00198399469	0	0	0	0	3
139	74	0.190450369	1.3688272	293.210184	293.210296	293.208726	293.214046	0.000268376379	0.00198399469	0	0	0	0	3
140	75	0.192338521	1.37867487	293.211204	293.210315	293.208726	293.214046	0.000268376379	0.00198399469	0	0	0	0	3
141	75	0.193893208	1.38852255	293.21183	293.210327	293.208726	293.214046	0.000268376379	0.00198399469	0	0	0	0	3
142	76	0.194914004	1.39837023	293.213534	293.210333	293.208726	293.214046	0.000268376379	0.00198399469	0	0	0	0	3
143	76	0.19555526	1.40821791	293.211315	293.210304	293.208726	293.214046	0.000268376379	0.00198399469	0	0	0	0	3
144	77	0.196700424	1.41806558	293.212373	293.210328	293.208726	293.214046	0.000268376379	0.00198399469	0	0	0	0	3
145	77	0.198116574	1.42791326	293.213478	293.210364	293.208726	293.214046	0.000268376379	0.00198399469	0	0	0	0	3
146	78	0.199711156	1.43776094	293.2125	293.210362	293.208726	293.214046	0.000268376379	0.00198399469	0	0	0	0	3
147	79	0.200981333	1.44760862	293.210076	293.210361	293.208726	293.214046	0.000268376379	0.00198399469	0	0	0	0	3
148	79	0.202551721	1.4574563	293.210512	293.210339	293.208726	293.214046	0.000268376379	0.00198399469	0	0	0	0	3
149	80	0.203924583	1.46730397	293.212565	293.210365	293.208726	293.214046	0.000268376379	0.00198399469	0	0	0	0	3
150	80	0.205844445	1.47715165	293.21114	293.210372	293.208726	293.214046	0.000268376379	0.00198399469	0	0	0	0	3
151	81	0.207487832	1.48699933	293.21144	293.210383	293.208726	293.214046	0.000268376379	0.00198399469	0	0	0	0	3
152	81	0.209062081	1.49684701	293.210319	293.210376	293.208726	293.214046	0.000268376379	0.00198399469	0	0	0	0	3
153	82	0.2108863	1.50669468	293.209313	293.210345	293.208726	293.214046	0.000268376379	0.00198399469	0	0	0	0	3
154	82	0.213098794	1.51654236	293.208855	293.210307	293.208726	293.214046	0.000268376379	0.00198399469	0	0	0	0	3
155	82	0.215006301	1.52639004	293.208525	293.21028	293.208525	293.214046	0.000268376379	0.00198399469	0	0	0	0	3
156	83	0.216794896	1.53623772	293.208162	293.210263	293.208162	293.214046	0.000251820097	0.00198399469	0	0	0	0	3
157	83	0.218844353	1.54608539	293.207776	293.210218	293.207776	293.214046	0.000251820097	0.00198399469	0	0	0	0	3
158	84	0.22068996	1.55593307	293.208511	293.210217	293.207776	293.214046	0.000249265902	0.00198399469	0	0	0	0	3
159	84	0.222686611	1.56578075	293.208878	293.210211	293.207776	293.214046	0.000249265902	0.00198399469	0	0	0	0	3
160	84	0.224756465	1.57562843	293.209397	293.210226	293.207776	293.214046	0.000249265902	0.00198399469	0	0	0	0	3
161	85	0.226792344	1.58547611	293.209664	293.21024	293.207776	293.214046	0.000220925349	0.00198399469	0	0	0	0	3
162	85	0.228963647	1.59532378	293.209953	293.210244	293.207776	293.214046	0.000197026381	0.00198399469	0	0	0	0	3
163	86	0.230515935	1.60517146	293.20997	293.210251	293.207776	293.214046	0.000179240299	0.00198399469	0	0	0	0	3
164	86	0.232265171	1.61501914	293.211385	293.210275	293.207776	293.214046	0.000179240299	0.00198399469	0	0	0	0	3
165	87	0.233755881	1.62486682	293.211981	293.210292	293.207776	293.214046	0.000179240299	0.00198399469	0	0	0	0	3
166	87	0.234405879	1.63471449	293.213084	293.210277	293.207776	293.214046	0.000179240299	0.00198399469	0	0	0	0	3
167	88	0.235082042	1.64456217	293.210319	293.210212	293.207776	293.213534	0.000179240299	0.00198399469	0	0	0	0	3
168	89	0.236369444	1.65440985	293.210569	293.210221	293.207776	293.213534	0.000179240299	0.00198399469	0	0	0	0	3
169	89	0.237685422	1.66425753	293.210245	293.210223	293.207776	293.213534	0.000179240299	0.00198399469	0	0	0	0	3
170	90	0.239176766	1.6741052	293.210327	293.210201	293.207776	293.213534	0.000189049377	0.00198399469	0	0	0	0	3
171	90	0.240842796	1.68395288	293.209669	293.210208	293.207776	293.213534	0.000189049377	0.00198399469	0	0	0	0	3
172	91	0.242482742	1.69380056	293.206574	293.210137	293.206574	293.213534	0.000252918757	0.00198399469	0	0	0	0	3
173	91	0.242784324	1.70364824	293.22649	293.210191	293.206574	293.22649	0.000252918757	0.00198399469	0	0	0	0	3
174	92	0.243298737	1.71349592	293.206629	293.21014	293.206574	293.22649	0.000252918757	0.00198399469	0	0	0	0	3
175	93	0.244336412	1.72334359	293.218695	293.210213	293.206574	293.22649	0.000252918757	0.00198399469	0	0	0	0	3
176	93	0.245002528	1.73319127	293.215826	293.210207	293.206574	293.22649	0.000245507278	0.00198399469	0	0	0	0	3
177	94	0.246033199	1.74303895	293.213832	293.210249	293.206574	293.22649	0.000245507278	0.00198399469	0	0	0	0	3
178	94	0.246787587	1.75288663	293.214733	293.210297	293.206574	293.22649	0.000245507278	0.00198399469	0	0	0	0	3
179	94	0.247378767	1.7627343	293.211023	293.210318	293.206574	293.22649	0.000245507278	0.00198399469	0	0	0	0	3
180	95	0.248071817	1.77258198	293.209615	293.210347	293.206574	293.22649	0.000245507278	0.00198399469	0	0	0	0	3
181	95	0.248871576	1.78242966	293.208348	293.210343	293.206574	293.22649	0.000245507278	0.00198399469	0	0	0	0	3
182	96	0.249939527	1.79227734	293.20868	293.210355	293.206574	293.22649	0.000245507278	0.00198399469	0	0	0	0	3
183	96	0.250839985	1.80212501	293.208408	293.21036	293.206574	293.22649	0.000245507278	0.00198399469	0	0	0	0	3
184	97	0.252129605	1.81197269	293.209978	293.21037	293.206574	293.22649	0.000245507278	0.00198399469	0	0	0	0	3
185	97	0.253420905	1.82182037	293.209959	293.210391	293.206574	293.22649	0.00025362956	0.00198399469	0	0	0	0	3
186	98	0.255043747	1.83166805	293.210262	293.21042	293.206574	293.22649	0.000282909583	0.00198399469	0	0	0	0	3
187	98	0.256744839	1.84151572	293.209687	293.210436	293.206574	293.22649	0.000298821378	0.00198399469	0	0	0	0	3
188	98	0.258306107	1.8513634	293.209982	293.210443	293.206574	293.22649	0.000305300167	0.00198399469	0	0	0	0	3
189	99	0.260083359	1.86121108	293.209368	293.210432	293.206574	293.22649	0.000305300167	0.00198399469	0	0	0	0	3
190	99	0.261944152	1.87105876	293.2095	293.210415	293.206574	293.22649	0.000305300167	0.00198399469	0	0	0	0	3
191	100	0.264106377	1.88090644	293.210548	293.210399	293.206574	293.22649	0.000305300167	0.00198399469	0	0	0	0	3
192	100	0.266034055	1.89075411	293.210646	293.210374	293.206574	293.22649	0.000305300167	0.00198399469	0	0	0	0	3
193	101	0.268065103	1.90060179	293.210723	293.21034	293.206574	293.22649	0.000305300167	0.00198399469	0	0	0	0	3
194	101	0.270004072	1.91044947	293.211164	293.210353	293.206574	293.22649	0.000305300167	0.00198399469	0	0	0	0	3
195	102	0.271589974	1.92029715	293.2121	293.210359	293.206574	293.22649	0.000305300167	0.00198399469	0	0	0	0	3
196	102	0.27312765	1.93014482	293.213839	293.210372	293.206574	293.22649	0.000305300167	0.00198399469	0	0	0	0	3
197	103	0.273740251	1.9399925	293.211456	293.210335	293.206574	293.22649	0.000305300167	0.00198399469	0	0	0	0	3
198	103	0.274447791	1.94984018	293.20981	293.210334	293.206574	293.22649	0.000305300167	0.00198399469	0	0	0	0	3
199	104	0.275743488	1.95968786	293.211128	293.210344	293.206574	293.22649	0.000305300167	0.00198399469	0	0	0	0	3
200	105	0.277125986	1.96953553	293.210657	293.210309	293.206574	293.22649	0.000305300167	0.00198399469	0	0	0	0	3
201	106	0.278805349	1.97938321	293.211446	293.210313	293.206574	293.22649	0.000305300167	0.00198399469	0	0	0	0	3
202	106	0.280409616	1.98923089	293.211332	293.21031	293.206574	293.22649	0.000305300167	0.00198399469	0	0	0	0	3
203	107	0.282146456	1.99907857	293.211115	293.210329	293.206574	293.22649	0.000305300167	0.00198399469	0	0	0	0	3
204	107	0.284375336	2.00892625	293.211727	293.210397	293.206574	293.22649	0.000305300167	0.00198399469	0	0	0	0	3
205	108	0.285761847	2.01877392	293.211091	293.210457	293.206574	293.22649	0.000319303945	0.00198399469	0	0	0	0	3
206	108	0.287508693	2.0286216	293.210084	293.210499	293.206574	293.22649	0.000361140816	0.00198399469	0	0	0	0	3
207	109	0.28868872	2.03846928	293.210006	293.210549	293.206574	293.22649	0.000411175333	0.00198399469	0	0	0	0	3
208	109	0.290612836	2.04831696	293.210208	293.210619	293.206574	293.22649	0.000481228354	0.00198399469	0	0	0	0	3
209	110	0.29259993	2.05816463	293.209956	293.210654	293.206574	293.22649	0.000517011736	0.00198399469	0	0	0	0	3
210	110	0.294128382	2.06801231	293.209393	293.210677	293.206574	293.22649	0.000539666307	0.00198399469	0	0	0	0	3
211	111	0.296610664	2.07785999	293.209884	293.210687	293.206574	293.22649	0.000549155182	0.00198399469	0	0	0	0	3
212	111	0.298575262	2.08770767	293.209297	293.210678	293.206574	293.22649	0.000549155182	0.00198399469	0	0	0	0	3
213	111	0.300430422	2.09755534	293.209291	293.210664	293.206574	293.22649	0.000549155182	0.00198399469	0	0	0	0	3
214	112	0.302323808	2.10740302	293.209719	293.210654	293.206574	293.22649	0.000549155182	0.00198399469	0	0	0	0	3
215	112	0.304315589	2.1172507	293.21041	293.210629	293.206574	293.22649	0.000549155182	0.00198399469	0	0	0	0	3
216	113	0.306364023	2.12709838	293.210195	293.210589	293.206574	293.22649	0.000549155182	0.00198399469	0	0	0	0	3
217	113	0.307742338	2.13694606	293.210843	293.210572	293.206574	293.22649	0.000549155182	0.00198399469	0	0	0	0	3
218	114	0.30925587	2.14679373	293.211008	293.210583	293.206574	293.22649	0.000549155182	0.00198399469	0	0	0	0	3
219	114	0.310701529	2.15664141	293.212306	293.210617	293.206574	293.22649	0.000549155182	0.00198399469	0	0	0	0	3
220	115	0.312115254	2.16648909	293.212552	293.21066	293.206574	293.22649	0.000549155182	0.00198399469	0	0	0	0	3
221	115	0.312681098	2.17633677	293.211878	293.210676	293.206574	293.22649	0.000549155182	0.00198399469	0	0	0	0	3
222	116	0.313638749	2.18618444	293.213064	293.210731	293.206574	293.22649	0.000593281187	0.00198399469	0	0	0	0	3
223	116	0.314684011	2.19603212	293.211719	293.210839	293.206629	293.22649	0.000699615151	0.00198399469	0	0	0	0	3
224	117	0.316154842	2.2058798	293.212613	293.210811	293.206629	293.218695	0.000699615151	0.00198399469	0	0	0	0	3
225	118	0.317631853	2.21572748	293.21179	293.210859	293.208348	293.218695	0.000651796534	0.00198399469	0	0	0	0	3
226	118	0.319339988	2.22557515	293.211689	293.21077	293.208348	293.215826	0.000651796534	0.00198399469	0	0	0	0	3
227	119	0.321125283	2.23542283	293.211481	293.210742	293.208348	293.214733	0.000610272244	0.00198399469	0	0	0	0	3
228	119	0.322843885	2.24527051	293.21188	293.210726	293.208348	293.214733	0.000561773708	0.00198399469	0	0	0	0	3
229	120	0.324598094	2.25511819	293.211842	293.210712	293.208348	293.213839	0.000550436046	0.00198399469	0	0	0	0	3
230	120	0.326259839	2.26496586	293.210157	293.210698	293.208348	293.213839	0.000550436046	0.00198399469	0	0	0	0	3
231	121	0.328101459	2.27481354	293.209851	293.210688	293.208348	293.213839	0.000550436046	0.00198399469	0	0	0	0	3
232	121	0.329997951	2.28466122	293.209513	293.210684	293.208408	293.213839	0.000550436046	0.00198399469	0	0	0	0	3
233	122	0.331719917	2.2945089	293.209045	293.210675	293.208408	293.213839	0.000550436046	0.00198399469	0	0	0	0	3
234	122	0.333647394	2.30435658	293.209084	293.210663	293.209045	293.213839	0.000550436046	0.00198399469	0	0	0	0	3
235	122	0.33569923	2.31420425	293.208724	293.210626	293.208724	293.213839	0.000550436046	0.00198399469	0	0	0	0	3
236	123	0.337333676	2.32405193	293.209232	293.210609	293.208724	293.213839	0.000550436046	0.00198399469	0	0	0	0	3
237	123	0.339171968	2.33389961	293.209213	293.210585	293.208724	293.213839	0.000550436046	0.00198399469	0	0	0	0	3
238	124	0.341099465	2.34374729	293.209414	293.210577	293.208724	293.213839	0.000550436046	0.00198399469	0	0	0	0	3
239	124	0.343154484	2.35359496	293.210063	293.210575	293.208724	293.213839	0.000550436046	0.00198399469	0	0	0	0	3
240	124	0.345127136	2.36344264	293.210176	293.210591	293.208724	293.213839	0.000550436046	0.00198399469	0	0	0	0	3
241	125	0.347232969	2.37329032	293.210375	293.21061	293.208724	293.213839	0.000550436046	0.00198399469	0	0	0	0	3
242	125	0.34908229	2.383138	293.211146	293.210623	293.208724	293.213839	0.000550436046	0.00198399469	0	0	0	0	3
243	126	0.350496052	2.39298567	293.212778	293.210658	293.208724	293.213839	0.000550436046	0.00198399469	0	0	0	0	3
244	127	0.35174569	2.40283335	293.213153	293.210694	293.208724	293.213839	0.000550436046	0.00198399469	0	0	0	0	3
245	127	0.352412796	2.41268103	293.21095	293.210685	293.208724	293.213839	0.000550436046	0.00198399469	0	0	0	0	3
246	128	0.353537973	2.42252871	293.210229	293.210651	293.208724	293.213839	0.000550436046	0.00198399469	0	0	0	0	3
247	128	0.354839905	2.43237639	293.211469	293.210604	293.208724	293.213153	0.000550436046	0.00198399469	0	0	0	0	3
248	129	0.356016424	2.44222406	293.209663	293.210585	293.208724	293.213153	0.000550436046	0.00198399469	0	0	0	0	3
249	130	0.357624603	2.45207174	293.210465	293.210589	293.208724	293.213153	0.000550436046	0.00198399469	0	0	0	0	3
250	130	0.358962924	2.46191942	293.210997	293.210587	293.208724	293.213153	0.000550436046	0.00198399469	0	0	0	0	3
251	131	0.36067896	2.4717671	293.21003	293.210574	293.208724	293.213153	0.000549108372	0.00198399469	0	0	0	0	3
252	131	0.362591749	2.48161477	293.212111	293.210592	293.208724	293.213153	0.000549108372	0.00198399469	0	0	0	0	3
253	132	0.364434991	2.49146245	293.213075	293.210632	293.208724	293.213153	0.000530149825	0.00198399469	0	0	0	0	3
254	132	0.366142474	2.50131013	293.211466	293.210639	293.208724	293.213153	0.000462519786	0.00198399469	0	0	0	0	3
255	133	0.367477393	2.51115781	293.210862	293.210614	293.208724	293.213153	0.000402318053	0.00198399469	0	0	0	0	3
256	133	0.369384535	2.52100548	293.209957	293.210591	293.208724	293.213153	0.000360481182	0.00198399469	0	0	0	0	3
257	134	0.371611449	2.53085316	293.209979	293.210585	293.208724	293.213153	0.000310446665	0.00198399469	0	0	0	0	3
258	134	0.373438257	2.54070084	293.209285	293.210565	293.208724	293.213153	0.000293805457	0.00198399469	0	0	0	0	3
259	134	0.375048716	2.55054852	293.209249	293.210548	293.208724	293.213153	0.000310770621	0.00198399469	0	0	0	0	3
260	135	0.376703442	2.5603962	293.209079	293.210533	293.208724	293.213153	0.000325691016	0.00198399469	0	0	0	0	3
261	135	0.378504744	2.57024387	293.209224	293.210526	293.208724	293.213153	0.000332979216	0.00198399469	0	0	0	0	3
262	136	0.38042552	2.58009155	293.209314	293.210517	293.208724	293.213153	0.000341751647	0.00198399469	0	0	0	0	3
263	136	0.382494588	2.58993923	293.210013	293.210533	293.208724	293.213153	0.000341751647	0.00198399469	0	0	0	0	3
264	137	0.384468653	2.59978691	293.210174	293.210552	293.208724	293.213153	0.000341751647	0.00198399469	0	0	0	0	3
265	137	0.386607297	2.60963458	293.210459	293.210569	293.208724	293.213153	0.000341751647	0.00198399469	0	0	0	0	3
266	137	0.388570821	2.61948226	293.211221	293.210588	293.208724	293.213153	0.000341751647	0.00198399469	0	0	0	0	3
267	138	0.390061639	2.62932994	293.212066	293.210624	293.208724	293.213153	0.000341751647	0.00198399469	0	0	0	0	3
268	139	0.391368882	2.63917762	293.213467	293.210665	293.208724	293.213467	0.000341751647	0.00198399469	0	0	0	0	3
269	139	0.392085213	2.64902529	293.212457	293.210674	293.208724	293.213467	0.000341751647	0.00198399469	0	0	0	0	3
270	140	0.393124081	2.65887297	293.209449	293.21063	293.208724	293.213467	0.000341751647	0.00198399469	0	0	0	0	3
271	140	0.394517451	2.66872065	293.211845	293.210617	293.208724	293.213467	0.000341751647	0.00198399469	0	0	0	0	3
272	141	0.395715121	2.67856833	293.21047	293.210607	293.208724	293.213467	0.000341751647	0.00198399469	0	0	0	0	3
273	141	0.397303698	2.688416	293.210743	293.210581	293.208724	293.213467	0.000341751647	0.00198399469	0	0	0	0	3
274	142	0.399112368	2.69826368	293.211724	293.210591	293.208724	293.213467	0.000341751647	0.00198399469	0	0	0	0	3
275	143	0.400806165	2.70811136	293.21117	293.210568	293.208724	293.213467	0.000341751647	0.00198399469	0	0	0	0	3
276	143	0.40278511	2.71795904	293.212235	293.210585	293.208724	293.213467	0.000252234528	0.00198399469	0	0	0	0	3
277	144	0.404094952	2.72780672	293.211278	293.210574	293.208724	293.213467	0.000224668468	0.00198399469	0	0	0	0	3
278	144	0.405977496	2.73765439	293.210235	293.210547	293.208724	293.213467	0.000208668957	0.00198399469	0	0	0	0	3
279	144	0.408402247	2.74750207	293.209762	293.210498	293.208724	293.213467	0.000214096379	0.00198399469	0	0	0	0	3
280	145	0.410069803	2.75734975	293.209838	293.210458	293.208724	293.213467	0.000240537262	0.00198399469	0	0	0	0	3
281	145	0.412055661	2.76719743	293.20952	293.210442	293.208724	293.213467	0.000252153283	0.00198399469	0	0	0	0	3
282	146	0.414141396	2.7770451	293.208731	293.210413	293.208724	293.213467	0.000280980993	0.00198399469	0	0	0	0	3
283	146	0.415302541	2.78689278	293.209116	293.210415	293.208724	293.213467	0.000280980993	0.00198399469	0	0	0	0	3
284	147	0.417022737	2.79674046	293.208875	293.210412	293.208724	293.213467	0.000282014427	0.00198399469	0	0	0	0	3
285	147	0.418924413	2.80658814	293.209333	293.210418	293.208724	293.213467	0.000282014427	0.00198399469	0	0	0	0	3
286	147	0.420907758	2.81643581	293.209851	293.210446	293.208731	293.213467	0.000282014427	0.00198399469	0	0	0	0	3
287	148	0.422886153	2.82628349	293.209995	293.210458	293.208731	293.213467	0.000282014427	0.00198399469	0	0	0	0	3
288	148	0.425129106	2.83613117	293.210381	293.210483	293.208731	293.213467	0.000282014427	0.00198399469	0	0	0	0	3
289	149	0.426729559	2.84597885	293.210548	293.210508	293.208731	293.213467	0.000282014427	0.00198399469	0	0	0	0	3
290	149	0.428021472	2.85582653	293.211582	293.210535	293.208731	293.213467	0.000282014427	0.00198399469	0	0	0	0	3
291	150	0.429633791	2.8656742	293.212245	293.210576	293.208731	293.213467	0.000282014427	0.00198399469	0	0	0	0	3
292	150	0.430416824	2.87552188	293.21281	293.210603	293.208731	293.213467	0.000282014427	0.00198399469	0	0	0	0	3
293	151	0.431055607	2.88536956	293.210094	293.210586	293.208731	293.213467	0.000282014427	0.00198399469	0	0	0	0	3
294	151	0.432169143	2.89521724	293.212243	293.210571	293.208731	293.213467	0.000282014427	0.00198399469	0	0	0	0	3
295	152	0.43345101	2.90506491	293.212706	293.210565	293.208731	293.213467	0.000273040337	0.00198399469	0	0	0	0	3
296	153	0.434754587	2.91491259	293.211323	293.210574	293.208731	293.213467	0.000261730967	0.00198399469	0	0	0	0	3
297	153	0.436062306	2.92476027	293.211579	293.210594	293.208731	293.213467	0.000261730967	0.00198399469	0	0	0	0	3
298	154	0.43740811	2.93460795	293.210741	293.210583	293.208731	293.213467	0.000261730967	0.00198399469	0	0	0	0	3
299	154	0.43869909	2.94445562	293.211443	293.21061	293.208731	293.213467	0.000261730967	0.00198399469	0	0	0	0	3
300	155	0.440730725	2.9543033	293.212001	293.210646	293.208731	293.213467	0.000261730967	0.00198399469	0	0	0	0	3
301	156	0.442134199	2.96415098	293.211051	293.210648	293.208731	293.213467	0.000261730967	0.00198399469	0	0	0	0	3
302	156	0.443877029	2.97399866	293.210414	293.210655	293.208731	293.213467	0.000261730967	0.00198399469	0	0	0	0	3
303	157	0.445460755	2.98384633	293.210085	293.210611	293.208731	293.213467	0.000261730967	0.00198399469	0	0	0	0	3
304	157	0.447712261	2.99369401	293.209364	293.210523	293.208731	293.213467	0.000261730967	0.00198399469	0	0	0	0	3
305	158	0.449292851	3.00354169	293.209709	293.210488	293.208731	293.213467	0.000261730967	0.00198399469	0	0	0	0	3
306	158	0.451481191	3.01338937	293.209235	293.210449	293.208731	293.213467	0.000261730967	0.00198399469	0	0	0	0	3
307	158	0.452545295	3.02323705	293.208442	293.210435	293.208442	293.213467	0.000261730967	0.00198399469	0	0	0	0	3
308	159	0.454450422	3.03308472	293.208794	293.210409	293.208442	293.213467	0.000264383693	0.00198399469	0	0	0	0	3
309	159	0.45623117	3.0429324	293.209027	293.210404	293.208442	293.213467	0.000269302004	0.00198399469	0	0	0	0	3
310	160	0.458154174	3.05278008	293.209325	293.210402	293.208442	293.213467	0.000271895894	0.00198399469	0	0	0	0	3
311	160	0.460145458	3.06262776	293.209809	293.210414	293.208442	293.213467	0.000271895894	0.00198399469	0	0	0	0	3
312	160	0.462165698	3.07247543	293.209975	293.210429	293.208442	293.213467	0.000271895894	0.00198399469	0	0	0	0	3
313	161	0.464372883	3.08232311	293.21033	293.210452	293.208442	293.213467	0.000271895894	0.00198399469	0	0	0	0	3
314	162	0.465541257	3.09217079	293.21046	293.210463	293.208442	293.213467	0.000271895894	0.00198399469	0	0	0	0	3
315	162	0.466728286	3.10201847	293.211187	293.21048	293.208442	293.213467	0.000271895894	0.00198399469	0	0	0	0	3
316	163	0.468286617	3.11186614	293.212154	293.210513	293.208442	293.213467	0.000271895894	0.00198399469	0	0	0	0	3
317	163	0.469345783	3.12171382	293.212021	293.210515	293.208442	293.213467	0.000271895894	0.00198399469	0	0	0	0	3
318	164	0.47005659	3.1315615	293.212145	293.210501	293.208442	293.213467	0.000271895894	0.00198399469	0	0	0	0	3
319	164	0.47091587	3.14140918	293.211819	293.210466	293.208442	293.21281	0.000271895894	0.00198399469	0	0	0	0	3
320	165	0.472143024	3.15125686	293.213323	293.210492	293.208442	293.213323	0.000253572734	0.00198399469	0	0	0	0	3
321	165	0.47335965	3.16110453	293.211636	293.210523	293.208442	293.213323	0.000253572734	0.00198399469	0	0	0	0	3
322	166	0.474672657	3.17095221	293.212613	293.210535	293.208442	293.213323	0.000253572734	0.00198399469	0	0	0	0	3
323	167	0.475827794	3.18079989	293.210323	293.210532	293.208442	293.213323	0.000253572734	0.00198399469	0	0	0	0	3
324	167	0.476825738	3.19064757	293.209602	293.210517	293.208442	293.213323	0.000253572734	0.00198399469	0	0	0	0	3
325	168	0.478305588	3.20049524	293.210831	293.210495	293.208442	293.213323	0.000253572734	0.00198399469	0	0	0	0	3
326	168	0.480118485	3.21034292	293.210849	293.210489	293.208442	293.213323	0.000253572734	0.00198399469	0	0	0	0	3
327	169	0.481901548	3.2201906	293.211058	293.210458	293.208442	293.213323	0.000253572734	0.00198399469	0	0	0	0	3
328	169	0.483243678	3.23003828	293.210506	293.210445	293.208442	293.213323	0.000253572734	0.00198399469	0	0	0	0	3
329	170	0.484675196	3.23988595	293.210191	293.210445	293.208442	293.213323	0.000253572734	0.00198399469	0	0	0	0	3
330	170	0.486311673	3.24973363	293.209621	293.210449	293.208442	293.213323	0.000253572734	0.00198399469	0	0	0	0	3
331	170	0.488112338	3.25958131	293.208944	293.210428	293.208442	293.213323	0.000253572734	0.00198399469	0	0	0	0	3
332	171	0.490279884	3.26942899	293.209191	293.210416	293.208442	293.213323	0.000253572734	0.00198399469	0	0	0	0	3
333	171	0.492008586	3.27927667	293.208949	293.210429	293.208442	293.213323	0.000253572734	0.00198399469	0	0	0	0	3
334	172	0.493881361	3.28912434	293.20923	293.21042	293.208442	293.213323	0.000253572734	0.00198399469	0	0	0	0	3
335	172	0.495754123	3.29897202	293.208832	293.210416	293.208442	293.213323	0.000253572734	0.00198399469	0	0	0	0	3
336	173	0.497706909	3.3088197	293.209276	293.210414	293.208442	293.213323	0.000253572734	0.00198399469	0	0	0	0	3
337	173	0.499780175	3.31866738	293.209882	293.210414	293.208442	293.213323	0.000253572734	0.00198399469	0	0	0	0	3
338	173	0.501823427	3.32851505	293.20996	293.210413	293.208442	293.213323	0.000253572734	0.00198399469	0	0	0	0	3
339	174	0.503770221	3.33836273	293.210261	293.21041	293.208442	293.213323	0.000253572734	0.00198399469	0	0	0	0	3
340	175	0.504927534	3.34821041	293.210553	293.210409	293.208442	293.213323	0.000253572734	0.00198399469	0	0	0	0	3
341	175	0.506355455	3.35805809	293.211279	293.210405	293.208442	293.213323	0.000253572734	0.00198399469	0	0	0	0	3
342	176	0.508009206	3.36790576	293.212073	293.210403	293.208442	293.213323	0.000253572734	0.00198399469	0	0	0	0	3
343	176	0.508929894	3.37775344	293.212061	293.210398	293.208442	293.213323	0.000257113227	0.00198399469	0	0	0	0	3
344	177	0.509598192	3.38760112	293.209784	293.210396	293.208442	293.213323	0.000259864246	0.00198399469	0	0	0	0	3
345	177	0.510725164	3.3974488	293.209739	293.21036	293.208442	293.213323	0.000295461525	0.00198399469	0	0	0	0	3
346	178	0.512029879	3.40729647	293.211262	293.210337	293.208442	293.213323	0.00031876546	0.00198399469	0	0	0	0	3
347	179	0.513375171	3.41714415	293.21079	293.210328	293.208442	293.213323	0.000327364312	0.00198399469	0	0	0	0	3
348	179	0.515223685	3.42699183	293.211042	293.210324	293.208442	293.213323	0.00033137257	0.00198399469	0	0	0	0	3
349	180	0.517044639	3.43683951	293.210299	293.210316	293.208442	293.213323	0.000338987628	0.00198399469	0	0	0	0	3
350	180	0.51903978	3.44668719	293.210745	293.210309	293.208442	293.213323	0.000346447927	0.00198399469	0	0	0	0	3
351	181	0.52058386	3.45653486	293.212092	293.2103	293.208442	293.213323	0.00035500182	0.00198399469	0	0	0	0	3
352	181	0.522803646	3.46638254	293.210986	293.210306	293.208442	293.213323	0.00035500182	0.00198399469	0	0	0	0	3
353	182	0.523859981	3.47623022	293.210355	293.210305	293.208442	293.213323	0.000310502594	0.00198399469	0	0	0	0	3
354	182	0.526013822	3.4860779	293.209913	293.210298	293.208442	293.213323	0.000236160945	0.00198399469	0	0	0	0	3
355	183	0.527777878	3.49592557	293.210006	293.210318	293.208442	293.213323	0.000236160945	0.00198399469	0	0	0	0	3
356	183	0.52926138	3.50577325	293.209112	293.210308	293.208442	293.213323	0.000236160945	0.00198399469	0	0	0	0	3
357	184	0.531418651	3.51562093	293.208973	293.210301	293.208442	293.213323	0.000236160945	0.00198399469	0	0	0	0	3
358	184	0.533164301	3.52546861	293.209425	293.210307	293.208794	293.213323	0.000236160945	0.00198399469	0	0	0	0	3
359	184	0.534866848	3.53531628	293.208944	293.210314	293.208832	293.213323	0.000236160945	0.00198399469	0	0	0	0	3
360	185	0.536778987	3.54516396	293.209231	293.210317	293.208832	293.213323	0.000236160945	0.00198399469	0	0	0	0	3
361	185	0.538737146	3.55501164	293.209894	293.21033	293.208832	293.213323	0.000236160945	0.00198399469	0	0	0	0	3
362	186	0.540724426	3.56485932	293.209959	293.210334	293.208832	293.213323	0.000236160945	0.00198399469	0	0	0	0	3
363	186	0.542878954	3.574707	293.210242	293.21034	293.208832	293.213323	0.000236160945	0.00198399469	0	0	0	0	3
364	187	0.54483388	3.58455467	293.210623	293.210347	293.208832	293.213323	0.000236160945	0.00198399469	0	0	0	0	3
365	187	0.546204298	3.59440235	293.212038	293.210374	293.208832	293.213323	0.000236160945	0.00198399469	0	0	0	0	3
366	188	0.547387657	3.60425003	293.212226	293.21039	293.208832	293.213323	0.000236160945	0.00198399469	0	0	0	0	3
367	188	0.548212775	3.61409771	293.213113	293.210383	293.208832	293.213323	0.000236160945	0.00198399469	0	0	0	0	3
368	189	0.548876137	3.62394538	293.210528	293.210363	293.208832	293.213323	0.000236160945	0.00198399469	0	0	0	0	3
369	190	0.549975496	3.63379306	293.210326	293.210346	293.208832	293.213323	0.000236160945	0.00198399469	0	0	0	0	3
370	190	0.551283331	3.64364074	293.211532	293.21035	293.208832	293.213323	0.000236160945	0.00198399469	0	0	0	0	3
371	191	0.552617809	3.65348842	293.210672	293.21031	293.208832	293.213113	0.000236160945	0.00198399469	0	0	0	0	3
372	191	0.554346118	3.66333609	293.210721	293.210299	293.208832	293.213113	0.000236160945	0.00198399469	0	0	0	0	3
373	192	0.555964393	3.67318377	293.210967	293.210275	293.208832	293.213113	0.000257739764	0.00198399469	0	0	0	0	3
374	192	0.556891146	3.68303145	293.212244	293.210297	293.208832	293.213113	0.000241857995	0.00198399469	0	0	0	0	3
375	193	0.558314867	3.69287913	293.212997	293.210352	293.208832	293.213113	0.00022015391	0.00198399469	0	0	0	0	3
376	193	0.559406181	3.70272681	293.211719	293.210362	293.208832	293.213113	0.000213830691	0.00198399469	0	0	0	0	3
377	194	0.560885991	3.71257448	293.211896	293.210379	293.208832	293.213113	0.000182981221	0.00198399469	0	0	0	0	3
378	194	0.562675209	3.72242216	293.210694	293.210371	293.208832	293.213113	0.000174586187	0.00198399469	0	0	0	0	3
379	195	0.564477693	3.73226984	293.210483	293.210371	293.208832	293.213113	0.000174586187	0.00198399469	0	0	0	0	3
380	195	0.565844015	3.74211752	293.209483	293.21036	293.208832	293.213113	0.000174586187	0.00198399469	0	0	0	0	3
381	196	0.567725496	3.75196519	293.209614	293.210357	293.208832	293.213113	0.000154262724	0.00198399469	0	0	0	0	3
382	196	0.569845137	3.76181287	293.208305	293.210335	293.208305	293.213113	0.000154262724	0.00198399469	0	0	0	0	3
383	196	0.571492042	3.77166055	293.208368	293.210326	293.208305	293.213113	0.000154262724	0.00198399469	0	0	0	0	3
384	197	0.573041067	3.78150823	293.20862	293.210322	293.208305	293.213113	0.000145095852	0.00198399469	0	0	0	0	3
385	197	0.574782054	3.7913559	293.209071	293.210321	293.208305	293.213113	0.000141082641	0.00198399469	0	0	0	0	3
386	198	0.576691717	3.80120358	293.209127	293.210327	293.208305	293.213113	0.000139147664	0.00198399469	0	0	0	0	3
387	198	0.578715922	3.81105126	293.209842	293.21034	293.208305	293.213113	0.000139147664	0.00198399469	0	0	0	0	3
388	198	0.580626003	3.82089894	293.209891	293.210341	293.208305	293.213113	0.000137895116	0.00198399469	0	0	0	0	3
389	199	0.582295228	3.83074661	293.210253	293.210349	293.208305	293.213113	0.000135027707	0.00198399469	0	0	0	0	3
390	199	0.583747844	3.84059429	293.210352	293.210351	293.208305	293.213113	0.000134303155	0.00198399469	0	0	0	0	3
391	200	0.585452006	3.85044197	293.211595	293.210375	293.208305	293.213113	0.00013081889	0.00198399469	0	0	0	0	3
392	201	0.586855459	3.86028965	293.212128	293.210389	293.208305	293.213113	0.000128172834	0.00198399469	0	0	0	0	3
393	201	0.587612397	3.87013733	293.212496	293.210374	293.208305	293.213113	0.000123616908	0.00198399469	0	0	0	0	3
394	202	0.588270516	3.879985	293.210716	293.210358	293.208305	293.213113	0.000120865889	0.00198399469	0	0	0	0	3
395	202	0.589368056	3.88983268	293.209698	293.210353	293.208305	293.213113	0.000114925452	0.00198399469	0	0	0	0	3
396	203	0.590781832	3.89968036	293.213617	293.21042	293.208305	293.213617	0.000145048191	0.00198399469	0	0	0	0	3
397	204	0.591879544	3.90952804	293.21132	293.210418	293.208305	293.213617	0.000145048191	0.00198399469	0	0	0	0	3
398	204	0.59331238	3.91937571	293.211733	293.210436	293.208305	293.213617	0.000160968149	0.00198399469	0	0	0	0	3
399	204	0.594906594	3.92922339	293.211008	293.210433	293.208305	293.213617	0.000160968149	0.00198399469	0	0	0	0	3
400	205	0.596179005	3.93907107	293.208628	293.210407	293.208305	293.213617	0.000160968149	0.00198399469	0	0	0	0	3
401	206	0.597157935	3.94891875	293.210432	293.210399	293.208305	293.213617	0.000160968149	0.00198399469	0	0	0	0	3
402	207	0.598820539	3.95876642	293.212937	293.210419	293.208305	293.213617	0.000160968149	0.00198399469	0	0	0	0	3
403	207	0.600160093	3.9686141	293.211183	293.210416	293.208305	293.213617	0.000160968149	0.00198399469	0	0	0	0	3
404	208	0.601285238	3.97846178	293.208628	293.210391	293.208305	293.213617	0.000160968149	0.00198399469	0	0	0	0	3
405	208	0.603094685	3.98830946	293.208763	293.210366	293.208305	293.213617	0.000160968149	0.00198399469	0	0	0	0	3
406	209	0.604707967	3.99815714	293.209389	293.210354	293.208305	293.213617	0.000160968149	0.00198399469	0	0	0	0	3
407	209	0.606654908	4.00800481	293.209124	293.210347	293.208305	293.213617	0.000160968149	0.00198399469	0	0	0	0	3
408	209	0.608861102	4.01785249	293.209201	293.210353	293.208305	293.213617	0.000160968149	0.00198399469	0	0	0	0	3
409	210	0.611238666	4.02770017	293.209244	293.21034	293.208305	293.213617	0.000160968149	0.00198399469	0	0	0	0	3
410	210	0.612855525	4.03754785	293.2094	293.21035	293.208305	293.213617	0.000160968149	0.00198399469	0	0	0	0	3
411	211	0.614771042	4.04739552	293.209342	293.210353	293.208305	293.213617	0.000160968149	0.00198399469	0	0	0	0	3
412	211	0.616585495	4.0572432	293.209706	293.21035	293.208305	293.213617	0.000160968149	0.00198399469	0	0	0	0	3
413	211	0.61849571	4.06709088	293.210119	293.210354	293.208305	293.213617	0.000160968149	0.00198399469	0	0	0	0	3
414	212	0.620469742	4.07693856	293.209927	293.210346	293.208305	293.213617	0.000160968149	0.00198399469	0	0	0	0	3
415	212	0.622055074	4.08678623	293.210416	293.210341	293.208305	293.213617	0.000160968149	0.00198399469	0	0	0	0	3
416	213	0.623384729	4.09663391	293.210763	293.210318	293.208305	293.213617	0.000160968149	0.00198399469	0	0	0	0	3
417	213	0.624819141	4.10648159	293.212266	293.210325	293.208305	293.213617	0.000160968149	0.00198399469	0	0	0	0	3
418	214	0.626033785	4.11632927	293.21222	293.210325	293.208305	293.213617	0.000160968149	0.00198399469	0	0	0	0	3
419	215	0.626819695	4.12617695	293.212839	293.210348	293.208305	293.213617	0.000160968149	0.00198399469	0	0	0	0	3
420	215	0.627481527	4.13602462	293.210019	293.210346	293.208305	293.213617	0.000160968149	0.00198399469	0	0	0	0	3
421	216	0.628599946	4.1458723	293.210619	293.21033	293.208305	293.213617	0.000160968149	0.00198399469	0	0	0	0	3
422	216	0.629885655	4.15571998	293.212375	293.210358	293.208305	293.213617	0.000160968149	0.00198399469	0	0	0	0	3
423	217	0.631234495	4.16556766	293.210201	293.210347	293.208305	293.213617	0.000160968149	0.00198399469	0	0	0	0	3
424	218	0.632783703	4.17541533	293.21067	293.21034	293.208305	293.213617	0.000139132834	0.00198399469	0	0	0	0	3
425	218	0.634230349	4.18526301	293.210386	293.210318	293.208305	293.213617	0.000117869355	0.00198399469	0	0	0	0	3
426	219	0.636132068	4.19511069	293.210478	293.210273	293.208305	293.213617	0.000162318957	0.00198399469	0	0	0	0	3
427	219	0.638151604	4.20495837	293.211141	293.210276	293.208305	293.213617	0.000162318957	0.00198399469	0	0	0	0	3
428	220	0.639353085	4.21480604	293.210718	293.210252	293.208305	293.213617	0.000183872122	0.00198399469	0	0	0	0	3
429	220	0.641248897	4.22465372	293.210421	293.210246	293.208305	293.213617	0.000189862647	0.00198399469	0	0	0	0	3
430	221	0.643237441	4.2345014	293.210367	293.210243	293.208305	293.213617	0.000192224245	0.00198399469	0	0	0	0	3
431	221	0.645537755	4.24434908	293.209813	293.210244	293.208305	293.213617	0.000192224245	0.00198399469	0	0	0	0	3
432	221	0.646811845	4.25419675	293.209648	293.210249	293.208305	293.213617	0.000192224245	0.00198399469	0	0	0	0	3
433	222	0.648773349	4.26404443	293.209315	293.210278	293.208368	293.213617	0.000192224245	0.00198399469	0	0	0	0	3
434	222	0.650513107	4.27389211	293.209113	293.210293	293.20862	293.213617	0.000192224245	0.00198399469	0	0	0	0	3
435	223	0.652261056	4.28373979	293.208806	293.210292	293.208628	293.213617	0.000192224245	0.00198399469	0	0	0	0	3
436	223	0.654098208	4.29358747	293.209075	293.210291	293.208628	293.213617	0.000192224245	0.00198399469	0	0	0	0	3
437	224	0.655998069	4.30343514	293.209413	293.210298	293.208628	293.213617	0.000192224245	0.00198399469	0	0	0	0	3
438	224	0.658008674	4.31328282	293.209887	293.210299	293.208628	293.213617	0.000192224245	0.00198399469	0	0	0	0	3
439	224	0.660129115	4.3231305	293.209819	293.210296	293.208628	293.213617	0.000192224245	0.00198399469	0	0	0	0	3
440	225	0.661847929	4.33297818	293.210294	293.210297	293.208628	293.213617	0.000192224245	0.00198399469	0	0	0	0	3
441	225	0.663698441	4.34282585	293.211417	293.210322	293.208628	293.213617	0.000192224245	0.00198399469	0	0	0	0	3
442	226	0.665346089	4.35267353	293.212071	293.210331	293.208628	293.213617	0.000192224245	0.00198399469	0	0	0	0	3
443	227	0.66607423	4.36252121	293.211652	293.210311	293.208628	293.213617	0.000192224245	0.00198399469	0	0	0	0	3
444	227	0.666806525	4.37236889	293.212289	293.210309	293.208628	293.213617	0.000192224245	0.00198399469	0	0	0	0	3
445	228	0.667907234	4.38221656	293.209501	293.210294	293.208628	293.213617	0.000192224245	0.00198399469	0	0	0	0	3
446	228	0.669280957	4.39206424	293.211743	293.210327	293.208628	293.213617	0.000192224245	0.00198399469	0	0	0	0	3
447	229	0.670730553	4.40191192	293.210581	293.210274	293.208628	293.212937	0.000192224245	0.00198399469	0	0	0	0	3
448	230	0.672505931	4.4117596	293.210773	293.21027	293.208628	293.212937	0.000192224245	0.00198399469	0	0	0	0	3
449	230	0.674335224	4.42160728	293.211339	293.210269	293.208628	293.212937	0.000189613833	0.00198399469	0	0	0	0	3
450	231	0.676383731	4.43145495	293.211292	293.21028	293.208628	293.212937	0.000175876933	0.00198399469	0	0	0	0	3
451	231	0.678174127	4.44130263	293.212312	293.21035	293.208628	293.212937	0.000175876933	0.00198399469	0	0	0	0	3
452	232	0.679800424	4.45115031	293.210217	293.210346	293.208628	293.212937	0.000175876933	0.00198399469	0	0	0	0	3
453	232	0.681065184	4.46099799	293.209999	293.210289	293.208628	293.212839	0.000172848812	0.00198399469	0	0	0	0	3
454	233	0.682732276	4.47084566	293.20956	293.210259	293.208628	293.212839	0.000147690118	0.00198399469	0	0	0	0	3
455	233	0.684437962	4.48069334	293.209557	293.210267	293.208763	293.212839	0.000122840642	0.00198399469	0	0	0	0	3
456	234	0.686695925	4.49054102	293.208956	293.210264	293.208806	293.212839	0.000114454326	0.00198399469	0	0	0	0	3
457	234	0.687950809	4.5003887	293.208849	293.21026	293.208806	293.212839	0.000114454326	0.00198399469	0	0	0	0	3
458	234	0.690116178	4.51023637	293.209015	293.210254	293.208806	293.212839	0.000114454326	0.00198399469	0	0	0	0	3
459	235	0.692539215	4.52008405	293.20925	293.210253	293.208806	293.212839	0.000114454326	0.00198399469	0	0	0	0	3
460	235	0.69459718	4.52993173	293.209115	293.210253	293.208806	293.212839	0.000114454326	0.00198399469	0	0	0	0	3
461	236	0.696653306	4.53977941	293.209899	293.210261	293.208806	293.212839	0.000114454326	0.00198399469	0	0	0	0	3
462	236	0.698681006	4.54962709	293.209936	293.210274	293.208806	293.212839	0.000114454326	0.00198399469	0	0	0	0	3
463	237	0.700809336	4.55947476	293.210127	293.210283	293.208806	293.212839	0.000114454326	0.00198399469	0	0	0	0	3
464	237	0.702791209	4.56932244	293.21115	293.210307	293.208806	293.212839	0.000114454326	0.00198399469	0	0	0	0	3
465	238	0.70433979	4.57917012	293.212241	293.210352	293.208806	293.212839	0.000114454326	0.00198399469	0	0	0	0	3
466	238	0.705199831	4.5890178	293.212425	293.210372	293.208806	293.212839	0.000128423975	0.00198399469	0	0	0	0	3
467	239	0.706167335	4.59886547	293.212163	293.210386	293.208806	293.212839	0.000143070753	0.00198399469	0	0	0	0	3
468	239	0.707256086	4.60871315	293.213381	293.210393	293.208806	293.213381	0.000149910841	0.00198399469	0	0	0	0	3
469	240	0.708598551	4.61856083	293.21331	293.210414	293.208806	293.213381	0.000170459701	0.00198399469	0	0	0	0	3
470	240	0.710061275	4.62840851	293.210915	293.2104	293.208806	293.213381	0.000170459701	0.00198399469	0	0	0	0	3
471	241	0.711770514	4.63825618	293.21023	293.210399	293.208806	293.213381	0.000170459701	0.00198399469	0	0	0	0	3
472	242	0.713539249	4.64810386	293.210966	293.210408	293.208806	293.213381	0.000170459701	0.00198399469	0	0	0	0	3
473	242	0.715292962	4.65795154	293.209771	293.210366	293.208806	293.213381	0.000170459701	0.00198399469	0	0	0	0	3
474	242	0.717242224	4.66779922	293.211802	293.210401	293.208806	293.213381	0.000170459701	0.00198399469	0	0	0	0	3
475	243	0.718727099	4.67764689	293.209653	293.210383	293.208806	293.213381	0.000170459701	0.00198399469	0	0	0	0	3
476	243	0.720511307	4.68749457	293.209029	293.210355	293.208806	293.213381	0.000170459701	0.00198399469	0	0	0	0	3
477	244	0.722462549	4.69734225	293.209309	293.210329	293.208806	293.213381	0.000170459701	0.00198399469	0	0	0	0	3
478	244	0.724473438	4.70718993	293.209404	293.210288	293.208806	293.213381	0.000170459701	0.00198399469	0	0	0	0	3
479	245	0.72605085	4.71703761	293.208848	293.210256	293.208806	293.213381	0.000170459701	0.00198399469	0	0	0	0	3
480	245	0.728486314	4.72688528	293.208615	293.210206	293.208615	293.213381	0.000207457193	0.00198399469	0	0	0	0	3
481	246	0.729583864	4.73673296	293.208742	293.210184	293.208615	293.213381	0.000229778689	0.00198399469	0	0	0	0	3
482	246	0.731505739	4.74658064	293.208674	293.21016	293.208615	293.213381	0.000253620075	0.00198399469	0	0	0	0	3
483	246	0.733585871	4.75642832	293.209125	293.210143	293.208615	293.213381	0.000270923948	0.00198399469	0	0	0	0	3
484	247	0.735787486	4.76627599	293.209685	293.21015	293.208615	293.213381	0.000270923948	0.00198399469	0	0	0	0	3
485	247	0.737829287	4.77612367	293.209794	293.210162	293.208615	293.213381	0.000270923948	0.00198399469	0	0	0	0	3
486	248	0.739990463	4.78597135	293.209986	293.210185	293.208615	293.213381	0.000270923948	0.00198399469	0	0	0	0	3
487	248	0.74198243	4.79581903	293.21087	293.210224	293.208615	293.213381	0.000270923948	0.00198399469	0	0	0	0	3
488	249	0.743523956	4.8056667	293.212265	293.210277	293.208615	293.213381	0.000270923948	0.00198399469	0	0	0	0	3
489	250	0.744583707	4.81551438	293.213172	293.210322	293.208615	293.213381	0.000270923948	0.00198399469	0	0	0	0	3
490	250	0.745317236	4.82536206	293.211198	293.210342	293.208615	293.213381	0.000270923948	0.00198399469	0	0	0	0	3
491	251	0.746507534	4.83520974	293.209755	293.210335	293.208615	293.213381	0.000270923948	0.00198399469	0	0	0	0	3
492	251	0.747775012	4.84505742	293.21517	293.210384	293.208615	293.21517	0.000270923948	0.00198399469	0	0	0	0	3
493	252	0.748595662	4.85490509	293.208151	293.210328	293.208151	293.21517	0.000270923948	0.00198399469	0	0	0	0	3
494	252	0.750029533	4.86475277	293.210335	293.210317	293.208151	293.21517	0.000270923948	0.00198399469	0	0	0	0	3
495	253	0.751494853	4.87460045	293.21084	293.210309	293.208151	293.21517	0.000270923948	0.00198399469	0	0	0	0	3
496	253	0.7524282	4.88444813	293.209961	293.210316	293.208151	293.21517	0.000270923948	0.00198399469	0	0	0	0	3
497	254	0.754736934	4.8942958	293.211292	293.210319	293.208151	293.21517	0.000270923948	0.00198399469	0	0	0	0	3
498	254	0.756031656	4.90414348	293.212241	293.210344	293.208151	293.21517	0.000270923948	0.00198399469	0	0	0	0	3
499	255	0.757933268	4.91399116	293.210565	293.21034	293.208151	293.21517	0.000270923948	0.00198399469	0	0	0	0	3
500	255	0.759317262	4.92383884	293.210224	293.210316	293.208151	293.21517	0.000270923948	0.00198399469	0	0	0	0	3
501	256	0.761313711	4.93368651	293.209349	293.21027	293.208151	293.21517	0.000270923948	0.00198399469	0	0	0	0	3
502	257	0.762732399	4.94353419	293.209481	293.210214	293.208151	293.21517	0.000270923948	0.00198399469	0	0	0	0	3
503	257	0.764475094	4.95338187	293.208984	293.210188	293.208151	293.21517	0.000270923948	0.00198399469	0	0	0	0	3
504	258	0.766472543	4.96322955	293.208622	293.210154	293.208151	293.21517	0.000270923948	0.00198399469	0	0	0	0	3
505	258	0.76843684	4.97307722	293.208054	293.210118	293.208054	293.21517	0.00029609615	0.00198399469	0	0	0	0	3
506	259	0.770432351	4.9829249	293.208606	293.210094	293.208054	293.21517	0.000320064677	0.00198399469	0	0	0	0	3
507	259	0.77245416	4.99277258	293.209102	293.2101	293.208054	293.21517	0.000320064677	0.00198399469	0	0	0	0	3
508	259	0.774487366	5.00262026	293.209543	293.210105	293.208054	293.21517	0.000320064677	0.00198399469	0	0	0	0	3
509	260	0.776521089	5.01246794	293.209658	293.210122	293.208054	293.21517	0.000320064677	0.00198399469	0	0	0	0	3
510	260	0.778608838	5.02231561	293.209839	293.21014	293.208054	293.21517	0.000320064677	0.00198399469	0	0	0	0	3
511	261	0.780204085	5.03216329	293.210157	293.210165	293.208054	293.21517	0.000320064677	0.00198399469	0	0	0	0	3
512	261	0.78181453	5.04201097	293.211425	293.210195	293.208054	293.21517	0.000320064677	0.00198399469	0	0	0	0	3
513	262	0.783407624	5.05185865	293.212184	293.210239	293.208054	293.21517	0.000320064677	0.00198399469	0	0	0	0	3
514	262	0.784120483	5.06170632	293.211834	293.210255	293.208054	293.21517	0.000320064677	0.00198399469	0	0	0	0	3
515	263	0.784816112	5.071554	293.211864	293.210247	293.208054	293.21517	0.000320064677	0.00198399469	0	0	0	0	3
516	263	0.785980921	5.08140168	293.209852	293.210204	293.208054	293.21517	0.000320064677	0.00198399469	0	0	0	0	3
517	264	0.787291802	5.09124936	293.212974	293.210225	293.208054	293.21517	0.000320064677	0.00198399469	0	0	0	0	3
518	265	0.788491535	5.10109703	293.210891	293.210212	293.208054	293.21517	0.000320064677	0.00198399469	0	0	0	0	3
519	265	0.790238216	5.11094471	293.210488	293.210176	293.208054	293.21517	0.000320064677	0.00198399469	0	0	0	0	3
520	265	0.791832653	5.12079239	293.212043	293.210161	293.208054	293.21517	0.000314434617	0.00198399469	0	0	0	0	3
521	266	0.793607688	5.13064007	293.209668	293.210137	293.208054	293.21517	0.000314434617	0.00198399469	0	0	0	0	3
522	267	0.795517109	5.14048775	293.211061	293.210157	293.208054	293.21517	0.000314434617	0.00198399469	0	0	0	0	3
523	267	0.796880718	5.15033542	293.211018	293.210154	293.208054	293.21517	0.000306871941	0.00198399469	0	0	0	0	3
524	268	0.798776321	5.1601831	293.210209	293.210163	293.208054	293.21517	0.000306871941	0.00198399469	0	0	0	0	3
525	268	0.800855109	5.17003078	293.20981	293.210116	293.208054	293.21517	0.000289833026	0.00198399469	0	0	0	0	3
526	269	0.802056601	5.17987846	293.210317	293.210127	293.208054	293.21517	0.000289833026	0.00198399469	0	0	0	0	3
527	269	0.803756714	5.18972613	293.20925	293.210133	293.208054	293.21517	0.000289833026	0.00198399469	0	0	0	0	3
528	269	0.805604064	5.19957381	293.20832	293.210112	293.208054	293.21517	0.000289833026	0.00198399469	0	0	0	0	3
529	270	0.807139072	5.20942149	293.208051	293.210091	293.208051	293.21517	0.000293038903	0.00198399469	0	0	0	0	3
530	270	0.808800588	5.21926917	293.208849	293.210089	293.208051	293.21517	0.000294276272	0.00198399469	0	0	0	0	3
531	271	0.810528887	5.22911684	293.208785	293.210106	293.208051	293.21517	0.000294276272	0.00198399469	0	0	0	0	3
532	271	0.812371011	5.23896452	293.208754	293.210094	293.208051	293.21517	0.000294276272	0.00198399469	0	0	0	0	3
533	271	0.814398297	5.2488122	293.209541	293.210113	293.208051	293.21517	0.000294276272	0.00198399469	0	0	0	0	3
534	272	0.8163707	5.25865988	293.209685	293.210128	293.208051	293.21517	0.000294276272	0.00198399469	0	0	0	0	3
535	272	0.818531732	5.26850756	293.209867	293.210133	293.208051	293.21517	0.000294276272	0.00198399469	0	0	0	0	3
536	273	0.820516922	5.27835523	293.210824	293.210158	293.208051	293.21517	0.000294276272	0.00198399469	0	0	0	0	3
537	274	0.822100754	5.28820291	293.212267	293.210203	293.208051	293.21517	0.000294276272	0.00198399469	0	0	0	0	3
538	274	0.822988258	5.29805059	293.212615	293.210213	293.208051	293.21517	0.000294276272	0.00198399469	0	0	0	0	3
539	275	0.823633121	5.30789827	293.211425	293.210183	293.208051	293.21517	0.000294276272	0.00198399469	0	0	0	0	3
540	275	0.824763669	5.31774594	293.210845	293.210153	293.208051	293.21517	0.000294276272	0.00198399469	0	0	0	0	3
541	276	0.826063854	5.32759362	293.212704	293.210185	293.208051	293.21517	0.000294276272	0.00198399469	0	0	0	0	3
542	277	0.826936533	5.3374413	293.21	293.210189	293.208051	293.21517	0.000294276272	0.00198399469	0	0	0	0	3
543	277	0.828431491	5.34728898	293.210195	293.210111	293.208051	293.212974	0.000254324839	0.00198399469	0	0	0	0	3
544	278	0.829982653	5.35713665	293.211019	293.210148	293.208051	293.212974	0.000254324839	0.00198399469	0	0	0	0	3
545	278	0.831305717	5.36698433	293.210845	293.210156	293.208051	293.212974	0.000254324839	0.00198399469	0	0	0	0	3
546	279	0.833219486	5.37683201	293.211774	293.210182	293.208051	293.212974	0.000254324839	0.00198399469	0	0	0	0	3
547	279	0.834490823	5.38667969	293.211476	293.210204	293.208051	293.212974	0.000254324839	0.00198399469	0	0	0	0	3
548	280	0.836334066	5.39652736	293.211526	293.210203	293.208051	293.212974	0.000254324839	0.00198399469	0	0	0	0	3
549	280	0.837538381	5.40637504	293.209041	293.210154	293.208051	293.212974	0.00025034203	0.00198399469	0	0	0	0	3
550	280	0.838684415	5.41622272	293.209223	293.210131	293.208051	293.212974	0.000226939143	0.00198399469	0	0	0	0	3
551	281	0.840393113	5.4260704	293.208954	293.210104	293.208051	293.212974	0.000180661561	0.00198399469	0	0	0	0	3
552	281	0.842219379	5.43591808	293.208848	293.210095	293.208051	293.212974	0.000165846879	0.00198399469	0	0	0	0	3
553	282	0.843860219	5.44576575	293.208953	293.210082	293.208051	293.212974	0.000172935684	0.00198399469	0	0	0	0	3
554	282	0.845817611	5.45561343	293.208861	293.210076	293.208051	293.212974	0.000178782612	0.00198399469	0	0	0	0	3
555	283	0.847507411	5.46546111	293.208373	293.210077	293.208051	293.212974	0.000178782612	0.00198399469	0	0	0	0	3
556	283	0.849762448	5.47530879	293.208638	293.210086	293.208051	293.212974	0.000178782612	0.00198399469	0	0	0	0	3
557	283	0.851584899	5.48515646	293.208929	293.210096	293.208051	293.212974	0.000178782612	0.00198399469	0	0	0	0	3
558	284	0.853621273	5.49500414	293.209603	293.210109	293.208051	293.212974	0.000178782612	0.00198399469	0	0	0	0	3
559	284	0.855644177	5.50485182	293.209623	293.210111	293.208051	293.212974	0.000178782612	0.00198399469	0	0	0	0	3
560	285	0.85785618	5.5146995	293.209843	293.210115	293.208051	293.212974	0.000178782612	0.00198399469	0	0	0	0	3
561	285	0.859926666	5.52454717	293.210932	293.210143	293.208051	293.212974	0.000178782612	0.00198399469	0	0	0	0	3
562	286	0.861598197	5.53439485	293.211994	293.21018	293.208051	293.212974	0.000178782612	0.00198399469	0	0	0	0	3
563	286	0.862380917	5.54424253	293.213097	293.210184	293.208051	293.213097	0.000178782612	0.00198399469	0	0	0	0	3
564	287	0.863053273	5.55409021	293.210108	293.210143	293.208051	293.213097	0.000178782612	0.00198399469	0	0	0	0	3
565	288	0.864200278	5.56393789	293.208944	293.210111	293.208051	293.213097	0.000170801677	0.00198399469	0	0	0	0	3
566	288	0.865439918	5.57378556	293.214678	293.210166	293.208051	293.214678	0.000148301319	0.00198399469	0	0	0	0	3
567	289	0.866474417	5.58363324	293.210625	293.210176	293.208051	293.214678	0.000148301319	0.00198399469	0	0	0	0	3
568	289	0.86798622	5.59348092	293.211518	293.210156	293.208051	293.214678	0.000136444248	0.00198399469	0	0	0	0	3
569	290	0.869572468	5.6033286	293.210961	293.210161	293.208051	293.214678	0.000136444248	0.00198399469	0	0	0	0	3
570	291	0.87007781	5.61317627	293.211926	293.210165	293.208051	293.214678	0.000136444248	0.00198399469	0	0	0	0	3
571	291	0.870919815	5.62302395	293.210456	293.21013	293.208051	293.214678	0.000136444248	0.00198399469	0	0	0	0	3
572	292	0.87237456	5.63287163	293.211044	293.210158	293.208051	293.214678	0.000136444248	0.00198399469	0	0	0	0	3
573	292	0.874152317	5.64271931	293.211506	293.210166	293.208051	293.214678	0.000136444248	0.00198399469	0	0	0	0	3
574	293	0.875043492	5.65256698	293.212328	293.210176	293.208051	293.214678	0.000136444248	0.00198399469	0	0	0	0	3
575	293	0.875839957	5.66241466	293.210253	293.210176	293.208051	293.214678	0.000136444248	0.00198399469	0	0	0	0	3
576	294	0.877752854	5.67226234	293.209754	293.210175	293.208051	293.214678	0.000136444248	0.00198399469	0	0	0	0	3
577	294	0.879486637	5.68211002	293.209126	293.210149	293.208051	293.214678	0.000136444248	0.00198399469	0	0	0	0	3
578	295	0.88084569	5.6919577	293.209217	293.210153	293.208051	293.214678	0.000136444248	0.00198399469	0	0	0	0	3
579	295	0.882820423	5.70180537	293.208724	293.21016	293.208051	293.214678	0.000136444248	0.00198399469	0	0	0	0	3
580	295	0.884264133	5.71165305	293.208423	293.21017	293.208373	293.214678	0.000136444248	0.00198399469	0	0	0	0	3
581	296	0.886300307	5.72150073	293.208622	293.210157	293.208373	293.214678	0.000136444248	0.00198399469	0	0	0	0	3
582	296	0.888030296	5.73134841	293.208723	293.210156	293.208373	293.214678	0.000136444248	0.00198399469	0	0	0	0	3
583	297	0.889886051	5.74119608	293.208904	293.210159	293.208373	293.214678	0.000136444248	0.00198399469	0	0	0	0	3
584	297	0.891780644	5.75104376	293.209431	293.210158	293.208373	293.214678	0.000136444248	0.00198399469	0	0	0	0	3
585	298	0.893787586	5.76089144	293.2098	293.21016	293.208373	293.214678	0.000136444248	0.00198399469	0	0	0	0	3
586	298	0.895965965	5.77073912	293.209881	293.210161	293.208373	293.214678	0.000136444248	0.00198399469	0	0	0	0	3
587	299	0.897840527	5.78058679	293.210294	293.210147	293.208373	293.214678	0.000136444248	0.00198399469	0	0	0	0	3
588	299	0.899259151	5.79043447	293.211288	293.210124	293.208373	293.214678	0.000136444248	0.00198399469	0	0	0	0	3
589	300	0.900885083	5.80028215	293.21185	293.210132	293.208373	293.214678	0.00012766439	0.00198399469	0	0	0	0	3
590	300	0.901661073	5.81012983	293.212564	293.210146	293.208373	293.214678	0.00012766439	0.00198399469	0	0	0	0	3
591	301	0.902306055	5.8199775	293.20914	293.210127	293.208373	293.214678	0.00012766439	0.00198399469	0	0	0	0	3
592	301	0.903499719	5.82982518	293.212021	293.210113	293.208373	293.214678	0.00012766439	0.00198399469	0	0	0	0	3
593	302	0.904744062	5.83967286	293.212446	293.210151	293.208373	293.214678	0.00012766439	0.00198399469	0	0	0	0	3
594	303	0.906218662	5.84952054	293.210873	293.210164	293.208373	293.214678	0.00012766439	0.00198399469	0	0	0	0	3
595	303	0.907706385	5.85936822	293.210545	293.210155	293.208373	293.214678	0.00012766439	0.00198399469	0	0	0	0	3
596	304	0.90950854	5.86921589	293.21022	293.210144	293.208373	293.214678	0.00012766439	0.00198399469	0	0	0	0	3
597	304	0.911002423	5.87906357	293.210408	293.210109	293.208373	293.214678	0.00012766439	0.00198399469	0	0	0	0	3
598	305	0.912982045	5.88891125	293.211872	293.210132	293.208373	293.214678	0.000126756209	0.00198399469	0	0	0	0	3
599	305	0.914799215	5.89875893	293.211454	293.21013	293.208373	293.214678	0.000107295956	0.00198399469	0	0	0	0	3
600	306	0.916659089	5.9086066	293.210741	293.21016	293.208373	293.214678	0.000107295956	0.00198399469	0	0	0	0	3
601	307	0.918565062	5.91845428	293.209634	293.210161	293.208373	293.214678	0.000107295956	0.00198399469	0	0	0	0	3
602	307	0.920599424	5.92830196	293.209297	293.210165	293.208373	293.214678	0.000107295956	0.00198399469	0	0	0	0	3
603	308	0.922127053	5.93814964	293.208918	293.210171	293.208373	293.214678	0.000107295956	0.00198399469	0	0	0	0	3
604	308	0.924156594	5.94799731	293.208736	293.21016	293.208373	293.214678	0.000107295956	0.00198399469	0	0	0	0	3
605	308	0.925725862	5.95784499	293.20881	293.210165	293.208373	293.214678	0.00010694959	0.00198399469	0	0	0	0	3
606	309	0.927400011	5.96769267	293.208424	293.210167	293.208423	293.214678	9.79854492e-05	0.00198399469	0	0	0	0	3
607	309	0.92924303	5.97754035	293.208828	293.210179	293.208423	293.214678	8.75785784e-05	0.00198399469	0	0	0	0	3
608	310	0.931160961	5.98738803	293.20941	293.210189	293.208423	293.214678	8.05996175e-05	0.00198399469	0	0	0	0	3
609	310	0.93319824	5.9972357	293.209742	293.210193	293.208423	293.214678	8.33799999e-05	0.00198399469	0	0	0	0	3
610	311	0.935416354	6.00708338	293.209899	293.210199	293.208423	293.214678	8.96692839e-05	0.00198399469	0	0	0	0	3
611	311	0.936914146	6.01693106	293.210435	293.210213	293.208423	293.214678	0.000104097901	0.00198399469	0	0	0	0	3
612	312	0.938254499	6.02677874	293.211166	293.210211	293.208423	293.214678	0.000104097901	0.00198399469	0	0	0	0	3
613	312	0.939875868	6.03662641	293.212117	293.210212	293.208423	293.214678	0.000104097901	0.00198399469	0	0	0	0	3
614	313	0.9409435	6.04647409	293.211302	293.210198	293.208423	293.214678	0.000104097901	0.00198399469	0	0	0	0	3
615	313	0.941649642	6.05632177	293.211968	293.210215	293.208423	293.214678	0.000105567721	0.00198399469	0	0	0	0	3
616	314	0.942760374	6.06616945	293.210028	293.210231	293.208423	293.214678	0.000121474757	0.00198399469	0	0	0	0	3
617	315	0.944044219	6.07601712	293.212493	293.210198	293.208423	293.212564	0.000121474757	0.00198399469	0	0	0	0	3
618	315	0.945305637	6.0858648	293.210774	293.210201	293.208423	293.212564	0.000121474757	0.00198399469	0	0	0	0	3
619	316	0.947113798	6.09571248	293.211163	293.210198	293.208423	293.212564	0.000121474757	0.00198399469	0	0	0	0	3
620	316	0.948609342	6.10556016	293.211566	293.210209	293.208423	293.212564	0.000121474757	0.00198399469	0	0	0	0	3
621	317	0.949759912	6.11540784	293.210305	293.210199	293.208423	293.212564	0.000121474757	0.00198399469	0	0	0	0	3
622	317	0.952036199	6.12525551	293.210311	293.2102	293.208423	293.212564	0.000121474757	0.00198399469	0	0	0	0	3
623	317	0.953555016	6.13510319	293.21023	293.210185	293.208423	293.212564	0.000121474757	0.00198399469	0	0	0	0	3
624	318	0.955864544	6.14495087	293.210616	293.210168	293.208423	293.212564	0.000121474757	0.00198399469	0	0	0	0	3
625	318	0.957916135	6.15479855	293.209686	293.210133	293.208423	293.212564	0.000121474757	0.00198399469	0	0	0	0	3
626	319	0.959748358	6.16464622	293.210105	293.210132	293.208423	293.212564	0.000121474757	0.00198399469	0	0	0	0	3
627	319	0.961464673	6.1744939	293.20949	293.210127	293.208423	293.212564	0.000121474757	0.00198399469	0	0	0	0	3
628	320	0.962821667	6.18434158	293.208835	293.210127	293.208423	293.212564	0.000121474757	0.00198399469	0	0	0	0	3
629	320	0.964999974	6.19418926	293.208191	293.210091	293.208191	293.212564	0.000139389196	0.00198399469	0	0	0	0	3
630	320	0.967332642	6.20403693	293.209175	293.210098	293.208191	293.212564	0.000139389196	0.00198399469	0	0	0	0	3
631	321	0.9693328	6.21388461	293.209081	293.210103	293.208191	293.212564	0.000139389196	0.00198399469	0	0	0	0	3
632	321	0.971379054	6.22373229	293.209699	293.210128	293.208191	293.212564	0.000139389196	0.00198399469	0	0	0	0	3
633	322	0.9733514	6.23357997	293.209862	293.210151	293.208191	293.212564	0.000139389196	0.00198399469	0	0	0	0	3
634	322	0.975375038	6.24342764	293.210301	293.210181	293.208191	293.212564	0.000139389196	0.00198399469	0	0	0	0	3
635	323	0.976677165	6.25327532	293.210262	293.210199	293.208191	293.212564	0.000139389196	0.00198399469	0	0	0	0	3
636	323	0.978072989	6.263123	293.211837	293.210236	293.208191	293.212564	0.000144464965	0.00198399469	0	0	0	0	3
637	324	0.979442474	6.27297068	293.21266	293.210285	293.208191	293.21266	0.000193506087	0.00198399469	0	0	0	0	3
638	324	0.980203648	6.28281836	293.211799	293.210299	293.208191	293.21266	0.000207293944	0.00198399469	0	0	0	0	3
639	325	0.980874357	6.29266603	293.210034	293.210279	293.208191	293.21266	0.000207293944	0.00198399469	0	0	0	0	3
640	325	0.982069375	6.30251371	293.213025	293.210288	293.208191	293.213025	0.000207293944	0.00198399469	0	0	0	0	3
641	326	0.983373303	6.31236139	293.213206	293.210313	293.208191	293.213206	0.000221824823	0.00198399469	0	0	0	0	3
642	326	0.98473429	6.32220907	293.211517	293.210342	293.208191	293.213206	0.000250874279	0.00198399469	0	0	0	0	3
643	327	0.986592386	6.33205674	293.211161	293.210336	293.208191	293.213206	0.000250874279	0.00198399469	0	0	0	0	3
644	328	0.98800552	6.34190442	293.210234	293.210303	293.208191	293.213206	0.000250874279	0.00198399469	0	0	0	0	3
645	328	0.989517772	6.3517521	293.209966	293.210287	293.208191	293.213206	0.000250874279	0.00198399469	0	0	0	0	3
646	328	0.99162104	6.36159978	293.211034	293.210301	293.208191	293.213206	0.000250874279	0.00198399469	0	0	0	0	3
647	329	0.993187325	6.37144745	293.211047	293.210317	293.208191	293.213206	0.000250874279	0.00198399469	0	0	0	0	3
648	329	0.99524325	6.38129513	293.210476	293.210319	293.208191	293.213206	0.000250874279	0.00198399469	0	0	0	0	3
649	330	0.997050202	6.39114281	293.209083	293.210256	293.208191	293.213206	0.000250874279	0.00198399469	0	0	0	0	3
650	330	0.998570415	6.40099049	293.209955	293.210225	293.208191	293.213206	0.000250874279	0.00198399469	0	0	0	0	3
651	331	1	6.41083817	293.209126	293.210194	293.208191	293.213206	0.000250874279	0.00198399469	0	0	0	0	3
