Iteration	CPUTime	PhysTime	Travels	Value	AvValue	MinValue	MaxValue	Delta	Criteria	PrevAvRefValue	Progress	CriteriaType	CriteriaVarType	CriteriaPercentage
1	2	0.000100925651	0.00984767767	226.670988	226.670988	226.670988	226.670988	0	0	0	0	0	0	3
2	3	0.000190052491	0.0196953553	75.0637051	155.573378	75.0637051	226.670988	71.0976108	0	0	0	0	0	3
3	4	0.000274930045	0.029543033	32.3053145	117.517545	32.3053145	226.670988	109.153443	0	0	0	0	0	3
4	4	0.000359735968	0.0393907107	29.3964963	96.7434565	29.3964963	226.670988	129.927532	0	0	0	0	0	3
5	5	0.000446876366	0.0492383884	47.4401889	87.1293737	29.3964963	226.670988	139.541615	0	0	0	0	0	3
6	6	0.000600085754	0.059086066	33.2169284	73.3648531	29.3964963	226.670988	153.306135	0	0	0	0	0	3
7	6	0.000790165023	0.0689337437	23.0006601	61.2494231	23.0006601	226.670988	165.421565	0	0	0	0	0	3
8	7	0.00100063743	0.0787814214	19.9698841	52.5667538	19.9698841	226.670988	174.104235	0	0	0	0	0	3
9	8	0.0012086204	0.0886290991	43.9737444	51.0880434	19.9698841	226.670988	175.582945	0	0	0	0	0	3
10	9	0.00143105264	0.0984767767	47.4384691	50.5207805	19.9698841	226.670988	176.150208	0	0	0	0	0	3
11	9	0.00178474472	0.108324454	29.2069628	46.2969112	19.9698841	226.670988	180.374077	0	0	0	0	0	3
12	10	0.00212559939	0.118172132	11.2911105	40.6834873	11.2911105	226.670988	185.987501	0	0	0	0	0	3
13	10	0.00231229636	0.12801981	23.565763	39.3013862	11.2911105	226.670988	187.369602	0	0	0	0	0	3
14	11	0.00263818579	0.137867487	16.0096876	36.4242126	11.2911105	226.670988	190.246776	0	0	0	0	0	3
15	11	0.0030399103	0.147715165	19.4646002	34.1829978	11.2911105	226.670988	192.487991	0	0	0	0	0	3
16	12	0.00367007275	0.157562843	15.2630071	30.9343789	11.2911105	226.670988	195.73661	0	0	0	0	0	3
17	13	0.0040585289	0.16741052	19.7744335	29.8662211	11.2911105	226.670988	196.804767	0	0	0	0	0	3
18	14	0.00464486169	0.177258198	20.0766967	28.6304644	11.2911105	226.670988	198.040524	0	0	0	0	0	3
19	14	0.00504156293	0.187105876	19.977667	27.9496089	11.2911105	226.670988	198.72138	0	0	0	0	0	3
20	15	0.00553334655	0.196953553	22.3879277	27.455307	11.2911105	226.670988	199.215681	0	0	0	0	0	3
21	15	0.00643937057	0.206801231	11.0327014	25.1446347	11.0327014	226.670988	201.526354	0	0	0	0	0	3
22	16	0.00722602607	0.216648909	15.2985378	24.0727473	11.0327014	226.670988	202.598241	0	0	0	0	0	3
23	16	0.00833853776	0.226496586	6.3084072	21.7026632	6.3084072	226.670988	204.968325	0	0	0	0	0	3
24	17	0.00926133044	0.236344264	7.92375512	20.3297421	6.3084072	226.670988	206.341246	0	0	0	0	0	3
25	17	0.0101483044	0.246191942	12.4882701	19.6443881	6.3084072	226.670988	207.0266	0	0	0	0	0	3
26	18	0.0116008197	0.25603962	9.20830147	18.3377067	6.3084072	226.670988	208.333282	0	0	0	0	0	3
27	18	0.0128660212	0.265887297	9.2412577	17.4431923	6.3084072	226.670988	209.227796	0	0	0	0	0	3
28	19	0.0145965573	0.275734975	5.80318142	16.0631779	5.80318142	226.670988	210.607811	0	0	0	0	0	3
29	19	0.0156506402	0.285582653	6.13959838	15.394817	5.80318142	226.670988	211.276171	0	0	0	0	0	3
30	20	0.0168245182	0.29543033	9.84678078	15.0077202	5.80318142	226.670988	211.663268	0	0	0	0	0	3
31	20	0.0187819366	0.305278008	12.9569861	14.7939965	5.80318142	226.670988	211.876992	0	0	0	0	0	3
32	21	0.0207146083	0.315125686	15.9646581	14.9032192	5.80318142	226.670988	211.876992	0	0	0	0	0	3
33	21	0.0221999484	0.324973363	20.5525114	15.2811984	5.80318142	226.670988	211.876992	0	0	0	0	0	3
34	21	0.0238999391	0.334821041	18.2849601	15.4948545	5.80318142	226.670988	211.876992	0	0	0	0	0	3
35	22	0.0257483332	0.344668719	19.7716928	15.8018757	5.80318142	226.670988	211.876992	0	0	0	0	0	3
36	22	0.0276159096	0.354516396	19.6283132	16.0606455	5.80318142	226.670988	211.876992	0	0	0	0	0	3
37	23	0.0295983503	0.364364074	17.7590459	16.1744011	5.80318142	226.670988	211.876992	0	0	0	0	0	3
38	23	0.0316909423	0.374211752	19.4537527	16.3909407	5.80318142	226.670988	211.876992	0	0	0	0	0	3
39	24	0.0337536441	0.384059429	16.5025032	16.3977584	5.80318142	226.670988	211.876992	0	0	0	0	0	3
40	24	0.0357534606	0.393907107	18.597593	16.5208028	5.80318142	226.670988	211.876992	0	0	0	0	0	3
41	25	0.0370864031	0.403754785	20.0204096	16.6465841	5.80318142	226.670988	211.876992	0	0	0	0	0	3
42	25	0.0378477229	0.413602462	23.2502097	16.7794183	5.80318142	226.670988	211.876992	0	0	0	0	0	3
43	26	0.0385095265	0.42345014	24.5099438	16.9122708	5.80318142	226.670988	211.876992	0	0	0	0	0	3
44	27	0.0397089897	0.433297818	26.7347158	17.2089709	5.80318142	226.670988	211.876992	0	0	0	0	0	3
45	27	0.0410594565	0.443145495	29.5538547	17.6150005	5.80318142	226.670988	211.876992	0	0	0	0	0	3
46	28	0.041769568	0.452993173	24.7553849	17.736392	5.80318142	226.670988	211.876992	0	0	0	0	0	3
47	28	0.0429007425	0.462840851	22.6149771	17.8650269	5.80318142	226.670988	211.876992	0	0	0	0	0	3
48	29	0.0444192122	0.472688528	22.4898233	18.0231254	5.80318142	226.670988	211.876992	0	0	0	0	0	3
49	29	0.0453567229	0.482536206	18.3118845	18.029094	5.80318142	226.670988	211.876992	0	0	0	0	0	3
50	30	0.0467856458	0.492383884	16.9030765	17.9947033	5.80318142	226.670988	211.876992	0	0	0	0	0	3
51	30	0.0487524448	0.502231561	16.9943167	17.9543451	5.80318142	226.670988	211.876992	0	0	0	0	0	3
52	31	0.0501046652	0.512079239	13.767478	17.4198565	5.80318142	75.0637051	69.2605237	0	0	0	0	0	3
53	31	0.0519741136	0.521926917	8.8714372	17.012039	5.80318142	47.4401889	41.6370075	0	0	0	0	0	3
54	32	0.0530117974	0.531774594	7.94149425	16.8089475	5.80318142	47.4401889	41.6370075	0	0	0	0	0	3
55	32	0.055338191	0.541622272	7.04660133	16.3764406	5.80318142	47.4401889	41.6370075	0	0	0	0	0	3
56	33	0.0570086188	0.55146995	8.89603123	16.1076655	5.80318142	47.4384691	41.6352877	0	0	0	0	0	3
57	33	0.0586473566	0.561317627	15.9851248	16.059048	5.80318142	47.4384691	41.6352877	0	0	0	0	0	3
58	34	0.0605408202	0.571165305	14.9241237	16.0010002	5.80318142	47.4384691	37.7727573	0	0	0	0	0	3
59	34	0.0618774866	0.581012983	16.5794711	15.9999798	5.80318142	47.4384691	36.2940468	0	0	0	0	0	3
60	34	0.0636189029	0.59086066	21.6867489	16.0654332	5.80318142	47.4384691	35.726784	0	0	0	0	0	3
61	35	0.0655329373	0.600708338	20.337802	16.0841391	5.80318142	29.5538547	23.7506732	0	0	0	0	0	3
62	35	0.0675923994	0.610556016	17.7388832	16.0653943	5.80318142	29.5538547	23.7506732	0	0	0	0	0	3
63	36	0.0694420883	0.620403693	18.2192068	16.1487501	5.80318142	29.5538547	23.7506732	0	0	0	0	0	3
64	36	0.0715711541	0.630251371	19.2407239	16.2238059	5.80318142	29.5538547	21.6302161	0	0	0	0	0	3
65	37	0.073259369	0.640099049	17.2497233	16.2493188	5.80318142	29.5538547	19.3890013	0	0	0	0	0	3
66	37	0.0749880656	0.649946726	17.9457905	16.2721272	5.80318142	29.5538547	16.1403824	0	0	0	0	0	3
67	38	0.0761742701	0.659794404	18.47821	16.3169905	5.80318142	29.5538547	15.0722246	0	0	0	0	0	3
68	38	0.076947888	0.669642082	24.3307003	16.3836187	5.80318142	29.5538547	13.8364678	0	0	0	0	0	3
69	39	0.0776100679	0.679489759	24.9742476	16.4319043	5.80318142	29.5538547	13.1556124	0	0	0	0	0	3
70	40	0.0786025958	0.689337437	26.2315379	16.5450049	5.80318142	29.5538547	12.6613105	0	0	0	0	0	3
71	40	0.0798426004	0.699185115	23.7812274	16.6270875	5.80318142	29.5538547	10.3506382	0	0	0	0	0	3
72	41	0.0811600151	0.709032792	21.6140834	16.7828489	5.80318142	29.5538547	9.27875081	0	0	0	0	0	3
73	41	0.082891793	0.71888047	23.3208358	16.9479167	5.80318142	29.5538547	6.90866666	0	0	0	0	0	3
74	42	0.0847780425	0.728728148	21.7612359	17.2215409	5.80318142	29.5538547	5.53574562	0	0	0	0	0	3
75	43	0.0865677144	0.738575825	16.0606556	17.305652	5.80318142	29.5538547	4.8503916	0	0	0	0	0	3
76	43	0.0888319613	0.748423503	14.4699973	17.2783563	5.80318142	29.5538547	3.54371014	0	0	0	0	0	3
77	44	0.0901341795	0.758271181	11.5454536	17.3325547	5.80318142	29.5538547	3.23509749	0	0	0	0	0	3
78	44	0.0919865739	0.768118859	9.9675317	17.2895089	5.80318142	29.5538547	3.23509749	0	0	0	0	0	3
79	45	0.0942683116	0.777966536	8.30784823	17.2817736	6.13959838	29.5538547	3.23509749	0	0	0	0	0	3
80	45	0.0955789031	0.787814214	9.76939044	17.3055338	7.04660133	29.5538547	3.23509749	0	0	0	0	0	3
81	46	0.0972323116	0.797661892	15.7790286	17.3830353	7.04660133	29.5538547	3.23509749	0	0	0	0	0	3
82	46	0.0991720743	0.807509569	16.8624353	17.4782434	7.04660133	29.5538547	3.12587483	0	0	0	0	0	3
83	47	0.100749496	0.817357247	20.0410824	17.5653047	7.04660133	29.5538547	2.74789556	0	0	0	0	0	3
84	47	0.102468994	0.827204925	19.9889814	17.5619471	7.04660133	29.5538547	2.5342395	0	0	0	0	0	3
85	48	0.104281159	0.837052602	20.4099271	17.6108627	7.04660133	29.5538547	2.22721835	0	0	0	0	0	3
86	48	0.106151093	0.84690028	20.306584	17.6238816	7.04660133	29.5538547	2.0291142	0	0	0	0	0	3
87	48	0.108099458	0.856747958	18.795147	17.6057242	7.04660133	29.5538547	2.0291142	0	0	0	0	0	3
88	49	0.110130438	0.866595635	20.3011501	17.6699272	7.04660133	29.5538547	2.0291142	0	0	0	0	0	3
89	49	0.1115909	0.876443313	18.6825764	17.6417184	7.04660133	29.5538547	2.0291142	0	0	0	0	0	3
90	50	0.113528299	0.886290991	20.8707561	17.7495947	7.04660133	29.5538547	2.0291142	0	0	0	0	0	3
91	50	0.114972403	0.896138668	18.8884105	17.7489475	7.04660133	29.5538547	2.0291142	0	0	0	0	0	3
92	51	0.116083491	0.905986346	19.9503326	17.7415827	7.04660133	29.5538547	2.0291142	0	0	0	0	0	3
93	51	0.116730956	0.915834024	27.1452757	17.7656022	7.04660133	29.5538547	2.0291142	0	0	0	0	0	3
94	52	0.117919423	0.925681701	26.699253	17.8430978	7.04660133	29.5538547	2.0291142	0	0	0	0	0	3
95	53	0.119226612	0.935529379	28.1225033	17.8779574	7.04660133	29.5538547	2.0291142	0	0	0	0	0	3
96	53	0.120370226	0.945377057	20.9924665	17.7240551	7.04660133	28.1225033	2.0291142	0	0	0	0	0	3
97	54	0.12193379	0.955224734	20.3777758	17.7135296	7.04660133	28.1225033	2.0291142	0	0	0	0	0	3
98	54	0.123071466	0.965072412	22.6694036	17.7146994	7.04660133	28.1225033	2.0291142	0	0	0	0	0	3
99	55	0.124331337	0.97492009	20.7455065	17.6717466	7.04660133	28.1225033	2.0291142	0	0	0	0	0	3
100	55	0.125961403	0.984767767	17.9494259	17.6699166	7.04660133	28.1225033	1.99472347	0	0	0	0	0	3
101	56	0.127323474	0.994615445	12.8010343	17.6011787	7.04660133	28.1225033	1.95436531	0	0	0	0	0	3
102	57	0.129137602	1.00446312	9.51660308	17.4335746	7.04660133	28.1225033	1.87797759	4.55825304	0	100	0	0	3
103	57	0.131199695	1.0143108	3.90765551	17.1507665	3.90765551	28.1225033	1.87797759	4.76576763	0	100	0	0	3
104	58	0.13255676	1.02415848	3.60384711	17.1147008	3.60384711	28.1225033	1.87797759	4.78239749	0	100	0	0	3
105	58	0.134964264	1.03400616	6.18324488	16.9097206	3.60384711	28.1225033	1.87797759	4.78794078	0	100	0	0	3
106	58	0.136306437	1.04385383	9.62031896	17.0722763	3.60384711	28.1225033	1.87797759	4.79071243	0	100	0	0	3
107	59	0.138322464	1.05370151	13.9164942	17.1619989	3.60384711	28.1225033	1.87797759	4.79233776	0	100	0	0	3
108	59	0.140409056	1.06354919	15.3123626	17.1383833	3.60384711	28.1225033	1.87797759	4.79342131	0	100	0	0	3
109	60	0.142762011	1.07339687	17.4387594	17.1979713	3.60384711	28.1225033	1.87797759	4.79419528	0	100	0	0	3
110	60	0.144954476	1.08324454	18.5354768	17.2432204	3.60384711	28.1225033	1.81256312	4.79477575	0	100	0	0	3
111	60	0.147239978	1.09309222	17.0145953	17.1444348	3.60384711	28.1225033	1.81256312	4.79522723	0	100	0	0	3
112	61	0.149342277	1.1029399	17.389556	17.0776535	3.60384711	28.1225033	1.81256312	4.59979481	0	100	0	0	3
113	61	0.15114499	1.11278758	18.0287208	17.0818751	3.60384711	28.1225033	1.72920732	4.55825304	0	100	0	0	3
114	62	0.152674524	1.12263525	18.3952402	17.0807353	3.60384711	28.1225033	1.65415148	4.55825304	0	100	0	0	3
115	62	0.154151566	1.13248293	18.7452272	17.0548183	3.60384711	28.1225033	1.62863862	4.55825304	0	100	0	0	3
116	63	0.155529125	1.14233061	19.5449511	17.0925146	3.60384711	28.1225033	1.60583015	4.55825304	0	100	0	0	3
117	64	0.156096543	1.15217829	23.7929091	17.121203	3.60384711	28.1225033	1.56096689	4.55825304	0	100	0	0	3
118	64	0.157159714	1.16202597	25.9163455	17.2167887	3.60384711	28.1225033	1.49433872	4.55825304	0	100	0	0	3
119	65	0.158444699	1.17187364	26.7196548	17.2990937	3.60384711	28.1225033	1.44605312	4.55825304	0	100	0	0	3
120	65	0.159557635	1.18172132	21.2522348	17.2907622	3.60384711	28.1225033	1.33295246	4.55825304	0	100	0	0	3
121	66	0.161210547	1.191569	19.5879837	17.2293049	3.60384711	28.1225033	1.25086988	4.55825304	0	100	0	0	3
122	66	0.162790035	1.20141668	19.497944	17.1745579	3.60384711	28.1225033	1.09510851	4.55825304	0	100	0	0	3
123	67	0.164081574	1.21126435	18.1891212	17.1198273	3.60384711	28.1225033	0.96823685	4.55825304	0	100	0	0	3
124	68	0.165437509	1.22111203	13.4322455	16.9291585	3.60384711	28.1225033	0.96823685	4.55825304	0	100	0	0	3
125	68	0.167333507	1.23095971	14.901989	16.7721972	3.60384711	28.1225033	1.10576022	4.55825304	0	100	0	0	3
126	68	0.168005363	1.24080739	13.5945396	16.7616185	3.60384711	28.1225033	1.11633888	4.55825304	0	100	0	0	3
127	69	0.168985572	1.25065506	9.71527883	16.7401836	3.60384711	28.1225033	1.13777382	4.55825304	0	100	0	0	3
128	69	0.170583476	1.26050274	5.29855112	16.5970131	3.60384711	28.1225033	1.28094432	4.55825304	0	100	0	0	3
129	70	0.17239071	1.27035042	5.61343482	16.5028702	3.60384711	28.1225033	1.37508723	4.55825304	0	100	0	0	3
130	70	0.173967506	1.2801981	8.46803189	16.5785245	3.60384711	28.1225033	1.37508723	4.55825304	0	100	0	0	3
131	71	0.176238639	1.29004578	13.7548148	16.609655	3.60384711	28.1225033	1.37508723	4.55825304	0	100	0	0	3
132	71	0.177770976	1.29989345	15.9879454	16.6148785	3.60384711	28.1225033	1.37508723	4.55825304	0	100	0	0	3
133	72	0.178975264	1.30974113	17.5960814	16.6236682	3.60384711	28.1225033	1.37508723	4.55825304	0	100	0	0	3
134	72	0.180672968	1.31958881	19.5985738	16.6194117	3.60384711	28.1225033	1.37508723	4.55825304	0	100	0	0	3
135	72	0.182421889	1.32943649	20.5115752	16.6320832	3.60384711	28.1225033	1.37508723	4.55825304	0	100	0	0	3
136	73	0.184255613	1.33928416	21.575036	16.6598162	3.60384711	28.1225033	1.37508723	4.55825304	0	100	0	0	3
137	73	0.186296625	1.34913184	19.0753469	16.6362455	3.60384711	28.1225033	1.37508723	4.55825304	0	100	0	0	3
138	74	0.188294684	1.35897952	18.7037778	16.6353068	3.60384711	28.1225033	1.37508723	4.55825304	0	100	0	0	3
139	74	0.190450369	1.3688272	17.4050681	16.5632713	3.60384711	28.1225033	1.37508723	4.55825304	0	100	0	0	3
140	75	0.192338521	1.37867487	18.8751843	16.5790003	3.60384711	28.1225033	1.37508723	4.55825304	0	100	0	0	3
141	75	0.193893208	1.38852255	21.3471158	16.5677775	3.60384711	28.1225033	1.37508723	4.55825304	0	100	0	0	3
142	76	0.194914004	1.39837023	23.5523058	16.6150438	3.60384711	28.1225033	1.37508723	4.55825304	0	100	0	0	3
143	76	0.19555526	1.40821791	25.3540814	16.6389286	3.60384711	28.1225033	1.37508723	4.55825304	0	100	0	0	3
144	77	0.196700424	1.41806558	27.6660239	16.7117729	3.60384711	28.1225033	1.37508723	4.55825304	0	100	0	0	3
145	77	0.198116574	1.42791326	26.0461746	16.7285956	3.60384711	28.1225033	1.37508723	4.55825304	0	100	0	0	3
146	78	0.199711156	1.43776094	24.6426189	16.7003364	3.60384711	27.6660239	1.2211849	4.55825304	0	100	0	0	3
147	79	0.200981333	1.44760862	22.5942384	16.7323141	3.60384711	27.6660239	1.21182926	4.55825304	0	100	0	0	3
148	79	0.202551721	1.4574563	18.7358825	16.7006396	3.60384711	27.6660239	1.21182926	4.55825304	0	100	0	0	3
149	80	0.203924583	1.46730397	23.2694639	16.7281904	3.60384711	27.6660239	1.16887638	4.55825304	0	100	0	0	3
150	80	0.205844445	1.47715165	16.0296982	16.6496471	3.60384711	27.6660239	1.16704646	4.55825304	0	100	0	0	3
151	81	0.207487832	1.48699933	14.5352326	16.5810371	3.60384711	27.6660239	1.09830848	4.55825304	0	100	0	0	3
152	81	0.209062081	1.49684701	7.08298877	16.461098	3.60384711	27.6660239	0.972476661	4.55825304	0	100	0	0	3
153	82	0.2108863	1.50669468	6.61406263	16.3954707	3.60384711	27.6660239	0.903622996	4.55825304	0	100	0	0	3
154	82	0.213098794	1.51654236	7.05749965	16.4576304	3.60384711	27.6660239	0.903622996	4.55825304	0	100	0	0	3
155	82	0.215006301	1.52639004	12.3543807	16.5742647	5.29855112	27.6660239	0.903622996	4.55825304	0	100	0	0	3
156	83	0.216794896	1.53623772	14.0031068	16.8237759	5.29855112	27.6660239	0.903622996	4.55825304	0	100	0	0	3
157	83	0.218844353	1.54608539	18.5144602	16.982894	5.29855112	27.6660239	0.903622996	4.55825304	0	100	0	0	3
158	84	0.22068996	1.55593307	16.2146502	17.0407332	5.29855112	27.6660239	0.903622996	4.55825304	0	100	0	0	3
159	84	0.222686611	1.56578075	17.9113786	17.1056935	5.29855112	27.6660239	0.903622996	4.55825304	0	100	0	0	3
160	84	0.224756465	1.57562843	17.3913423	17.1033465	5.29855112	27.6660239	0.903622996	4.55825304	0	100	0	0	3
161	85	0.226792344	1.58547611	17.0882979	17.0646049	5.29855112	27.6660239	0.903622996	4.55825304	0	100	0	0	3
162	85	0.228963647	1.59532378	18.2316672	17.097011	5.29855112	27.6660239	0.903622996	4.55825304	0	100	0	0	3
163	86	0.230515935	1.60517146	18.9697734	17.1252473	5.29855112	27.6660239	0.903622996	4.55825304	0	100	0	0	3
164	86	0.232265171	1.61501914	17.7147384	17.1178812	5.29855112	27.6660239	0.903622996	4.55825304	0	100	0	0	3
165	87	0.233755881	1.62486682	18.1703782	17.1131354	5.29855112	27.6660239	0.903622996	4.55825304	0	100	0	0	3
166	87	0.234405879	1.63471449	23.5420287	17.1351665	5.29855112	27.6660239	0.903622996	4.55825304	0	100	0	0	3
167	88	0.235082042	1.64456217	26.5140517	17.1731544	5.29855112	27.6660239	0.903622996	4.55825304	0	100	0	0	3
168	89	0.236369444	1.65440985	25.4507484	17.2591164	5.29855112	27.6660239	0.903622996	4.55825304	0	100	0	0	3
169	89	0.237685422	1.66425753	24.5388556	17.2637839	5.29855112	27.6660239	0.903622996	4.55825304	0	100	0	0	3
170	90	0.239176766	1.6741052	21.8013722	17.1970998	5.29855112	27.6660239	0.89529158	4.55825304	0	100	0	0	3
171	90	0.240842796	1.68395288	18.5286961	17.1688705	5.29855112	27.6660239	0.868313224	4.55825304	0	100	0	0	3
172	91	0.242482742	1.69380056	2.43385502	16.822341	2.43385502	27.6660239	0.868313224	4.55825304	0	100	0	0	3
173	91	0.242784324	1.70364824	74.6536151	16.9875372	2.43385502	74.6536151	0.868313224	4.55825304	0	100	0	0	3
174	92	0.243298737	1.71349592	4.03071466	16.8838089	2.43385502	74.6536151	0.868313224	4.55825304	0	100	0	0	3
175	93	0.244336412	1.72334359	28.8454549	17.1004455	2.43385502	74.6536151	0.868313224	4.55825304	0	100	0	0	3
176	93	0.245002528	1.73319127	12.6325219	17.1157942	2.43385502	74.6536151	0.868313224	4.55825304	0	100	0	0	3
177	94	0.246033199	1.74303895	5.04407025	16.9866583	2.43385502	74.6536151	0.868313224	4.55825304	0	100	0	0	3
178	94	0.246787587	1.75288663	21.5274878	17.1222976	2.43385502	74.6536151	0.868313224	4.55825304	0	100	0	0	3
179	94	0.247378767	1.7627343	8.65755429	17.3031555	2.43385502	74.6536151	0.907684813	4.55825304	0	100	0	0	3
180	95	0.248071817	1.77258198	11.1492682	17.5259469	2.43385502	74.6536151	1.13047627	4.55825304	0	100	0	0	3
181	95	0.248871576	1.78242966	6.28515287	17.5966047	2.43385502	74.6536151	1.20113406	4.55825304	0	100	0	0	3
182	96	0.249939527	1.79227734	2.80465701	17.5006513	2.43385502	74.6536151	1.20113406	4.55825304	0	100	0	0	3
183	96	0.250839985	1.80212501	2.74010875	17.3504745	2.43385502	74.6536151	1.20113406	4.55825304	0	100	0	0	3
184	97	0.252129605	1.81197269	2.80595636	17.0900293	2.43385502	74.6536151	1.20113406	4.55825304	0	100	0	0	3
185	97	0.253420905	1.82182037	5.77023469	16.8305578	2.43385502	74.6536151	1.20113406	4.55825304	0	100	0	0	3
186	98	0.255043747	1.83166805	10.3286372	16.5966145	2.43385502	74.6536151	1.20113406	4.55825304	0	100	0	0	3
187	98	0.256744839	1.84151572	12.7980008	16.3815364	2.43385502	74.6536151	1.21506827	4.55825304	0	100	0	0	3
188	98	0.258306107	1.8513634	15.6230801	16.2887396	2.43385502	74.6536151	1.30786512	4.55825304	0	100	0	0	3
189	99	0.260083359	1.86121108	19.7035805	16.3060633	2.43385502	74.6536151	1.30786512	4.55825304	0	100	0	0	3
190	99	0.261944152	1.87105876	20.5001868	16.3820879	2.43385502	74.6536151	1.30786512	4.55825304	0	100	0	0	3
191	100	0.264106377	1.88090644	16.6936133	16.3258823	2.43385502	74.6536151	1.30786512	4.55825304	0	100	0	0	3
192	100	0.266034055	1.89075411	17.6942596	16.2542355	2.43385502	74.6536151	1.3423692	4.55825304	0	100	0	0	3
193	101	0.268065103	1.90060179	18.317986	16.209694	2.43385502	74.6536151	1.38691076	4.55825304	0	100	0	0	3
194	101	0.270004072	1.91044947	17.8020822	16.1724025	2.43385502	74.6536151	1.42420221	4.55825304	0	100	0	0	3
195	102	0.271589974	1.92029715	17.3748989	16.0221141	2.43385502	74.6536151	1.57449062	4.55825304	0	100	0	0	3
196	102	0.27312765	1.93014482	18.6073753	15.8858638	2.43385502	74.6536151	1.71074091	4.55825304	0	100	0	0	3
197	103	0.273740251	1.9399925	22.0147681	15.7479614	2.43385502	74.6536151	1.84864328	4.55825304	0	100	0	0	3
198	103	0.274447791	1.94984018	26.2409225	15.7306502	2.43385502	74.6536151	1.86595456	4.55825304	0	100	0	0	3
199	104	0.275743488	1.95968786	25.1579459	15.8330597	2.43385502	74.6536151	1.86595456	4.55825304	0	100	0	0	3
200	105	0.277125986	1.96953553	22.5829545	15.821073	2.43385502	74.6536151	1.86595456	4.55825304	0	100	0	0	3
201	106	0.278805349	1.97938321	21.6780899	15.9503961	2.43385502	74.6536151	1.86595456	4.55825304	0	100	0	0	3
202	106	0.280409616	1.98923089	20.0880776	16.0733169	2.43385502	74.6536151	1.86595456	4.55825304	0	100	0	0	3
203	107	0.282146456	1.99907857	18.5153265	16.325004	2.43385502	74.6536151	1.86595456	4.55825304	0	100	0	0	3
204	107	0.284375336	2.00892625	14.4273648	16.5085045	2.43385502	74.6536151	1.86595456	4.56381006	0	100	0	0	3
205	108	0.285761847	2.01877392	12.976738	16.7288842	2.43385502	74.6536151	1.86595456	4.59626172	0	100	0	0	3
206	108	0.287508693	2.0286216	9.10563763	16.6603038	2.43385502	74.6536151	1.86595456	4.6280893	0	100	0	0	3
207	109	0.28868872	2.03846928	6.19169812	16.5545842	2.43385502	74.6536151	1.86595456	4.65931065	0	100	0	0	3
208	109	0.290612836	2.04831696	6.44766992	16.2276502	2.43385502	74.6536151	1.86595456	4.68994291	0	100	0	0	3
209	110	0.29259993	2.05816463	11.1380804	16.0873433	2.43385502	74.6536151	1.86595456	4.7200026	0	100	0	0	3
210	110	0.294128382	2.06801231	17.3875353	16.0641821	2.43385502	74.6536151	1.86595456	4.74950564	0	100	0	0	3
211	111	0.296610664	2.07785999	15.7593181	16.0154196	2.43385502	74.6536151	1.86595456	4.77846734	0	100	0	0	3
212	111	0.298575262	2.08770767	21.0661089	16.1232214	2.43385502	74.6536151	1.86595456	4.80690246	0	100	0	0	3
213	111	0.300430422	2.09755534	20.6995466	16.1779565	2.43385502	74.6536151	1.86595456	4.83482523	0	100	0	0	3
214	112	0.302323808	2.10740302	19.5773698	16.2072388	2.43385502	74.6536151	1.86595456	4.86224938	0	100	0	0	3
215	112	0.304315589	2.1172507	18.1914426	16.2254916	2.43385502	74.6536151	1.86595456	4.88918815	0	100	0	0	3
216	113	0.306364023	2.12709838	19.1020293	16.2667147	2.43385502	74.6536151	1.86595456	4.91565431	0	100	0	0	3
217	113	0.307742338	2.13694606	19.150928	16.2564391	2.43385502	74.6536151	1.86595456	4.94166019	0	100	0	0	3
218	114	0.30925587	2.14679373	19.4847626	16.228806	2.43385502	74.6536151	1.86595456	4.9672177	0	100	0	0	3
219	114	0.310701529	2.15664141	17.718773	16.0980635	2.43385502	74.6536151	1.86595456	4.99233832	0	100	0	0	3
220	115	0.312115254	2.16648909	22.6025037	16.0723695	2.43385502	74.6536151	1.86595456	5.01703317	0	100	0	0	3
221	115	0.312681098	2.17633677	24.1175229	16.018065	2.43385502	74.6536151	1.86595456	5.04131298	0	100	0	0	3
222	116	0.313638749	2.18618444	22.8027961	16.049861	2.43385502	74.6536151	1.86595456	5.06518812	0	100	0	0	3
223	116	0.314684011	2.19603212	27.1632529	16.5200179	2.74010875	74.6536151	1.86595456	5.08866864	0	100	0	0	3
224	117	0.316154842	2.2058798	25.8127536	16.4673541	2.74010875	28.8454549	1.86595456	5.11176423	0	100	0	0	3
225	118	0.317631853	2.21572748	24.1237445	16.7055541	2.74010875	28.8454549	1.86595456	5.13448428	0	100	0	0	3
226	118	0.319339988	2.22557515	21.9198474	16.656349	2.74010875	27.1632529	1.86595456	5.15683787	0	100	0	0	3
227	119	0.321125283	2.23542283	18.0120812	16.7233555	2.74010875	27.1632529	1.86595456	5.17883382	0	100	0	0	3
228	119	0.322843885	2.24527051	17.6149078	16.90002	2.74010875	27.1632529	1.86595456	5.20048061	0	100	0	0	3
229	120	0.324598094	2.25511819	14.0691476	16.7913348	2.74010875	27.1632529	1.86595456	5.22178652	0	100	0	0	3
230	120	0.326259839	2.26496586	8.06432678	16.668447	2.74010875	27.1632529	1.86595456	5.24275952	0	100	0	0	3
231	121	0.328101459	2.27481354	9.32429966	16.5472411	2.74010875	27.1632529	1.86595456	5.26340735	0	100	0	0	3
232	121	0.329997951	2.28466122	5.66150026	16.3939307	2.74010875	27.1632529	1.77000116	5.28373753	0	100	0	0	3
233	122	0.331719917	2.2945089	7.95215071	16.3936398	2.74010875	27.1632529	1.61982433	5.30375733	0	100	0	0	3
234	122	0.333647394	2.30435658	11.9379366	16.4383962	2.80595636	27.1632529	1.35937917	5.32347379	0	100	0	0	3
235	122	0.33569923	2.31420425	15.162707	16.6174466	5.66150026	27.1632529	1.16936985	5.34289376	0	100	0	0	3
236	123	0.337333676	2.32405193	15.3690483	16.7600537	5.66150026	27.1632529	1.16936985	5.36202389	0	100	0	0	3
237	123	0.339171968	2.33389961	17.7246613	16.9051942	5.66150026	27.1632529	1.17454399	5.3808706	0	100	0	0	3
238	124	0.341099465	2.34374729	18.9614922	17.0350059	5.66150026	27.1632529	1.30435571	5.39944016	0	100	0	0	3
239	124	0.343154484	2.35359496	17.7391656	17.0780409	5.66150026	27.1632529	1.34739079	5.41773863	0	100	0	0	3
240	124	0.345127136	2.36344264	17.3689624	17.0299203	5.66150026	27.1632529	1.34739079	5.4357719	0	100	0	0	3
241	125	0.347232969	2.37329032	18.4980934	16.9904577	5.66150026	27.1632529	1.34739079	5.45354571	0	100	0	0	3
242	125	0.34908229	2.383138	20.0803255	17.0652554	5.66150026	27.1632529	1.34739079	5.4710656	0	100	0	0	3
243	126	0.350496052	2.39298567	20.7103999	17.1119137	5.66150026	27.1632529	1.38126349	5.48833698	0	100	0	0	3
244	127	0.35174569	2.40283335	21.554016	17.1489764	5.66150026	27.1632529	1.41832623	5.5053651	0	100	0	0	3
245	127	0.352412796	2.41268103	24.7943666	17.1954998	5.66150026	27.1632529	1.46484963	5.52215507	0	100	0	0	3
246	128	0.353537973	2.42252871	26.7603559	17.323357	5.66150026	27.1632529	1.59270683	5.53871184	0	100	0	0	3
247	128	0.354839905	2.43237639	27.9021956	17.4677482	5.66150026	27.9021956	1.73709803	5.55504025	0	100	0	0	3
248	129	0.356016424	2.44222406	22.9766178	17.5126674	5.66150026	27.9021956	1.78201722	5.57114498	0	100	0	0	3
249	130	0.357624603	2.45207174	21.0686663	17.5071742	5.66150026	27.9021956	1.6915944	5.58703059	0	100	0	0	3
250	130	0.358962924	2.46191942	19.9391948	17.4271658	5.66150026	27.9021956	1.6915944	5.60270154	0	100	0	0	3
251	131	0.36067896	2.4717671	13.5872638	17.2629912	5.66150026	27.9021956	1.56227132	5.61816213	0	100	0	0	3
252	131	0.362591749	2.48161477	16.3335993	17.1532802	5.66150026	27.9021956	1.49724774	5.63341659	0	100	0	0	3
253	132	0.364434991	2.49146245	11.8105059	16.9800442	5.66150026	27.9021956	1.49724774	5.648469	0	100	0	0	3
254	132	0.366142474	2.50131013	12.0764554	16.8486173	5.66150026	27.9021956	1.49724774	5.66332335	0	100	0	0	3
255	133	0.367477393	2.51115781	9.39727309	16.7938623	5.66150026	27.9021956	1.49724774	5.67798353	0	100	0	0	3
256	133	0.369384535	2.52100548	9.25633854	16.6852477	5.66150026	27.9021956	1.49724774	5.69245331	0	100	0	0	3
257	134	0.371611449	2.53085316	10.8670923	16.6886231	5.66150026	27.9021956	1.49724774	5.70673639	0	100	0	0	3
258	134	0.373438257	2.54070084	15.3943929	16.8068814	5.66150026	27.9021956	1.49724774	5.72083635	0	100	0	0	3
259	134	0.375048716	2.55054852	18.3538977	17.0724526	5.66150026	27.9021956	1.49724774	5.7347567	0	100	0	0	3
260	135	0.376703442	2.5603962	19.4413478	17.2592704	5.66150026	27.9021956	1.49724774	5.74850084	0	100	0	0	3
261	135	0.378504744	2.57024387	18.965308	17.2933681	5.66150026	27.9021956	1.49724774	5.76207209	0	100	0	0	3
262	136	0.38042552	2.58009155	19.8762593	17.3979927	5.66150026	27.9021956	1.49460241	5.77547371	0	100	0	0	3
263	136	0.382494588	2.58993923	17.745233	17.3206814	5.66150026	27.9021956	1.49460241	5.78870884	0	100	0	0	3
264	137	0.384468653	2.59978691	17.2909649	17.2453943	5.66150026	27.9021956	1.49460241	5.80178058	0	100	0	0	3
265	137	0.386607297	2.60963458	17.6362548	17.2029255	5.66150026	27.9021956	1.49460241	5.81469193	0	100	0	0	3
266	137	0.388570821	2.61948226	19.8484345	17.2412093	5.66150026	27.9021956	1.49460241	5.82744582	0	100	0	0	3
267	138	0.390061639	2.62932994	20.6095493	17.2556639	5.66150026	27.9021956	1.49460241	5.84004512	0	100	0	0	3
268	139	0.391368882	2.63917762	22.1284475	17.3005975	5.66150026	27.9021956	1.49460241	5.85249262	0	100	0	0	3
269	139	0.392085213	2.64902529	23.6627312	17.315708	5.66150026	27.9021956	1.49460241	5.86479105	0	100	0	0	3
270	140	0.393124081	2.65887297	25.8190118	17.4158155	5.66150026	27.9021956	1.49460241	5.87694308	0	100	0	0	3
271	140	0.394517451	2.66872065	25.618237	17.4655284	5.66150026	27.9021956	1.49460241	5.88895128	0	100	0	0	3
272	141	0.395715121	2.67856833	26.1023689	17.5447742	5.66150026	27.9021956	1.49491322	5.90081822	0	100	0	0	3
273	141	0.397303698	2.688416	21.6949881	17.5633911	5.66150026	27.9021956	1.16975135	5.91254636	0	100	0	0	3
274	142	0.399112368	2.69826368	23.7240216	17.5765167	5.66150026	27.9021956	1.18287696	5.9239432	0	100	0	0	3
275	143	0.400806165	2.70811136	15.7819765	17.3975036	5.66150026	27.9021956	1.18287696	5.90622046	0	100	0	0	3
276	143	0.40278511	2.71795904	17.8613738	17.291615	5.66150026	27.9021956	1.18287696	5.88870143	0	100	0	0	3
277	144	0.404094952	2.72780672	10.2134968	17.08895	5.66150026	27.9021956	1.18287696	5.87079253	0	100	0	0	3
278	144	0.405977496	2.73765439	8.23624448	16.8731198	5.66150026	27.9021956	1.18287696	5.85308715	0	100	0	0	3
279	144	0.408402247	2.74750207	9.02972886	16.6359355	5.66150026	27.9021956	1.18287696	5.83558182	0	100	0	0	3
280	145	0.410069803	2.75734975	9.40870854	16.5476124	5.66150026	27.9021956	1.18287696	5.81827319	0	100	0	0	3
281	145	0.412055661	2.76719743	14.4589509	16.6635769	5.66150026	27.9021956	1.18287696	5.80115794	0	100	0	0	3
282	146	0.414141396	2.7770451	17.64839	16.8445419	5.66150026	27.9021956	1.18287696	5.78423287	0	100	0	0	3
283	146	0.415302541	2.78689278	18.4194325	17.1146004	7.95215071	27.9021956	1.18287696	5.76749481	0	100	0	0	3
284	147	0.417022737	2.79674046	20.6478087	17.3708081	8.23624448	27.9021956	1.13812055	5.75094069	0	100	0	0	3
285	147	0.418924413	2.80658814	19.9393677	17.5508836	8.23624448	27.9021956	1.0289043	5.7345281	0	100	0	0	3
286	147	0.420907758	2.81643581	18.2806306	17.6253772	8.23624448	27.9021956	1.07776476	5.71659491	0	100	0	0	3
287	148	0.422886153	2.82628349	19.427055	17.7101471	8.23624448	27.9021956	1.1625347	5.6988556	0	100	0	0	3
288	148	0.425129106	2.83613117	20.8276055	17.7911832	8.23624448	27.9021956	1.24357081	5.68130704	0	100	0	0	3
289	149	0.426729559	2.84597885	17.5320113	17.7599961	8.23624448	27.9021956	1.24357081	5.66394616	0	100	0	0	3
290	149	0.428021472	2.85582653	16.5799985	17.7425376	8.23624448	27.9021956	1.24357081	5.64676996	0	100	0	0	3
291	150	0.429633791	2.8656742	18.5379131	17.7664332	8.23624448	27.9021956	1.24357081	5.62977553	0	100	0	0	3
292	150	0.430416824	2.87552188	26.0147738	17.8255549	8.23624448	27.9021956	1.27794243	5.61295999	0	100	0	0	3
293	151	0.431055607	2.88536956	24.3269078	17.8253494	8.23624448	27.9021956	1.27794243	5.59632053	0	100	0	0	3
294	151	0.432169143	2.89521724	30.1849409	17.9439206	8.23624448	30.1849409	1.39630821	5.58115598	0	100	0	0	3
295	152	0.43345101	2.90506491	25.6026448	18.0088631	8.23624448	30.1849409	1.46125072	5.56614858	0	100	0	0	3
296	153	0.434754587	2.91491259	24.7842332	18.0611521	8.23624448	30.1849409	1.51353964	5.5512959	0	100	0	0	3
297	153	0.436062306	2.92476027	21.9406865	18.0040199	8.23624448	30.1849409	1.51353964	5.53659556	0	100	0	0	3
298	154	0.43740811	2.93460795	18.3218798	17.8531267	8.23624448	30.1849409	1.51353964	5.52204521	0	100	0	0	3
299	154	0.43869909	2.94445562	18.696676	17.7933937	8.23624448	30.1849409	1.51353964	5.50764259	0	100	0	0	3
300	155	0.440730725	2.9543033	20.2978102	17.7912379	8.23624448	30.1849409	1.51353964	5.49338544	0	100	0	0	3
301	156	0.442134199	2.96415098	10.9439169	17.6411297	8.23624448	30.1849409	1.51353964	5.47927159	0	100	0	0	3
302	156	0.443877029	2.97399866	5.06515858	17.4613034	5.06515858	30.1849409	1.51353964	5.4656253	0	100	0	0	3
303	157	0.445460755	2.98384633	5.28268825	17.2545853	5.06515858	30.1849409	1.51353964	5.45211479	0	100	0	0	3
304	157	0.447712261	2.99369401	5.17358608	17.0484582	5.06515858	30.1849409	1.51353964	5.43873805	0	100	0	0	3
305	158	0.449292851	3.00354169	9.22010538	17.0017501	5.06515858	30.1849409	1.51353964	5.4254931	0	100	0	0	3
306	158	0.451481191	3.01338937	13.6393875	17.0350029	5.06515858	30.1849409	1.51353964	5.412378	0	100	0	0	3
307	158	0.452545295	3.02323705	18.1575988	17.227757	5.06515858	30.1849409	1.51353964	5.39939086	0	100	0	0	3
308	159	0.454450422	3.03308472	19.2888285	17.4461477	5.06515858	30.1849409	1.51353964	5.3865298	0	100	0	0	3
309	159	0.45623117	3.0429324	18.2215042	17.5080959	5.06515858	30.1849409	1.51353964	5.37379301	0	100	0	0	3
310	160	0.458154174	3.05278008	18.9364492	17.5247567	5.06515858	30.1849409	1.51353964	5.36117868	0	100	0	0	3
311	160	0.460145458	3.06262776	18.0612319	17.4995516	5.06515858	30.1849409	1.51353964	5.34868507	0	100	0	0	3
312	160	0.462165698	3.07247543	18.7878438	17.4991021	5.06515858	30.1849409	1.51353964	5.33631044	0	100	0	0	3
313	161	0.464372883	3.08232311	21.5177791	17.550372	5.06515858	30.1849409	1.51353964	5.32405311	0	100	0	0	3
314	162	0.465541257	3.09217079	15.8062299	17.520979	5.06515858	30.1849409	1.51353964	5.31191141	0	100	0	0	3
315	162	0.466728286	3.10201847	17.9434409	17.5325951	5.06515858	30.1849409	1.51353964	5.29988372	0	100	0	0	3
316	163	0.468286617	3.11186614	18.2248811	17.5430888	5.06515858	30.1849409	1.51353964	5.28796844	0	100	0	0	3
317	163	0.469345783	3.12171382	22.5430684	17.5526117	5.06515858	30.1849409	1.51353964	5.27616399	0	100	0	0	3
318	164	0.47005659	3.1315615	21.6369293	17.5319332	5.06515858	30.1849409	1.51353964	5.26446885	0	100	0	0	3
319	164	0.47091587	3.14140918	24.8747384	17.5357141	5.06515858	30.1849409	1.51353964	5.2528815	0	100	0	0	3
320	165	0.472143024	3.15125686	24.9354905	17.5943179	5.06515858	30.1849409	1.51353964	5.24140045	0	100	0	0	3
321	165	0.47335965	3.16110453	22.5619792	17.5631524	5.06515858	30.1849409	1.51353964	5.23002426	0	100	0	0	3
322	166	0.474672657	3.17095221	22.1909718	17.498935	5.06515858	30.1849409	1.51353964	5.21875148	0	100	0	0	3
323	167	0.475827794	3.18079989	17.4572885	17.3697148	5.06515858	30.1849409	1.51353964	5.20758072	0	100	0	0	3
324	167	0.476825738	3.19064757	17.6350947	17.286641	5.06515858	30.1849409	1.51353964	5.19651059	0	100	0	0	3
325	168	0.478305588	3.20049524	19.5050051	17.1810733	5.06515858	30.1849409	1.51353964	5.18553975	0	100	0	0	3
326	168	0.480118485	3.21034292	17.8583557	17.2264336	5.06515858	30.1849409	1.51353964	5.17466687	0	100	0	0	3
327	169	0.481901548	3.2201906	13.0098558	17.1155219	5.06515858	30.1849409	1.51353964	5.16389063	0	100	0	0	3
328	169	0.483243678	3.23003828	13.2353033	17.1639473	5.06515858	30.1849409	1.51353964	5.15320976	0	100	0	0	3
329	170	0.484675196	3.23988595	7.02841024	17.1931425	5.06515858	30.1849409	1.51353964	5.14262299	0	100	0	0	3
330	170	0.486311673	3.24973363	5.85056651	17.2089606	5.06515858	30.1849409	1.51353964	5.13212909	0	100	0	0	3
331	170	0.488112338	3.25958131	7.18436653	17.1443345	5.06515858	30.1849409	1.39757515	5.12172683	0	100	0	0	3
332	171	0.490279884	3.26942899	11.4131776	17.0537008	5.06515858	30.1849409	1.21661015	5.11141504	0	100	0	0	3
333	171	0.492008586	3.27927667	14.7313499	16.9862139	5.06515858	30.1849409	1.07493821	5.10119252	0	100	0	0	3
334	172	0.493881361	3.28912434	15.9998501	16.9415274	5.06515858	30.1849409	1.11962471	5.09105812	0	100	0	0	3
335	172	0.495754123	3.29897202	20.0396329	16.9342429	5.06515858	30.1849409	1.1269092	5.08101072	0	100	0	0	3
336	173	0.497706909	3.3088197	18.65237	16.9042916	5.06515858	30.1849409	1.15686049	5.07104919	0	100	0	0	3
337	173	0.499780175	3.31866738	17.7921477	16.8930203	5.06515858	30.1849409	1.16813176	5.06117245	0	100	0	0	3
338	173	0.501823427	3.32851505	18.2867579	16.8655863	5.06515858	30.1849409	1.19556577	5.0513794	0	100	0	0	3
339	174	0.503770221	3.33836273	21.2252394	16.8605091	5.06515858	30.1849409	1.20064295	5.04166899	0	100	0	0	3
340	175	0.504927534	3.34821041	17.3822653	16.8544876	5.06515858	30.1849409	1.2066645	5.03204019	0	100	0	0	3
341	175	0.506355455	3.35805809	17.9343002	16.878698	5.06515858	30.1849409	1.2066645	5.02249196	0	100	0	0	3
342	176	0.508009206	3.36790576	19.0711142	16.8908259	5.06515858	30.1849409	1.2066645	5.0130233	0	100	0	0	3
343	176	0.508929894	3.37775344	21.3971165	16.8526734	5.06515858	30.1849409	1.20847862	5.00363321	0	100	0	0	3
344	177	0.509598192	3.38760112	25.2091857	16.8629892	5.06515858	30.1849409	1.20847862	4.99432073	0	100	0	0	3
345	177	0.510725164	3.3974488	27.8523534	16.8318042	5.06515858	27.8523534	1.22934785	4.9850849	0	100	0	0	3
346	178	0.512029879	3.40729647	24.8793731	16.8223454	5.06515858	27.8523534	1.23880663	4.97592477	0	100	0	0	3
347	179	0.513375171	3.41714415	22.5851968	16.7889418	5.06515858	27.8523534	1.21507809	4.96683942	0	100	0	0	3
348	179	0.515223685	3.42699183	21.1567553	16.8058304	5.06515858	27.8523534	1.06418489	4.95782793	0	100	0	0	3
349	180	0.517044639	3.43683951	18.2949246	16.8142595	5.06515858	27.8523534	1.00445197	4.94888941	0	100	0	0	3
350	180	0.51903978	3.44668719	12.5007315	16.6768913	5.06515858	27.8523534	1.11434657	4.94002297	0	100	0	0	3
351	181	0.52058386	3.45653486	15.1965148	16.5561421	5.06515858	27.8523534	1.0849876	4.93122775	0	100	0	0	3
352	181	0.522803646	3.46638254	10.0512119	16.4747861	5.06515858	27.8523534	1.11953187	4.9225029	0	100	0	0	3
353	182	0.523859981	3.47623022	8.73808872	16.6212236	5.17358608	27.8523534	1.11953187	4.91384756	0	100	0	0	3
354	182	0.526013822	3.4860779	8.60651913	16.629848	5.17358608	27.8523534	1.11953187	4.90526092	0	100	0	0	3
355	183	0.527777878	3.49592557	12.227951	16.8550215	5.85056651	27.8523534	1.11953187	4.89674215	0	100	0	0	3
356	183	0.52926138	3.50577325	15.8931753	16.9880835	5.85056651	27.8523534	1.11953187	4.88829046	0	100	0	0	3
357	184	0.531418651	3.51562093	15.2964871	17.0341051	5.85056651	27.8523534	1.11953187	4.87990506	0	100	0	0	3
358	184	0.533164301	3.52546861	18.0729946	17.0417711	5.85056651	27.8523534	1.11953187	4.87158517	0	100	0	0	3
359	184	0.534866848	3.53531628	21.490749	17.0827287	5.85056651	27.8523534	1.11953187	4.86333003	0	100	0	0	3
360	185	0.536778987	3.54516396	20.7597125	17.1448413	5.85056651	27.8523534	1.11953187	4.85513888	0	100	0	0	3
361	185	0.538737146	3.55501164	18.2170272	17.128141	5.85056651	27.8523534	1.11953187	4.84701098	0	100	0	0	3
362	186	0.540724426	3.56485932	19.4298844	17.161849	5.85056651	27.8523534	1.11953187	4.8389456	0	100	0	0	3
363	186	0.542878954	3.574707	19.1738369	17.1748578	5.85056651	27.8523534	1.11953187	4.83094203	0	100	0	0	3
364	187	0.54483388	3.58455467	19.2707239	17.1066463	5.85056651	27.8523534	1.11953187	4.82299956	0	100	0	0	3
365	187	0.546204298	3.59440235	19.5936431	17.167735	5.85056651	27.8523534	1.11953187	4.81511748	0	100	0	0	3
366	188	0.547387657	3.60425003	21.8768734	17.2254074	5.85056651	27.8523534	1.11953187	4.80729511	0	100	0	0	3
367	188	0.548212775	3.61409771	23.8023488	17.2738175	5.85056651	27.8523534	1.11953187	4.79953179	0	100	0	0	3
368	189	0.548876137	3.62394538	25.008789	17.2681603	5.85056651	27.8523534	1.11953187	4.79182683	0	100	0	0	3
369	190	0.549975496	3.63379306	27.9503108	17.3762468	5.85056651	27.9503108	1.11953187	4.78417959	0	100	0	0	3
370	190	0.551283331	3.64364074	25.6583201	17.4308496	5.85056651	27.9503108	1.11953187	4.77658942	0	100	0	0	3
371	191	0.552617809	3.65348842	23.535098	17.417636	5.85056651	27.9503108	1.08836636	4.76905568	0	100	0	0	3
372	191	0.554346118	3.66333609	21.5744419	17.4290638	5.85056651	27.9503108	1.02414897	4.76157774	0	100	0	0	3
373	192	0.555964393	3.67318377	19.9103215	17.4015449	5.85056651	27.9503108	0.956063538	4.75415499	0	100	0	0	3
374	192	0.556891146	3.68303145	23.7542473	17.4733776	5.85056651	27.9503108	0.99859151	4.74678683	0	100	0	0	3
375	193	0.558314867	3.69287913	20.1911748	17.5188806	5.85056651	27.9503108	1.04409452	4.73947264	0	100	0	0	3
376	193	0.559406181	3.70272681	13.1952596	17.4244597	5.85056651	27.9503108	1.04409452	4.73221184	0	100	0	0	3
377	194	0.560885991	3.71257448	14.420349	17.3596796	5.85056651	27.9503108	1.04409452	4.72500384	0	100	0	0	3
378	194	0.562675209	3.72242216	8.68077578	17.2634546	5.85056651	27.9503108	1.04409452	4.71784808	0	100	0	0	3
379	195	0.564477693	3.73226984	7.04983522	17.1033791	5.85056651	27.9503108	1.04409452	4.71074398	0	100	0	0	3
380	195	0.565844015	3.74211752	5.4452081	17.0848213	5.4452081	27.9503108	1.04409452	4.70369099	0	100	0	0	3
381	196	0.567725496	3.75196519	7.67939343	17.0932776	5.4452081	27.9503108	1.04409452	4.69668856	0	100	0	0	3
382	196	0.569845137	3.76181287	13.9298264	17.2295417	5.4452081	27.9503108	1.04409452	4.68973615	0	100	0	0	3
383	196	0.571492042	3.77166055	17.5289443	17.3908516	5.4452081	27.9503108	1.04409452	4.68283322	0	100	0	0	3
384	197	0.573041067	3.78150823	17.4756047	17.4492081	5.4452081	27.9503108	1.04409452	4.67597925	0	100	0	0	3
385	197	0.574782054	3.7913559	16.9921897	17.4729243	5.4452081	27.9503108	1.04409452	4.66917372	0	100	0	0	3
386	198	0.576691717	3.80120358	18.7751063	17.4442589	5.4452081	27.9503108	1.04409452	4.66241611	0	100	0	0	3
387	198	0.578715922	3.81105126	17.09966	17.4065258	5.4452081	27.9503108	1.04409452	4.65570593	0	100	0	0	3
388	198	0.580626003	3.82089894	16.7865717	17.3819895	5.4452081	27.9503108	1.04409452	4.64904267	0	100	0	0	3
389	199	0.582295228	3.83074661	19.2735481	17.3982532	5.4452081	27.9503108	1.04409452	4.64242584	0	100	0	0	3
390	199	0.583747844	3.84059429	18.8290893	17.3310856	5.4452081	27.9503108	1.04409452	4.63585496	0	100	0	0	3
391	200	0.585452006	3.85044197	19.004494	17.3657649	5.4452081	27.9503108	1.04409452	4.62932956	0	100	0	0	3
392	201	0.586855459	3.86028965	19.6281672	17.3951233	5.4452081	27.9503108	1.04409452	4.62284916	0	100	0	0	3
393	201	0.587612397	3.87013733	23.3525253	17.416953	5.4452081	27.9503108	1.04409452	4.6164133	0	100	0	0	3
394	202	0.588270516	3.879985	26.1949546	17.4435785	5.4452081	27.9503108	1.04409452	4.61002151	0	100	0	0	3
395	202	0.589368056	3.88983268	26.7075248	17.5059806	5.4452081	27.9503108	1.04409452	4.60367336	0	100	0	0	3
396	203	0.590781832	3.89968036	27.4851194	17.5365614	5.4452081	27.9503108	1.06177533	4.59653629	0	100	0	0	3
397	204	0.591879544	3.90952804	21.7080867	17.4739293	5.4452081	27.9503108	1.06177533	4.58944761	0	100	0	0	3
398	204	0.59331238	3.91937571	19.5307367	17.4247773	5.4452081	27.9503108	1.06177533	4.58240683	0	100	0	0	3
399	204	0.594906594	3.92922339	20.8683423	17.4070968	5.4452081	27.9503108	1.06177533	4.57541345	0	100	0	0	3
400	205	0.596179005	3.93907107	14.4206793	17.3386481	5.4452081	27.9503108	1.06177533	4.56846701	0	100	0	0	3
401	206	0.597157935	3.94891875	16.8300351	17.455835	5.4452081	27.9503108	1.06177533	4.56156704	0	100	0	0	3
402	207	0.598820539	3.95876642	20.536217	17.5658861	5.4452081	27.9503108	1.09109998	4.55825304	0	100	0	0	3
403	207	0.600160093	3.9686141	10.4057804	17.6575348	5.4452081	27.9503108	1.0363112	4.55825304	0	100	0	0	3
404	208	0.601285238	3.97846178	7.32881243	17.6291282	5.4452081	27.9503108	1.02768673	4.55825304	0	100	0	0	3
405	208	0.603094685	3.98830946	2.65671587	17.5297713	2.65671587	27.9503108	0.802513206	4.55825304	0	100	0	0	3
406	209	0.604707967	3.99815714	4.94938238	17.3875251	2.65671587	27.9503108	0.669451288	4.55825304	0	100	0	0	3
407	209	0.606654908	4.00800481	5.11108326	17.1073385	2.65671587	27.9503108	0.623429631	4.55825304	0	100	0	0	3
408	209	0.608861102	4.01785249	11.6310122	17.0017717	2.65671587	27.9503108	0.655763011	4.55825304	0	100	0	0	3
409	210	0.611238666	4.02770017	13.5300085	16.8720964	2.65671587	27.9503108	0.785438329	4.55825304	0	100	0	0	3
410	210	0.612855525	4.03754785	14.7552623	16.7273819	2.65671587	27.9503108	0.930152829	4.55825304	0	100	0	0	3
411	211	0.614771042	4.04739552	17.3328984	16.6433926	2.65671587	27.9503108	1.01414216	4.55825304	0	100	0	0	3
412	211	0.616585495	4.0572432	16.7049956	16.605246	2.65671587	27.9503108	1.05228877	4.55825304	0	100	0	0	3
413	211	0.61849571	4.06709088	17.0159767	16.5431567	2.65671587	27.9503108	1.11437806	4.55825304	0	100	0	0	3
414	212	0.620469742	4.07693856	18.1863339	16.5119134	2.65671587	27.9503108	1.14562135	4.55825304	0	100	0	0	3
415	212	0.622055074	4.08678623	19.5232587	16.5038938	2.65671587	27.9503108	1.15364098	4.55825304	0	100	0	0	3
416	213	0.623384729	4.09663391	19.0761516	16.4933466	2.65671587	27.9503108	1.16418813	4.55825304	0	100	0	0	3
417	213	0.624819141	4.10648159	19.3702207	16.4643658	2.65671587	27.9503108	1.19316892	4.55825304	0	100	0	0	3
418	214	0.626033785	4.11632927	20.5833097	16.4508522	2.65671587	27.9503108	1.20668259	4.55825304	0	100	0	0	3
419	215	0.626819695	4.12617695	23.1694132	16.4457609	2.65671587	27.9503108	1.21177381	4.55825304	0	100	0	0	3
420	215	0.627481527	4.13602462	23.7196272	16.3446908	2.65671587	27.4851194	1.3128439	4.55825304	0	100	0	0	3
421	216	0.628599946	4.1458723	28.9249911	16.3691272	2.65671587	28.9249911	1.3128439	4.55825304	0	100	0	0	3
422	216	0.629885655	4.15571998	24.8643395	16.3867225	2.65671587	28.9249911	1.3128439	4.55825304	0	100	0	0	3
423	217	0.631234495	4.16556766	23.1554097	16.388854	2.65671587	28.9249911	1.3128439	4.55825304	0	100	0	0	3
424	218	0.632783703	4.17541533	22.2277505	16.4324234	2.65671587	28.9249911	1.3128439	4.55825304	0	100	0	0	3
425	218	0.634230349	4.18526301	18.9388075	16.3915686	2.65671587	28.9249911	1.3128439	4.55825304	0	100	0	0	3
426	219	0.636132068	4.19511069	15.966871	16.3116733	2.65671587	28.9249911	1.3458615	4.55825304	0	100	0	0	3
427	219	0.638151604	4.20495837	14.391685	16.3056221	2.65671587	28.9249911	1.35191264	4.55825304	0	100	0	0	3
428	220	0.639353085	4.21480604	11.2169351	16.2632589	2.65671587	28.9249911	1.39427582	4.55825304	0	100	0	0	3
429	220	0.641248897	4.22465372	8.29056893	16.2435577	2.65671587	28.9249911	1.41397703	4.55825304	0	100	0	0	3
430	221	0.643237441	4.2345014	7.26493481	16.2272695	2.65671587	28.9249911	1.43026528	4.55825304	0	100	0	0	3
431	221	0.645537755	4.24434908	9.50991019	16.2182315	2.65671587	28.9249911	1.43930326	4.55825304	0	100	0	0	3
432	221	0.646811845	4.25419675	13.9095536	16.3841792	2.65671587	28.9249911	1.43930326	4.55825304	0	100	0	0	3
433	222	0.648773349	4.26404443	14.5652894	16.4048891	2.65671587	28.9249911	1.43930326	4.55825304	0	100	0	0	3
434	222	0.650513107	4.27389211	18.4455286	16.4263898	2.65671587	28.9249911	1.43930326	4.55825304	0	100	0	0	3
435	223	0.652261056	4.28373979	21.1010007	16.5090169	2.65671587	28.9249911	1.43930326	4.55825304	0	100	0	0	3
436	223	0.654098208	4.29358747	20.755374	16.5967671	2.65671587	28.9249911	1.43930326	4.55825304	0	100	0	0	3
437	224	0.655998069	4.30343514	19.3279161	16.6097409	2.65671587	28.9249911	1.43930326	4.55825304	0	100	0	0	3
438	224	0.658008674	4.31328282	18.1762945	16.6369568	2.65671587	28.9249911	1.43930326	4.55825304	0	100	0	0	3
439	224	0.660129115	4.3231305	19.3621497	16.7060464	2.65671587	28.9249911	1.43930326	4.55825304	0	100	0	0	3
440	225	0.661847929	4.33297818	17.935948	16.6787467	2.65671587	28.9249911	1.43930326	4.55825304	0	100	0	0	3
441	225	0.663698441	4.34282585	17.7685086	16.6649006	2.65671587	28.9249911	1.43930326	4.55825304	0	100	0	0	3
442	226	0.665346089	4.35267353	19.8755418	16.6812092	2.65671587	28.9249911	1.43930326	4.55825304	0	100	0	0	3
443	227	0.66607423	4.36252121	24.7768981	16.703412	2.65671587	28.9249911	1.43930326	4.55825304	0	100	0	0	3
444	227	0.666806525	4.37236889	24.8175112	16.7148895	2.65671587	28.9249911	1.43930326	4.55825304	0	100	0	0	3
445	228	0.667907234	4.38221656	26.5773821	16.7728618	2.65671587	28.9249911	1.43930326	4.55825304	0	100	0	0	3
446	228	0.669280957	4.39206424	25.9702824	16.7945231	2.65671587	28.9249911	1.43930326	4.55825304	0	100	0	0	3
447	229	0.670730553	4.40191192	23.1050382	16.7198951	2.65671587	28.9249911	1.43930326	4.55825304	0	100	0	0	3
448	230	0.672505931	4.4117596	22.208202	16.7728334	2.65671587	28.9249911	1.43930326	4.55825304	0	100	0	0	3
449	230	0.674335224	4.42160728	20.4295846	16.806622	2.65671587	28.9249911	1.43930326	4.55825304	0	100	0	0	3
450	231	0.676383731	4.43145495	15.5777973	16.6962535	2.65671587	28.9249911	1.43930326	4.55825304	0	100	0	0	3
451	231	0.678174127	4.44130263	16.4058769	16.7252257	2.65671587	28.9249911	1.43930326	4.55825304	0	100	0	0	3
452	232	0.679800424	4.45115031	14.9351516	16.6887578	2.65671587	28.9249911	1.43930326	4.55825304	0	100	0	0	3
453	232	0.681065184	4.46099799	8.94172861	16.4918461	2.65671587	28.9249911	1.43930326	4.55825304	0	100	0	0	3
454	233	0.682732276	4.47084566	3.91393549	16.3366375	2.65671587	28.9249911	1.41089669	4.55825304	0	100	0	0	3
455	233	0.684437962	4.48069334	6.81400362	16.2631881	2.65671587	28.9249911	1.31153979	4.55825304	0	100	0	0	3
456	234	0.686695925	4.49054102	13.6824632	16.4879815	3.91393549	28.9249911	1.16929363	4.55825304	0	100	0	0	3
457	234	0.687950809	4.5003887	17.1142849	16.721046	3.91393549	28.9249911	0.889106962	4.55825304	0	100	0	0	3
458	234	0.690116178	4.51023637	18.0463852	17.0262626	3.91393549	28.9249911	0.808031063	4.55825304	0	100	0	0	3
459	235	0.692539215	4.52008405	17.6044918	17.1852533	3.91393549	28.9249911	0.967021786	4.55825304	0	100	0	0	3
460	235	0.69459718	4.52993173	21.0367448	17.3845948	3.91393549	28.9249911	1.16636329	4.55825304	0	100	0	0	3
461	236	0.696653306	4.53977941	18.5777287	17.4646028	3.91393549	28.9249911	1.24637129	4.55825304	0	100	0	0	3
462	236	0.698681006	4.54962709	18.116444	17.4833612	3.91393549	28.9249911	1.26512973	4.55825304	0	100	0	0	3
463	237	0.700809336	4.55947476	18.3545232	17.5221439	3.91393549	28.9249911	1.30391244	4.55825304	0	100	0	0	3
464	237	0.702791209	4.56932244	18.9785658	17.5678561	3.91393549	28.9249911	1.34962462	4.55825304	0	100	0	0	3
465	238	0.70433979	4.57917012	22.851557	17.6508576	3.91393549	28.9249911	1.43262615	4.55825304	0	100	0	0	3
466	238	0.705199831	4.5890178	23.9180854	17.6799839	3.91393549	28.9249911	1.46175245	4.55825304	0	100	0	0	3
467	239	0.706167335	4.59886547	21.8671558	17.7064953	3.91393549	28.9249911	1.48826386	4.55825304	0	100	0	0	3
468	239	0.707256086	4.60871315	28.8700176	17.8249837	3.91393549	28.9249911	1.60675223	4.55825304	0	100	0	0	3
469	240	0.708598551	4.61856083	26.8226618	17.930703	3.91393549	28.9249911	1.71247148	4.55825304	0	100	0	0	3
470	240	0.710061275	4.62840851	22.0846836	17.9542365	3.91393549	28.9249911	1.73600504	4.55825304	0	100	0	0	3
471	241	0.711770514	4.63825618	22.6597667	18.0043873	3.91393549	28.9249911	1.78615578	4.55825304	0	100	0	0	3
472	242	0.713539249	4.64810386	21.3574304	17.930415	3.91393549	28.8700176	1.78615578	4.55825304	0	100	0	0	3
473	242	0.715292962	4.65795154	13.7698338	17.7406013	3.91393549	28.8700176	1.78615578	4.55825304	0	100	0	0	3
474	242	0.717242224	4.66779922	18.8351683	17.6804891	3.91393549	28.8700176	1.78615578	4.55825304	0	100	0	0	3
475	243	0.718727099	4.67764689	10.3744554	17.4722915	3.91393549	28.8700176	1.78615578	4.55825304	0	100	0	0	3
476	243	0.720511307	4.68749457	5.86448148	17.2076645	3.91393549	28.8700176	1.78615578	4.55825304	0	100	0	0	3
477	244	0.722462549	4.69734225	7.07258035	17.0059239	3.91393549	28.8700176	1.78615578	4.55825304	0	100	0	0	3
478	244	0.724473438	4.70718993	8.19267254	16.8617783	3.91393549	28.8700176	1.78615578	4.55825304	0	100	0	0	3
479	245	0.72605085	4.71703761	15.7437393	16.919664	3.91393549	28.8700176	1.78615578	4.55825304	0	100	0	0	3
480	245	0.728486314	4.72688528	15.0853057	17.0559773	3.91393549	28.8700176	1.78615578	4.55825304	0	100	0	0	3
481	246	0.729583864	4.73673296	17.0435404	17.2813054	3.91393549	28.8700176	1.78615578	4.55825304	0	100	0	0	3
482	246	0.731505739	4.74658064	19.1019808	17.5299533	3.91393549	28.8700176	1.74119919	4.55825304	0	100	0	0	3
483	246	0.733585871	4.75642832	18.5335915	17.6071701	3.91393549	28.8700176	1.74119919	4.55825304	0	100	0	0	3
484	247	0.735787486	4.76627599	18.0840491	17.6878072	3.91393549	28.8700176	1.74119919	4.55825304	0	100	0	0	3
485	247	0.737829287	4.77612367	18.5741089	17.693435	3.91393549	28.8700176	1.74119919	4.55825304	0	100	0	0	3
486	248	0.739990463	4.78597135	18.1265397	17.6362109	3.91393549	28.8700176	1.74119919	4.55825304	0	100	0	0	3
487	248	0.74198243	4.79581903	18.584455	17.5924999	3.91393549	28.8700176	1.74119919	4.55825304	0	100	0	0	3
488	249	0.743523956	4.8056667	21.7107621	17.6273623	3.91393549	28.8700176	1.74119919	4.55825304	0	100	0	0	3
489	250	0.744583707	4.81551438	22.6995735	17.6767021	3.91393549	28.8700176	1.74119919	4.55825304	0	100	0	0	3
490	250	0.745317236	4.82536206	23.9825879	17.6890472	3.91393549	28.8700176	1.74119919	4.55825304	0	100	0	0	3
491	251	0.746507534	4.83520974	26.0898399	17.802148	3.91393549	28.8700176	1.74119919	4.55825304	0	100	0	0	3
492	251	0.747775012	4.84505742	27.5223147	17.9494227	3.91393549	28.8700176	1.74119919	4.55825304	0	100	0	0	3
493	252	0.748595662	4.85490509	24.8979527	17.9797982	3.91393549	28.8700176	1.74119919	4.55825304	0	100	0	0	3
494	252	0.750029533	4.86475277	23.0873728	18.0080794	3.91393549	28.8700176	1.74489132	4.55825304	0	100	0	0	3
495	253	0.751494853	4.87460045	21.0324055	18.0015271	3.91393549	28.8700176	1.74489132	4.55825304	0	100	0	0	3
496	253	0.7524282	4.88444813	17.7788789	17.8873858	3.91393549	28.8700176	1.74489132	4.55825304	0	100	0	0	3
497	254	0.754736934	4.8942958	16.543063	17.7211324	3.91393549	28.8700176	1.74489132	4.55825304	0	100	0	0	3
498	254	0.756031656	4.90414348	18.7450045	17.6451796	3.91393549	28.8700176	1.74489132	4.55825304	0	100	0	0	3
499	255	0.757933268	4.91399116	12.818074	17.442898	3.91393549	28.8700176	1.74489132	4.55825304	0	100	0	0	3
500	255	0.759317262	4.92383884	7.92525513	17.223606	3.91393549	28.8700176	1.74489132	4.55825304	0	100	0	0	3
501	256	0.761313711	4.93368651	3.67861662	16.9449008	3.67861662	28.8700176	1.74489132	4.55825304	0	100	0	0	3
502	257	0.762732399	4.94353419	6.22041515	16.7763823	3.67861662	28.8700176	1.74489132	4.55825304	0	100	0	0	3
503	257	0.764475094	4.95338187	9.33182894	16.6585289	3.67861662	28.8700176	1.74489132	4.55825304	0	100	0	0	3
504	258	0.766472543	4.96322955	13.4202648	16.6970693	3.67861662	28.8700176	1.74489132	4.55825304	0	100	0	0	3
505	258	0.76843684	4.97307722	19.6054453	17.01238	3.67861662	28.8700176	1.74489132	4.55825304	0	100	0	0	3
506	259	0.770432351	4.9829249	17.5046936	17.2260875	3.67861662	28.8700176	1.52009792	4.55825304	0	100	0	0	3
507	259	0.77245416	4.99277258	17.460914	17.3249252	3.67861662	28.8700176	1.34955051	4.55825304	0	100	0	0	3
508	259	0.774487366	5.00262026	17.2271984	17.3256836	3.67861662	28.8700176	1.34955051	4.55825304	0	100	0	0	3
509	260	0.776521089	5.01246794	17.2382577	17.3055646	3.67861662	28.8700176	1.34955051	4.55825304	0	100	0	0	3
510	260	0.778608838	5.02231561	19.0510782	17.3394892	3.67861662	28.8700176	1.34955051	4.55825304	0	100	0	0	3
511	261	0.780204085	5.03216329	18.8690509	17.279111	3.67861662	28.8700176	1.34955051	4.55825304	0	100	0	0	3
512	261	0.78181453	5.04201097	17.5533228	17.2529428	3.67861662	28.8700176	1.34955051	4.55825304	0	100	0	0	3
513	262	0.783407624	5.05185865	19.0796071	17.2666235	3.67861662	28.8700176	1.34955051	4.55825304	0	100	0	0	3
514	262	0.784120483	5.06170632	24.6391349	17.3019148	3.67861662	28.8700176	1.34955051	4.55825304	0	100	0	0	3
515	263	0.784816112	5.071554	25.750271	17.3330518	3.67861662	28.8700176	1.34955051	4.55825304	0	100	0	0	3
516	263	0.785980921	5.08140168	26.1784324	17.3545769	3.67861662	28.8700176	1.34955051	4.55825304	0	100	0	0	3
517	264	0.787291802	5.09124936	27.6991735	17.4510009	3.67861662	28.8700176	1.34955051	4.55825304	0	100	0	0	3
518	265	0.788491535	5.10109703	22.7066807	17.4756931	3.67861662	28.8700176	1.34955051	4.55825304	0	100	0	0	3
519	265	0.790238216	5.11094471	19.8908564	17.3770327	3.67861662	27.6991735	1.34955051	4.55825304	0	100	0	0	3
520	265	0.791832653	5.12079239	21.3232432	17.3002799	3.67861662	27.6991735	1.34955051	4.55825304	0	100	0	0	3
521	266	0.793607688	5.13064007	14.5522133	17.1581293	3.67861662	27.6991735	1.34955051	4.55825304	0	100	0	0	3
522	267	0.795517109	5.14048775	19.1099803	17.0903449	3.67861662	27.6991735	1.34955051	4.55825304	0	100	0	0	3
523	267	0.796880718	5.15033542	10.3253238	16.8890984	3.67861662	27.6991735	1.34955051	4.55825304	0	100	0	0	3
524	268	0.798776321	5.1601831	8.28480582	16.7592517	3.67861662	27.6991735	1.34955051	4.55825304	0	100	0	0	3
525	268	0.800855109	5.17003078	9.34174809	16.5264417	3.67861662	27.6991735	1.4816377	4.55825304	0	100	0	0	3
526	269	0.802056601	5.17987846	9.36758047	16.5328454	3.67861662	27.6991735	1.4816377	4.55825304	0	100	0	0	3
527	269	0.803756714	5.18972613	10.7391485	16.6431775	3.67861662	27.6991735	1.4816377	4.55825304	0	100	0	0	3
528	269	0.805604064	5.19957381	15.6806224	16.8464018	3.67861662	27.6991735	1.4816377	4.55825304	0	100	0	0	3
529	270	0.807139072	5.20942149	19.4598813	17.105438	3.67861662	27.6991735	1.4816377	4.55825304	0	100	0	0	3
530	270	0.808800588	5.21926917	18.1340354	17.1520483	3.67861662	27.6991735	1.4816377	4.55825304	0	100	0	0	3
531	271	0.810528887	5.22911684	19.3470883	17.2596408	3.67861662	27.6991735	1.4816377	4.55825304	0	100	0	0	3
532	271	0.812371011	5.23896452	20.8400289	17.3421741	3.67861662	27.6991735	1.4816377	4.55825304	0	100	0	0	3
533	271	0.814398297	5.2488122	18.3111967	17.325072	3.67861662	27.6991735	1.4816377	4.55825304	0	100	0	0	3
534	272	0.8163707	5.25865988	17.5293879	17.2995735	3.67861662	27.6991735	1.4816377	4.55825304	0	100	0	0	3
535	272	0.818531732	5.26850756	18.3737049	17.3067537	3.67861662	27.6991735	1.4816377	4.55825304	0	100	0	0	3
536	273	0.820516922	5.27835523	18.8686886	17.3129584	3.67861662	27.6991735	1.4816377	4.55825304	0	100	0	0	3
537	274	0.822100754	5.28820291	20.2098179	17.3474223	3.67861662	27.6991735	1.4816377	4.55825304	0	100	0	0	3
538	274	0.822988258	5.29805059	22.2407812	17.3706151	3.67861662	27.6991735	1.4816377	4.55825304	0	100	0	0	3
539	275	0.823633121	5.30789827	24.3225706	17.3430603	3.67861662	27.6991735	1.4816377	4.55825304	0	100	0	0	3
540	275	0.824763669	5.31774594	26.9346952	17.4075057	3.67861662	27.6991735	1.4816377	4.55825304	0	100	0	0	3
541	276	0.826063854	5.32759362	27.7654075	17.5145588	3.67861662	27.7654075	1.4816377	4.55825304	0	100	0	0	3
542	277	0.826936533	5.3374413	21.7168658	17.4332465	3.67861662	27.7654075	1.4816377	4.55825304	0	100	0	0	3
543	277	0.828431491	5.34728898	19.6400337	17.3156041	3.67861662	27.7654075	1.4816377	4.55825304	0	100	0	0	3
544	278	0.829982653	5.35713665	21.1041443	17.311355	3.67861662	27.7654075	1.4816377	4.55825304	0	100	0	0	3
545	278	0.831305717	5.36698433	15.1209786	17.1737985	3.67861662	27.7654075	1.47508535	4.55825304	0	100	0	0	3
546	279	0.833219486	5.37683201	12.4681024	16.9944192	3.67861662	27.7654075	1.36094408	4.55825304	0	100	0	0	3
547	279	0.834490823	5.38667969	14.4220501	16.9456452	3.67861662	27.7654075	1.19469069	4.55825304	0	100	0	0	3
548	280	0.836334066	5.39652736	13.0217236	16.8683963	3.67861662	27.7654075	1.1187379	4.55825304	0	100	0	0	3
549	280	0.837538381	5.40637504	10.9761034	16.7515242	3.67861662	27.7654075	0.988117116	4.55825304	0	100	0	0	3
550	280	0.838684415	5.41622272	7.60362362	16.7143247	3.67861662	27.7654075	0.988117116	4.55825304	0	100	0	0	3
551	281	0.840393113	5.4260704	6.14282734	16.6415597	3.67861662	27.7654075	0.988117116	4.55825304	0	100	0	0	3
552	281	0.842219379	5.43591808	8.36511514	16.7746142	6.14282734	27.7654075	0.988117116	4.55825304	0	100	0	0	3
553	282	0.843860219	5.44576575	14.7216748	16.9176548	6.14282734	27.7654075	0.988117116	4.55825304	0	100	0	0	3
554	282	0.845817611	5.45561343	15.4062053	17.0438039	6.14282734	27.7654075	0.988117116	4.55825304	0	100	0	0	3
555	283	0.847507411	5.46546111	21.536433	17.2268051	6.14282734	27.7654075	0.988117116	4.55825304	0	100	0	0	3
556	283	0.849762448	5.47530879	19.4775461	17.2317623	6.14282734	27.7654075	0.988117116	4.55825304	0	100	0	0	3
557	283	0.851584899	5.48515646	19.5364014	17.2768066	6.14282734	27.7654075	0.988117116	4.55825304	0	100	0	0	3
558	284	0.853621273	5.49500414	18.1580272	17.2943292	6.14282734	27.7654075	0.988117116	4.55825304	0	100	0	0	3
559	284	0.855644177	5.50485182	18.3726107	17.3228881	6.14282734	27.7654075	0.988117116	4.55825304	0	100	0	0	3
560	285	0.85785618	5.5146995	17.7666183	17.337072	6.14282734	27.7654075	0.988117116	4.55825304	0	100	0	0	3
561	285	0.859926666	5.52454717	18.3046269	17.3177023	6.14282734	27.7654075	0.988117116	4.55825304	0	100	0	0	3
562	286	0.861598197	5.53439485	19.2200229	17.3263639	6.14282734	27.7654075	0.988117116	4.55825304	0	100	0	0	3
563	286	0.862380917	5.54424253	26.7800506	17.4136718	6.14282734	27.7654075	0.988117116	4.55825304	0	100	0	0	3
564	287	0.863053273	5.55409021	23.4695722	17.4314723	6.14282734	27.7654075	0.988117116	4.55825304	0	100	0	0	3
565	288	0.864200278	5.56393789	28.4057763	17.5244985	6.14282734	28.4057763	0.998056839	4.55825304	0	100	0	0	3
566	288	0.865439918	5.57378556	30.1069151	17.6469883	6.14282734	30.1069151	1.12054656	4.55825304	0	100	0	0	3
567	289	0.866474417	5.58363324	21.8239868	17.5772136	6.14282734	30.1069151	1.12054656	4.55825304	0	100	0	0	3
568	289	0.86798622	5.59348092	20.5391373	17.4682738	6.14282734	30.1069151	1.12054656	4.55825304	0	100	0	0	3
569	290	0.869572468	5.6033286	16.1526584	17.3650241	6.14282734	30.1069151	1.12054656	4.55825304	0	100	0	0	3
570	291	0.87007781	5.61317627	19.488104	17.3232035	6.14282734	30.1069151	1.12054656	4.55825304	0	100	0	0	3
571	291	0.870919815	5.62302395	14.4584495	17.212061	6.14282734	30.1069151	1.12054656	4.55825304	0	100	0	0	3
572	292	0.87237456	5.63287163	18.9805834	17.3046643	6.14282734	30.1069151	1.12054656	4.55825304	0	100	0	0	3
573	292	0.874152317	5.64271931	11.2781304	17.1245818	6.14282734	30.1069151	1.12054656	4.55825304	0	100	0	0	3
574	293	0.875043492	5.65256698	15.8220265	17.2283488	6.14282734	30.1069151	1.12054656	4.55825304	0	100	0	0	3
575	293	0.875839957	5.66241466	8.31975381	17.3562694	6.14282734	30.1069151	1.12054656	4.55825304	0	100	0	0	3
576	294	0.877752854	5.67226234	6.397343	17.3003145	6.14282734	30.1069151	1.11414289	4.55825304	0	100	0	0	3
577	294	0.879486637	5.68211002	3.60758835	17.1168057	3.60758835	30.1069151	1.00542857	4.55825304	0	100	0	0	3
578	295	0.88084569	5.6919577	7.95539567	17.0959453	3.60758835	30.1069151	1.00542857	4.55825304	0	100	0	0	3
579	295	0.882820423	5.70180537	11.0477238	16.9751286	3.60758835	30.1069151	1.00542857	4.55825304	0	100	0	0	3
580	295	0.884264133	5.71165305	14.4007114	16.8774842	3.60758835	30.1069151	1.00542857	4.55825304	0	100	0	0	3
581	296	0.886300307	5.72150073	14.5721377	16.789976	3.60758835	30.1069151	1.00542857	4.55825304	0	100	0	0	3
582	296	0.888030296	5.73134841	17.0820095	16.7394706	3.60758835	30.1069151	1.00542857	4.55825304	0	100	0	0	3
583	297	0.889886051	5.74119608	18.2313805	16.6777391	3.60758835	30.1069151	1.00542857	4.55825304	0	100	0	0	3
584	297	0.891780644	5.75104376	16.9305828	16.6411358	3.60758835	30.1069151	1.00585247	4.55825304	0	100	0	0	3
585	298	0.893787586	5.76089144	16.9874138	16.627482	3.60758835	30.1069151	1.01950623	4.55825304	0	100	0	0	3
586	298	0.895965965	5.77073912	20.0390745	16.6747234	3.60758835	30.1069151	1.01950623	4.55825304	0	100	0	0	3
587	299	0.897840527	5.78058679	16.4228053	16.6122887	3.60758835	30.1069151	1.03469956	4.55825304	0	100	0	0	3
588	299	0.899259151	5.79043447	15.3093801	16.5144871	3.60758835	30.1069151	1.13250119	4.55825304	0	100	0	0	3
589	300	0.900885083	5.80028215	18.903011	16.4991009	3.60758835	30.1069151	1.14788732	4.55825304	0	100	0	0	3
590	300	0.901661073	5.81012983	26.1968467	16.5308881	3.60758835	30.1069151	1.14788732	4.55825304	0	100	0	0	3
591	301	0.902306055	5.8199775	26.3404531	16.4607973	3.60758835	30.1069151	1.18619093	4.55825304	0	100	0	0	3
592	301	0.903499719	5.82982518	31.3696904	16.5008062	3.60758835	31.3696904	1.18619093	4.55825304	0	100	0	0	3
593	302	0.904744062	5.83967286	24.2075216	16.5655538	3.60758835	31.3696904	1.18619093	4.55825304	0	100	0	0	3
594	303	0.906218662	5.84952054	21.1653192	16.5936638	3.60758835	31.3696904	1.18619093	4.55825304	0	100	0	0	3
595	303	0.907706385	5.85936822	20.2439223	16.5735166	3.60758835	31.3696904	1.18619093	4.55825304	0	100	0	0	3
596	304	0.90950854	5.86921589	18.7195568	16.6475459	3.60758835	31.3696904	1.18619093	4.55825304	0	100	0	0	3
597	304	0.911002423	5.87906357	16.9168367	16.7555487	3.60758835	31.3696904	1.18619093	4.55825304	0	100	0	0	3
598	305	0.912982045	5.88891125	17.578891	16.8141103	3.60758835	31.3696904	1.18619093	4.55825304	0	100	0	0	3
599	305	0.914799215	5.89875893	12.4836663	16.8029096	3.60758835	31.3696904	1.18619093	4.55825304	0	100	0	0	3
600	306	0.916659089	5.9086066	8.78309659	16.7030807	3.60758835	31.3696904	1.18619093	4.55825304	0	100	0	0	3
601	307	0.918565062	5.91845428	6.95107855	16.6009438	3.60758835	31.3696904	1.18619093	4.55825304	0	100	0	0	3
602	307	0.920599424	5.92830196	8.69849721	16.6233027	3.60758835	31.3696904	1.18619093	4.55825304	0	100	0	0	3
603	308	0.922127053	5.93814964	15.4119024	16.7888823	3.60758835	31.3696904	1.18619093	4.55825304	0	100	0	0	3
604	308	0.924156594	5.94799731	16.4949901	16.8236969	3.60758835	31.3696904	1.18619093	4.55825304	0	100	0	0	3
605	308	0.925725862	5.95784499	19.0169249	16.9014905	3.60758835	31.3696904	1.18619093	4.55825304	0	100	0	0	3
606	309	0.927400011	5.96769267	21.3735319	16.8971689	3.60758835	31.3696904	1.18619093	4.55825304	0	100	0	0	3
607	309	0.92924303	5.97754035	20.4569918	16.9065042	3.60758835	31.3696904	1.18619093	4.55825304	0	100	0	0	3
608	310	0.931160961	5.98738803	18.1800663	16.8769695	3.60758835	31.3696904	1.18619093	4.55825304	0	100	0	0	3
609	310	0.93319824	5.9972357	18.5524733	16.8870824	3.60758835	31.3696904	1.18619093	4.55825304	0	100	0	0	3
610	311	0.935416354	6.00708338	20.7341596	16.956382	3.60758835	31.3696904	1.18619093	4.55825304	0	100	0	0	3
611	311	0.936914146	6.01693106	15.9726462	16.9150746	3.60758835	31.3696904	1.18619093	4.55825304	0	100	0	0	3
612	312	0.938254499	6.02677874	16.6511723	16.8738278	3.60758835	31.3696904	1.18619093	4.55825304	0	100	0	0	3
613	312	0.939875868	6.03662641	19.0769314	16.8693604	3.60758835	31.3696904	1.18619093	4.55825304	0	100	0	0	3
614	313	0.9409435	6.04647409	22.3544906	16.8451607	3.60758835	31.3696904	1.18619093	4.55825304	0	100	0	0	3
615	313	0.941649642	6.05632177	25.463476	16.8659223	3.60758835	31.3696904	1.18619093	4.55825304	0	100	0	0	3
616	314	0.942760374	6.06616945	28.1329093	16.8567363	3.60758835	31.3696904	1.18619093	4.55825304	0	100	0	0	3
617	315	0.944044219	6.07601712	25.4980208	16.7889106	3.60758835	31.3696904	1.11641628	4.55825304	0	100	0	0	3
618	315	0.945305637	6.0858648	22.793495	16.8189179	3.60758835	31.3696904	1.00747651	4.55825304	0	100	0	0	3
619	316	0.947113798	6.09571248	22.3708672	16.8747085	3.60758835	31.3696904	0.904226774	4.55825304	0	100	0	0	3
620	316	0.948609342	6.10556016	20.30628	16.9541325	3.60758835	31.3696904	0.895472091	4.55825304	0	100	0	0	3
621	317	0.949759912	6.11540784	15.3792263	16.9153212	3.60758835	31.3696904	0.895472091	4.55825304	0	100	0	0	3
622	317	0.952036199	6.12525551	12.4749104	16.8162173	3.60758835	31.3696904	0.895472091	4.55825304	0	100	0	0	3
623	317	0.953555016	6.13510319	10.7650439	16.6642198	3.60758835	31.3696904	0.895472091	4.55825304	0	100	0	0	3
624	318	0.955864544	6.14495087	8.19426742	16.5420052	3.60758835	31.3696904	0.895472091	4.55825304	0	100	0	0	3
625	318	0.957916135	6.15479855	7.73458519	16.3317115	3.60758835	31.3696904	1.02455793	4.55825304	0	100	0	0	3
626	319	0.959748358	6.16464622	9.61873184	16.2611771	3.60758835	31.3696904	1.03913739	4.55825304	0	100	0	0	3
627	319	0.961464673	6.1744939	13.8075112	16.4362686	3.60758835	31.3696904	0.855628573	4.55825304	0	100	0	0	3
628	320	0.962821667	6.18434158	18.4723008	16.7363229	6.95107855	31.3696904	0.834768207	4.55825304	0	100	0	0	3
629	320	0.964999974	6.19418926	23.1697124	17.0446571	6.95107855	31.3696904	0.783479947	4.55825304	0	100	0	0	3
630	320	0.967332642	6.20403693	16.8852495	17.180383	6.95107855	31.3696904	0.919205891	4.55825304	0	100	0	0	3
631	321	0.9693328	6.21388461	19.9365399	17.2923606	6.95107855	31.3696904	1.03118352	4.55825304	0	100	0	0	3
632	321	0.971379054	6.22373229	18.6194888	17.3893824	6.95107855	31.3696904	1.12820525	4.55825304	0	100	0	0	3
633	322	0.9733514	6.23357997	18.5623393	17.4227297	6.95107855	31.3696904	1.16155255	4.55825304	0	100	0	0	3
634	322	0.975375038	6.24342764	19.7155499	17.4594499	6.95107855	31.3696904	1.19827284	4.55825304	0	100	0	0	3
635	323	0.976677165	6.25327532	20.0034027	17.5102711	6.95107855	31.3696904	1.24909398	4.55825304	0	100	0	0	3
636	323	0.978072989	6.263123	17.8207555	17.5278628	6.95107855	31.3696904	1.2666857	4.55825304	0	100	0	0	3
637	324	0.979442474	6.27297068	19.8461392	17.5003637	6.95107855	31.3696904	1.2666857	4.55825304	0	100	0	0	3
638	324	0.980203648	6.28281836	24.5782345	17.5903001	6.95107855	31.3696904	1.32912304	4.55825304	0	100	0	0	3
639	325	0.980874357	6.29266603	25.3846732	17.6940004	6.95107855	31.3696904	1.43282332	4.55825304	0	100	0	0	3
640	325	0.982069375	6.30251371	28.8308458	17.8337192	6.95107855	31.3696904	1.57254207	4.55825304	0	100	0	0	3
641	326	0.983373303	6.31236139	23.7755838	17.8491154	6.95107855	31.3696904	1.58793828	4.55825304	0	100	0	0	3
642	326	0.98473429	6.32220907	22.5913013	17.8609717	6.95107855	31.3696904	1.59979462	4.55825304	0	100	0	0	3
643	327	0.986592386	6.33205674	21.4613554	17.7474236	6.95107855	28.8308458	1.59979462	4.55825304	0	100	0	0	3
644	328	0.98800552	6.34190442	17.4078789	17.6451146	6.95107855	28.8308458	1.59979462	4.55825304	0	100	0	0	3
645	328	0.989517772	6.3517521	14.3504554	17.5229854	6.95107855	28.8308458	1.59979462	4.55825304	0	100	0	0	3
646	328	0.99162104	6.36159978	15.1693378	17.4157533	6.95107855	28.8308458	1.59979462	4.55825304	0	100	0	0	3
647	329	0.993187325	6.37144745	12.8457539	17.3021333	6.95107855	28.8308458	1.59979462	4.55825304	0	100	0	0	3
648	329	0.99524325	6.38129513	10.2182647	17.1360819	6.95107855	28.8308458	1.59979462	4.55825304	0	100	0	0	3
649	330	0.997050202	6.39114281	8.1747854	16.9330415	6.95107855	28.8308458	1.59979462	4.55825304	0	100	0	0	3
650	330	0.998570415	6.40099049	11.4803457	16.9306064	6.95107855	28.8308458	1.59979462	4.55825304	0	100	0	0	3
651	331	1	6.41083817	13.6282908	17.0557839	6.95107855	28.8308458	1.59979462	4.55825304	0	100	0	0	3
