Iteration	CPUTime	PhysTime	Travels	Value	AvValue	MinValue	MaxValue	Delta	Criteria	PrevAvRefValue	Progress	CriteriaType	CriteriaVarType	CriteriaPercentage
1	2	0.000100925651	0.00984767767	-0.00593358728	-0.00593358728	-0.00593358728	-0.00593358728	0	0	0	0	0	0	3
2	3	0.000190052491	0.0196953553	-0.00672833661	-0.00630629219	-0.00672833661	-0.00593358728	0.000372704911	0	0	0	0	0	3
3	4	0.000274930045	0.029543033	-0.00700787164	-0.00652288673	-0.00700787164	-0.00593358728	0.000589299458	0	0	0	0	0	3
4	4	0.000359735968	0.0393907107	-0.00697920241	-0.00663046083	-0.00700787164	-0.00593358728	0.000696873556	0	0	0	0	0	3
5	5	0.000446876366	0.0492383884	-0.00680393383	-0.00666428788	-0.00700787164	-0.00593358728	0.000730700599	0	0	0	0	0	3
6	6	0.000600085754	0.059086066	-0.00664287784	-0.00665882163	-0.00700787164	-0.00593358728	0.000730700599	0	0	0	0	0	3
7	6	0.000790165023	0.0689337437	-0.00680878928	-0.00669489731	-0.00700787164	-0.00593358728	0.000761310032	0	0	0	0	0	3
8	7	0.00100063743	0.0787814214	-0.00712748881	-0.00678588788	-0.00712748881	-0.00593358728	0.000852300607	0	0	0	0	0	3
9	8	0.0012086204	0.0886290991	-0.00579673446	-0.00661567144	-0.00712748881	-0.00579673446	0.000852300607	0	0	0	0	0	3
10	9	0.00143105264	0.0984767767	-0.00475917388	-0.00632711119	-0.00712748881	-0.00475917388	0.000852300607	0	0	0	0	0	3
11	9	0.00178474472	0.108324454	-0.00355319747	-0.00577739038	-0.00712748881	-0.00355319747	0.00100849751	0	0	0	0	0	3
12	10	0.00212559939	0.118172132	-0.00266167869	-0.00527776431	-0.00712748881	-0.00266167869	0.00150812357	0	0	0	0	0	3
13	10	0.00231229636	0.12801981	-0.00304738755	-0.00509768161	-0.00712748881	-0.00266167869	0.00168820628	0	0	0	0	0	3
14	11	0.00263818579	0.137867487	-0.00357555404	-0.00490965645	-0.00712748881	-0.00266167869	0.00187623143	0	0	0	0	0	3
15	11	0.0030399103	0.147715165	-0.00379982428	-0.004762992	-0.00712748881	-0.00266167869	0.00202289589	0	0	0	0	0	3
16	12	0.00367007275	0.157562843	-0.00403570007	-0.0046381138	-0.00712748881	-0.00266167869	0.00214777408	0	0	0	0	0	3
17	13	0.0040585289	0.16741052	-0.00404873037	-0.00458170183	-0.00712748881	-0.00266167869	0.00220418605	0	0	0	0	0	3
18	14	0.00464486169	0.177258198	-0.00394553015	-0.00450139625	-0.00712748881	-0.00266167869	0.00228449163	0	0	0	0	0	3
19	14	0.00504156293	0.187105876	-0.00437497227	-0.00449144843	-0.00712748881	-0.00266167869	0.00229443945	0	0	0	0	0	3
20	15	0.00553334655	0.196953553	-0.0029866022	-0.0043577032	-0.00712748881	-0.00266167869	0.00242818469	0	0	0	0	0	3
21	15	0.00643937057	0.206801231	-0.00323459894	-0.00419968163	-0.00712748881	-0.00266167869	0.00258620625	0	0	0	0	0	3
22	16	0.00722602607	0.216648909	-0.00170798257	-0.00392842482	-0.00712748881	-0.00170798257	0.00285746306	0	0	0	0	0	3
23	16	0.00833853776	0.226496586	-0.00184345919	-0.00365025271	-0.00712748881	-0.00170798257	0.00313563517	0	0	0	0	0	3
24	17	0.00926133044	0.236344264	-0.00114385778	-0.00340051722	-0.00712748881	-0.00114385778	0.00338537066	0	0	0	0	0	3
25	17	0.0101483044	0.246191942	-0.000270527412	-0.00312695238	-0.00712748881	-0.000270527412	0.00365893551	0	0	0	0	0	3
26	18	0.0116008197	0.25603962	5.09940957e-05	-0.00272904808	-0.00712748881	5.09940957e-05	0.0040568398	0	0	0	0	0	3
27	18	0.0128660212	0.265887297	0.000177774957	-0.00244320081	-0.00712748881	0.000177774957	0.00434268707	0	0	0	0	0	3
28	19	0.0145965573	0.275734975	-0.00144363244	-0.00232469416	-0.00712748881	0.000177774957	0.00446119372	0	0	0	0	0	3
29	19	0.0156506402	0.285582653	-0.00203112736	-0.00230492221	-0.00712748881	0.000177774957	0.00448096568	0	0	0	0	0	3
30	20	0.0168245182	0.29543033	-0.00259407258	-0.00232509677	-0.00712748881	0.000177774957	0.00448096568	0	0	0	0	0	3
31	20	0.0187819366	0.305278008	-0.00398034015	-0.00249760314	-0.00712748881	0.000177774957	0.00448096568	0	0	0	0	0	3
32	21	0.0207146083	0.315125686	-0.00572184811	-0.00279842501	-0.00712748881	0.000177774957	0.00448096568	0	0	0	0	0	3
33	21	0.0221999484	0.324973363	-0.00698154507	-0.00307830656	-0.00712748881	0.000177774957	0.00448096568	0	0	0	0	0	3
34	21	0.0238999391	0.334821041	-0.00809181469	-0.00343491487	-0.00809181469	0.000177774957	0.00448096568	0	0	0	0	0	3
35	22	0.0257483332	0.344668719	-0.00929778802	-0.00385579262	-0.00929778802	0.000177774957	0.00448096568	0	0	0	0	0	3
36	22	0.0276159096	0.354516396	-0.0103291921	-0.00429356809	-0.0103291921	0.000177774957	0.00448096568	0	0	0	0	0	3
37	23	0.0295983503	0.364364074	-0.0101978426	-0.00468902507	-0.0103291921	0.000177774957	0.00448096568	0	0	0	0	0	3
38	23	0.0316909423	0.374211752	-0.0115300684	-0.0051407476	-0.0115300684	0.000177774957	0.00448096568	0	0	0	0	0	3
39	24	0.0337536441	0.384059429	-0.0109928045	-0.00549836968	-0.0115300684	0.000177774957	0.00448096568	0	0	0	0	0	3
40	24	0.0357534606	0.393907107	-0.00864373969	-0.00567430125	-0.0115300684	0.000177774957	0.00448096568	0	0	0	0	0	3
41	25	0.0370864031	0.403754785	-0.00654497081	-0.00570559446	-0.0115300684	0.000177774957	0.00448096568	0	0	0	0	0	3
42	25	0.0378477229	0.413602462	-0.00571184148	-0.00570572012	-0.0115300684	0.000177774957	0.00448096568	0	0	0	0	0	3
43	26	0.0385095265	0.42345014	-0.0053726549	-0.00569999625	-0.0115300684	0.000177774957	0.00448096568	0	0	0	0	0	3
44	27	0.0397089897	0.433297818	-0.00607470123	-0.00571131471	-0.0115300684	0.000177774957	0.00448096568	0	0	0	0	0	3
45	27	0.0410594565	0.443145495	-0.00142584325	-0.00557036334	-0.0115300684	0.000177774957	0.00448096568	0	0	0	0	0	3
46	28	0.041769568	0.452993173	-0.00127134221	-0.00549727701	-0.0115300684	0.000177774957	0.00448096568	0	0	0	0	0	3
47	28	0.0429007425	0.462840851	0.000630847886	-0.00533569522	-0.0115300684	0.000630847886	0.00448096568	0	0	0	0	0	3
48	29	0.0444192122	0.472688528	0.00184759493	-0.00509013462	-0.0115300684	0.00184759493	0.00448096568	0	0	0	0	0	3
49	29	0.0453567229	0.482536206	0.00123630153	-0.00495936897	-0.0115300684	0.00184759493	0.00448096568	0	0	0	0	0	3
50	30	0.0467856458	0.492383884	0.00187892797	-0.00475051434	-0.0115300684	0.00187892797	0.00448096568	0	0	0	0	0	3
51	30	0.0487524448	0.502231561	0.00319632135	-0.00442991855	-0.0115300684	0.00319632135	0.00448096568	0	0	0	0	0	3
52	31	0.0501046652	0.512079239	0.00382979629	-0.0042035212	-0.0115300684	0.00382979629	0.00448096568	0	0	0	0	0	3
53	31	0.0519741136	0.521926917	0.00342475887	-0.00392378831	-0.0115300684	0.00382979629	0.00448096568	0	0	0	0	0	3
54	32	0.0530117974	0.531774594	0.00268702747	-0.00378874606	-0.0115300684	0.00382979629	0.00448096568	0	0	0	0	0	3
55	32	0.055338191	0.541622272	0.00028463593	-0.00361146098	-0.0115300684	0.00382979629	0.00448096568	0	0	0	0	0	3
56	33	0.0570086188	0.55146995	-0.00140005715	-0.00354123359	-0.0115300684	0.00382979629	0.00448096568	0	0	0	0	0	3
57	33	0.0586473566	0.561317627	-0.0030874036	-0.00352023502	-0.0115300684	0.00382979629	0.00448096568	0	0	0	0	0	3
58	34	0.0605408202	0.571165305	-0.0049281345	-0.00355438896	-0.0115300684	0.00382979629	0.00448096568	0	0	0	0	0	3
59	34	0.0618774866	0.581012983	-0.00580091187	-0.00359136218	-0.0115300684	0.00382979629	0.00431074923	0	0	0	0	0	3
60	34	0.0636189029	0.59086066	-0.00767637184	-0.00369799561	-0.0115300684	0.00382979629	0.00402218898	0	0	0	0	0	3
61	35	0.0655329373	0.600708338	-0.00902273501	-0.00385330608	-0.0115300684	0.00382979629	0.00347246817	0	0	0	0	0	3
62	35	0.0675923994	0.610556016	-0.00957733972	-0.00403405369	-0.0115300684	0.00382979629	0.00340639251	0	0	0	0	0	3
63	36	0.0694420883	0.620403693	-0.00973105778	-0.0041975421	-0.0115300684	0.00382979629	0.00340639251	0	0	0	0	0	3
64	36	0.0715711541	0.630251371	-0.0100533625	-0.00438065453	-0.0115300684	0.00382979629	0.00340639251	0	0	0	0	0	3
65	37	0.073259369	0.640099049	-0.00959347603	-0.0045089834	-0.0115300684	0.00382979629	0.00340639251	0	0	0	0	0	3
66	37	0.0749880656	0.649946726	-0.00855229828	-0.00461009164	-0.0115300684	0.00382979629	0.00340639251	0	0	0	0	0	3
67	38	0.0761742701	0.659794404	-0.00670229338	-0.00464931335	-0.0115300684	0.00382979629	0.00340639251	0	0	0	0	0	3
68	38	0.076947888	0.669642082	-0.00588876425	-0.00466566912	-0.0115300684	0.00382979629	0.00340639251	0	0	0	0	0	3
69	39	0.0776100679	0.679489759	-0.00547298733	-0.00467878265	-0.0115300684	0.00382979629	0.00340639251	0	0	0	0	0	3
70	40	0.0786025958	0.689337437	-0.00613724697	-0.00470009948	-0.0115300684	0.00382979629	0.00340639251	0	0	0	0	0	3
71	40	0.0798426004	0.699185115	-0.00764053535	-0.00476050682	-0.0115300684	0.00382979629	0.00340639251	0	0	0	0	0	3
72	41	0.0811600151	0.709032792	-0.00836475547	-0.00484255642	-0.0115300684	0.00382979629	0.00340639251	0	0	0	0	0	3
73	41	0.082891793	0.71888047	-0.00720267762	-0.00492916144	-0.0115300684	0.00382979629	0.00340639251	0	0	0	0	0	3
74	42	0.0847780425	0.728728148	-0.00631519302	-0.00500827343	-0.0115300684	0.00382979629	0.00340639251	0	0	0	0	0	3
75	43	0.0865677144	0.738575825	-0.00494552986	-0.00505294974	-0.0115300684	0.00382979629	0.00340639251	0	0	0	0	0	3
76	43	0.0888319613	0.748423503	-0.00285631416	-0.00504364868	-0.0115300684	0.00382979629	0.00340639251	0	0	0	0	0	3
77	44	0.0901341795	0.758271181	-0.00147086009	-0.00507863377	-0.0115300684	0.00382979629	0.00340639251	0	0	0	0	0	3
78	44	0.0919865739	0.768118859	-0.0020206443	-0.00509109341	-0.0115300684	0.00382979629	0.00340639251	0	0	0	0	0	3
79	45	0.0942683116	0.777966536	-0.00403540412	-0.00514008514	-0.0115300684	0.00382979629	0.00340639251	0	0	0	0	0	3
80	45	0.0955789031	0.787814214	-0.0040794871	-0.00516369492	-0.0115300684	0.00382979629	0.00338621794	0	0	0	0	0	3
81	46	0.0972323116	0.797661892	-0.00502027679	-0.0051982599	-0.0115300684	0.00382979629	0.00321371157	0	0	0	0	0	3
82	46	0.0991720743	0.807509569	-0.00657138155	-0.00526104756	-0.0115300684	0.00382979629	0.0029128897	0	0	0	0	0	3
83	47	0.100749496	0.817357247	-0.00751752656	-0.00529439355	-0.0115300684	0.00382979629	0.00263300815	0	0	0	0	0	3
84	47	0.102468994	0.827204925	-0.00875405158	-0.0053372853	-0.0115300684	0.00382979629	0.00227639984	0	0	0	0	0	3
85	48	0.104281159	0.837052602	-0.0100263725	-0.00538474327	-0.0115300684	0.00382979629	0.00219107969	0	0	0	0	0	3
86	48	0.106151093	0.84690028	-0.0112232317	-0.00543057177	-0.0115300684	0.00382979629	0.00219107969	0	0	0	0	0	3
87	48	0.108099458	0.856747958	-0.0112810416	-0.00545853158	-0.0115300684	0.00382979629	0.00219107969	0	0	0	0	0	3
88	49	0.110130438	0.866595635	-0.0120866586	-0.00550902311	-0.0120866586	0.00382979629	0.00219107969	0	0	0	0	0	3
89	49	0.1115909	0.876443313	-0.0118822391	-0.00546782467	-0.0120866586	0.00382979629	0.00219107969	0	0	0	0	0	3
90	50	0.113528299	0.886290991	-0.0106928822	-0.00545186265	-0.0120866586	0.00382979629	0.00219107969	0	0	0	0	0	3
91	50	0.114972403	0.896138668	-0.00831381088	-0.00542345763	-0.0120866586	0.00382979629	0.00219107969	0	0	0	0	0	3
92	51	0.116083491	0.905986346	-0.0066604474	-0.00542193215	-0.0120866586	0.00382979629	0.00219107969	0	0	0	0	0	3
93	51	0.116730956	0.915834024	-0.00690652702	-0.00543131957	-0.0120866586	0.00382979629	0.00219107969	0	0	0	0	0	3
94	52	0.117919423	0.925681701	-0.00629667825	-0.00544475964	-0.0120866586	0.00382979629	0.00219107969	0	0	0	0	0	3
95	53	0.119226612	0.935529379	-0.0054585944	-0.00543548488	-0.0120866586	0.00382979629	0.00205012832	0	0	0	0	0	3
96	53	0.120370226	0.945377057	-0.00512034667	-0.00549921507	-0.0120866586	0.00382979629	0.00198878808	0	0	0	0	0	3
97	54	0.12193379	0.955224734	-0.00216665764	-0.00547166658	-0.0120866586	0.00382979629	0.00198878808	0	0	0	0	0	3
98	54	0.123071466	0.965072412	-0.00212231806	-0.00551024094	-0.0120866586	0.00382979629	0.00199000592	0	0	0	0	0	3
99	55	0.124331337	0.97492009	-0.00208439895	-0.00559604185	-0.0120866586	0.00382979629	0.00207580683	0	0	0	0	0	3
100	55	0.125961403	0.984767767	-0.00158915004	-0.00559447736	-0.0120866586	0.00382979629	0.00207580683	0	0	0	0	0	3
101	56	0.127323474	0.994615445	-0.00131982565	-0.00565477872	-0.0120866586	0.00382979629	0.0021345437	0	0	0	0	0	3
102	57	0.129137602	1.00446312	-0.000589107554	-0.00575701851	-0.0120866586	0.00382979629	0.00223678349	0.00174246981	0	77.9	0	0	3
103	57	0.131199695	1.0143108	-0.000497557337	-0.00578313586	-0.0120866586	0.00342475887	0.00226290083	0.00174246981	0	77	0	0	3
104	58	0.13255676	1.02415848	-0.00138754226	-0.00592272645	-0.0120866586	0.00268702747	0.00240249143	0.00174246981	0	72.5	0	0	3
105	58	0.134964264	1.03400616	-0.00289102921	-0.00594268166	-0.0120866586	0.00028463593	0.00242244664	0.00174246981	0	71.9	0	0	3
106	58	0.136306437	1.04385383	-0.00388886268	-0.00608756081	-0.0120866586	-0.000497557337	0.00256732579	0.00174246981	0	67.8	0	0	3
107	59	0.138322464	1.05370151	-0.00593604373	-0.00618009947	-0.0120866586	-0.000497557337	0.00265986445	0.00174246981	0	65.5	0	0	3
108	59	0.140409056	1.06354919	-0.00733940347	-0.00627167182	-0.0120866586	-0.000497557337	0.00271728286	0.00174246981	0	64.1	0	0	3
109	60	0.142762011	1.07339687	-0.00908499909	-0.00638312207	-0.0120866586	-0.000497557337	0.00279175989	0.00174246981	0	62.4	0	0	3
110	60	0.144954476	1.08324454	-0.0101216725	-0.00649115274	-0.0120866586	-0.000497557337	0.00279315713	0.00174246981	0	62.3	0	0	3
111	60	0.147239978	1.09309222	-0.0103227311	-0.0065711938	-0.0120866586	-0.000497557337	0.00271788772	0.00174246981	0	64.1	0	0	3
112	61	0.149342277	1.1029399	-0.0109217112	-0.00662433531	-0.0120866586	-0.000497557337	0.00259028161	0.00174246981	0	67.2	0	0	3
113	61	0.15114499	1.11278758	-0.0109089225	-0.00664399097	-0.0120866586	-0.000497557337	0.00244644887	0.00174246981	0	71.2	0	0	3
114	62	0.152674524	1.12263525	-0.0101165043	-0.00663919971	-0.0120866586	-0.000497557337	0.00226333644	0.00174246981	0	76.9	0	0	3
115	62	0.154151566	1.13248293	-0.0076498751	-0.00656925374	-0.0120866586	-0.000497557337	0.00213500757	0.00174246981	0	81.6	0	0	3
116	63	0.155529125	1.14233061	-0.005061921	-0.00648195585	-0.0120866586	-0.000497557337	0.00203389933	0.00174246981	0	85.6	0	0	3
117	64	0.156096543	1.15217829	-0.00583157485	-0.0064332799	-0.0120866586	-0.000497557337	0.00199467762	0.00174246981	0	87.3	0	0	3
118	64	0.157159714	1.16202597	-0.00575005301	-0.00642037027	-0.0120866586	-0.000497557337	0.00197832185	0.00174246981	0	88	0	0	3
119	65	0.158444699	1.17187364	-0.00599480115	-0.00641870653	-0.0120866586	-0.000497557337	0.00196520832	0.00174246981	0	88.6	0	0	3
120	65	0.159557635	1.18172132	-0.00645399324	-0.00642682767	-0.0120866586	-0.000497557337	0.00194389149	0.00174246981	0	89.6	0	0	3
121	66	0.161210547	1.191569	-0.00563055213	-0.0064143742	-0.0120866586	-0.000497557337	0.00188348415	0.00174246981	0	92.5	0	0	3
122	66	0.162790035	1.20141668	-0.00586932933	-0.0063856652	-0.0120866586	-0.000497557337	0.00180143455	0.00174246981	0	96.7	0	0	3
123	67	0.164081574	1.21126435	-0.00521088776	-0.00633592478	-0.0120866586	-0.000497557337	0.00171482953	0.00174246981	0	100	0	0	3
124	68	0.165437509	1.22111203	-0.0039604969	-0.00627872074	-0.0120866586	-0.000497557337	0.00163571754	0.00174246981	0	100	0	0	3
125	68	0.167333507	1.23095971	-0.00156988975	-0.00616974271	-0.0120866586	-0.000497557337	0.00160034229	0.00174246981	0	100	0	0	3
126	68	0.168005363	1.24080739	-0.00104520601	-0.00615436887	-0.0120866586	-0.000497557337	0.00160034229	0.00174246981	0	100	0	0	3
127	69	0.168985572	1.25065506	-0.000927833082	-0.00618361913	-0.0120866586	-0.000497557337	0.0015653572	0.00174246981	0	100	0	0	3
128	69	0.170583476	1.26050274	-0.00083534255	-0.00615367486	-0.0120866586	-0.000497557337	0.00155289756	0.00174246981	0	100	0	0	3
129	70	0.17239071	1.27035042	-0.00298798152	-0.00617773898	-0.0120866586	-0.000497557337	0.00150390583	0.00174246981	0	100	0	0	3
130	70	0.173967506	1.2801981	-0.00392982882	-0.00619459925	-0.0120866586	-0.000497557337	0.00148029605	0.00174246981	0	100	0	0	3
131	71	0.176238639	1.29004578	-0.00538411179	-0.00620614558	-0.0120866586	-0.000497557337	0.00144573107	0.00174246981	0	100	0	0	3
132	71	0.177770976	1.29989345	-0.00626221681	-0.00623155754	-0.0120866586	-0.000497557337	0.00138294341	0.00174246981	0	100	0	0	3
133	72	0.178975264	1.30974113	-0.00692797639	-0.00623380697	-0.0120866586	-0.000497557337	0.00134959742	0.00174246981	0	100	0	0	3
134	72	0.180672968	1.31958881	-0.00814718952	-0.00624911398	-0.0120866586	-0.000497557337	0.00130670567	0.00174246981	0	100	0	0	3
135	72	0.182421889	1.32943649	-0.00943258394	-0.0062648783	-0.0120866586	-0.000497557337	0.0012592477	0.00174246981	0	100	0	0	3
136	73	0.184255613	1.33928416	-0.0106859373	-0.00628101536	-0.0120866586	-0.000497557337	0.00122205882	0.00174246981	0	100	0	0	3
137	73	0.186296625	1.34913184	-0.0108527305	-0.00628212968	-0.0120866586	-0.000497557337	0.00122205882	0.00174246981	0	100	0	0	3
138	74	0.188294684	1.35897952	-0.0110722592	-0.00628002548	-0.0120866586	-0.000497557337	0.00122205882	0.00174246981	0	100	0	0	3
139	74	0.190450369	1.3688272	-0.0110171711	-0.00626033719	-0.0118822391	-0.000497557337	0.00122205882	0.00174246981	0	100	0	0	3
140	75	0.192338521	1.37867487	-0.00945311521	-0.00623331322	-0.0110722592	-0.000497557337	0.00122205882	0.00174246981	0	100	0	0	3
141	75	0.193893208	1.38852255	-0.00708420979	-0.00614226494	-0.0110722592	-0.000497557337	0.00122205882	0.00174246981	0	100	0	0	3
142	76	0.194914004	1.39837023	-0.00583641627	-0.0060991316	-0.0110722592	-0.000497557337	0.00122205882	0.00174246981	0	100	0	0	3
143	76	0.19555526	1.40821791	-0.00598192383	-0.00609033815	-0.0110722592	-0.000497557337	0.0012126714	0.00174246981	0	100	0	0	3
144	77	0.196700424	1.41806558	-0.00557481686	-0.00607634768	-0.0110722592	-0.000497557337	0.00120850609	0.00174246981	0	100	0	0	3
145	77	0.198116574	1.42791326	-0.00328416514	-0.00602377716	-0.0110722592	-0.000497557337	0.00120850609	0.00174246981	0	100	0	0	3
146	78	0.199711156	1.43776094	-0.000556427392	-0.00592463595	-0.0110722592	-0.000497557337	0.00117232439	0.00174246981	0	100	0	0	3
147	79	0.200981333	1.44760862	-1.12581641e-05	-0.00584287005	-0.0110722592	-1.12581641e-05	0.00117232439	0.00174246981	0	100	0	0	3
148	79	0.202551721	1.4574563	0.000171444259	-0.00579701403	-0.0110722592	0.000171444259	0.00113375003	0.00174246981	0	100	0	0	3
149	80	0.203924583	1.46730397	0.00242742466	-0.00570907177	-0.0110722592	0.00242742466	0.00104951361	0.00174246981	0	100	0	0	3
150	80	0.205844445	1.47715165	0.00317553639	-0.00555583752	-0.0110722592	0.00317553639	0.00108815345	0.00174246981	0	100	0	0	3
151	81	0.207487832	1.48699933	0.00436370429	-0.00543519339	-0.0110722592	0.00436370429	0.00120879758	0.00174366267	0	100	0	0	3
152	81	0.209062081	1.49684701	0.00451671593	-0.0053121015	-0.0110722592	0.00451671593	0.00133188947	0.00174514284	0	100	0	0	3
153	82	0.2108863	1.50669468	0.00313335207	-0.00522845195	-0.0110722592	0.00451671593	0.00141553902	0.00174656496	0	100	0	0	3
154	82	0.213098794	1.51654236	0.00138874932	-0.00516880567	-0.0110722592	0.00451671593	0.0014751853	0.00174793238	0	100	0	0	3
155	82	0.215006301	1.52639004	-0.000414485321	-0.00512104944	-0.0110722592	0.00451671593	0.00152294153	0.00174924821	0	100	0	0	3
156	83	0.216794896	1.53623772	-0.002341632	-0.00512590742	-0.0110722592	0.00451671593	0.00152294153	0.0017505153	0	100	0	0	3
157	83	0.218844353	1.54608539	-0.00543334091	-0.00515365709	-0.0110722592	0.00451671593	0.00152294153	0.00175173631	0	100	0	0	3
158	84	0.22068996	1.55593307	-0.00732344487	-0.00518312578	-0.0110722592	0.00451671593	0.00152294153	0.00175291372	0	100	0	0	3
159	84	0.222686611	1.56578075	-0.0085887357	-0.00521108654	-0.0110722592	0.00451671593	0.00152294153	0.00175404981	0	100	0	0	3
160	84	0.224756465	1.57562843	-0.00922088456	-0.00520114139	-0.0110722592	0.00451671593	0.00152294153	0.00175514673	0	100	0	0	3
161	85	0.226792344	1.58547611	-0.00943438557	-0.005174629	-0.0110722592	0.00451671593	0.00152294153	0.00175620646	0	100	0	0	3
162	85	0.228963647	1.59532378	-0.00944068337	-0.00514400012	-0.0110722592	0.00451671593	0.00152294153	0.00175723087	0	100	0	0	3
163	86	0.230515935	1.60517146	-0.00949436834	-0.00507755675	-0.0110722592	0.00451671593	0.00156643422	0.00175822169	0	100	0	0	3
164	86	0.232265171	1.61501914	-0.00769464845	-0.00500440149	-0.0110722592	0.00451671593	0.00163479822	0.00175918055	0	100	0	0	3
165	87	0.233755881	1.62486682	-0.00618713544	-0.00492971085	-0.0110722592	0.00451671593	0.00163954289	0.00176010897	0	100	0	0	3
166	87	0.234405879	1.63471449	-0.00542593149	-0.00488366652	-0.0110722592	0.00451671593	0.00159828933	0.00176100838	0	100	0	0	3
167	88	0.235082042	1.64456217	-0.00568905451	-0.00488742526	-0.0110722592	0.00451671593	0.00154961338	0.00176188011	0	100	0	0	3
168	89	0.236369444	1.65440985	-0.0055950514	-0.0048921002	-0.0110722592	0.00451671593	0.00154316115	0.00176272543	0	100	0	0	3
169	89	0.237685422	1.66425753	-0.00611619731	-0.00490077734	-0.0110722592	0.00451671593	0.00154316115	0.00176354551	0	100	0	0	3
170	90	0.239176766	1.6741052	-0.00528748861	-0.00489050777	-0.0110722592	0.00451671593	0.00154316115	0.00176434148	0	100	0	0	3
171	90	0.240842796	1.68395288	-0.00560132565	-0.00488366992	-0.0110722592	0.00451671593	0.00153070768	0.00176511437	0	100	0	0	3
172	91	0.242482742	1.69380056	-0.0109865206	-0.00499162587	-0.0110722592	0.00451671593	0.00150199868	0.00176586518	0	100	0	0	3
173	91	0.242784324	1.70364824	-0.00632554039	-0.00497932451	-0.0110722592	0.00451671593	0.00145225826	0.00176659484	0	100	0	0	3
174	92	0.243298737	1.71349592	-0.00777306049	-0.00499369088	-0.0110722592	0.00451671593	0.00139846316	0.00176730423	0	100	0	0	3
175	93	0.244336412	1.72334359	-0.00416994691	-0.00500061322	-0.0110722592	0.00451671593	0.00139846316	0.00176799418	0	100	0	0	3
176	93	0.245002528	1.73319127	-0.00331114697	-0.00506987206	-0.0110722592	0.00451671593	0.00139846316	0.00176866549	0	100	0	0	3
177	94	0.246033199	1.74303895	-0.00271762313	-0.0050734554	-0.0110722592	0.00451671593	0.00139846316	0.0017693189	0	100	0	0	3
178	94	0.246787587	1.75288663	-0.000868062609	-0.00508490856	-0.0110722592	0.00451671593	0.00139846316	0.00176995511	0	100	0	0	3
179	94	0.247378767	1.7627343	-0.000501795262	-0.00513804926	-0.0110722592	0.00451671593	0.00139846316	0.0017705748	0	100	0	0	3
180	95	0.248071817	1.77258198	-0.00046679781	-0.00514661496	-0.0110722592	0.00451671593	0.00139846316	0.0017711786	0	100	0	0	3
181	95	0.248871576	1.78242966	-0.000939247941	-0.00512730684	-0.0110722592	0.00451671593	0.00139846316	0.00177176711	0	100	0	0	3
182	96	0.249939527	1.79227734	-0.00191305276	-0.00507281765	-0.0110722592	0.00451671593	0.00139846316	0.00177234091	0	100	0	0	3
183	96	0.250839985	1.80212501	-0.00356544324	-0.00502929869	-0.0110722592	0.00451671593	0.00139846316	0.00177290054	0	100	0	0	3
184	97	0.252129605	1.81197269	-0.00453621844	-0.0049893497	-0.0110722592	0.00451671593	0.00139846316	0.00177344652	0	100	0	0	3
185	97	0.253420905	1.82182037	-0.00514229806	-0.00491837072	-0.0110722592	0.00451671593	0.00139846316	0.00177397935	0	100	0	0	3
186	98	0.255043747	1.83166805	-0.00536962349	-0.00481974078	-0.0110722592	0.00451671593	0.00146238891	0.00177449949	0	100	0	0	3
187	98	0.256744839	1.84151572	-0.00643591125	-0.00470927285	-0.0110722592	0.00451671593	0.00157285683	0.00177500739	0	100	0	0	3
188	98	0.258306107	1.8513634	-0.00700391218	-0.00458489584	-0.0110722592	0.00451671593	0.00169512963	0.00177550347	0	100	0	0	3
189	99	0.260083359	1.86121108	-0.008304581	-0.00449642348	-0.0110171711	0.00451671593	0.00176391372	0.00177598816	0	100	0	0	3
190	99	0.261944152	1.87105876	-0.00962362989	-0.00443325705	-0.0109865206	0.00451671593	0.00180005616	0.00177620752	0	98.6	0	0	3
191	100	0.264106377	1.88090644	-0.00980153192	-0.00446292444	-0.0109865206	0.00451671593	0.00170900789	0.00177542562	0	100	0	0	3
192	100	0.266034055	1.89075411	-0.00973389418	-0.00454727963	-0.0109865206	0.00451671593	0.00166587454	0.0017746611	0	100	0	0	3
193	101	0.268065103	1.90060179	-0.00959913138	-0.00466955541	-0.0109865206	0.00451671593	0.00165708109	0.00177391338	0	100	0	0	3
194	101	0.270004072	1.91044947	-0.00863191905	-0.00476144855	-0.0109865206	0.00451671593	0.00164309063	0.00177318192	0	100	0	0	3
195	102	0.271589974	1.92029715	-0.00691469493	-0.00479460935	-0.0109865206	0.00451671593	0.00159052011	0.00177246618	0	100	0	0	3
196	102	0.27312765	1.93014482	-0.00419612557	-0.00481085684	-0.0109865206	0.00451671593	0.00149137889	0.00177176568	0	100	0	0	3
197	103	0.273740251	1.9399925	-0.00421622992	-0.00489757634	-0.0109865206	0.00451671593	0.00140961299	0.00177107992	0	100	0	0	3
198	103	0.274447791	1.94984018	-0.00493328702	-0.00498240085	-0.0109865206	0.00451671593	0.00136375698	0.00177040845	0	100	0	0	3
199	104	0.275743488	1.95968786	-0.00618604287	-0.00511428852	-0.0109865206	0.00451671593	0.00127581471	0.00176975082	0	100	0	0	3
200	105	0.277125986	1.96953553	-0.00600297169	-0.00527251412	-0.0109865206	0.00451671593	0.00112258047	0.00176910662	0	100	0	0	3
201	106	0.278805349	1.97938321	-0.00418485053	-0.00546977738	-0.0109865206	0.00451671593	0.00103652033	0.00176847542	0	100	0	0	3
202	106	0.280409616	1.98923089	-0.00366729639	-0.00565173342	-0.0109865206	0.00451671593	0.00121847637	0.00176785686	0	100	0	0	3
203	107	0.282146456	1.99907857	-0.00326293909	-0.00581399405	-0.0109865206	0.00313335207	0.001380737	0.00176725054	0	100	0	0	3
204	107	0.284375336	2.00892625	-0.00185061691	-0.00591588715	-0.0109865206	0.00138874932	0.0014826301	0.00176665611	0	100	0	0	3
205	108	0.285761847	2.01877392	-0.00142070845	-0.00605252956	-0.0109865206	-0.000414485321	0.00161927251	0.00176607322	0	100	0	0	3
206	108	0.287508693	2.0286216	-0.00226195873	-0.00610953543	-0.0109865206	-0.00046679781	0.00167627838	0.00176550154	0	100	0	0	3
207	109	0.28868872	2.03846928	-0.0028656529	-0.00615003106	-0.0109865206	-0.00046679781	0.00171677401	0.00176494075	0	100	0	0	3
208	109	0.290612836	2.04831696	-0.00379526006	-0.00610736571	-0.0109865206	-0.00046679781	0.00171677401	0.00176439054	0	100	0	0	3
209	110	0.29259993	2.05816463	-0.00472966105	-0.00603808418	-0.0109865206	-0.00046679781	0.00171677401	0.00176385062	0	100	0	0	3
210	110	0.294128382	2.06801231	-0.00598751031	-0.00596571672	-0.0109865206	-0.00046679781	0.00171677401	0.00176332069	0	100	0	0	3
211	111	0.296610664	2.07785999	-0.00695852733	-0.00590624509	-0.0109865206	-0.00046679781	0.00171677401	0.00176280049	0	100	0	0	3
212	111	0.298575262	2.08770767	-0.00858951503	-0.00587961867	-0.0109865206	-0.00046679781	0.00171677401	0.00176228975	0	100	0	0	3
213	111	0.300430422	2.09755534	-0.0100645733	-0.005880061	-0.0109865206	-0.00046679781	0.00171677401	0.0017617882	0	100	0	0	3
214	112	0.302323808	2.10740302	-0.0111232354	-0.00594017846	-0.0111232354	-0.00046679781	0.00171677401	0.00176134545	0	100	0	0	3
215	112	0.304315589	2.1172507	-0.0111443509	-0.00604144908	-0.0111443509	-0.00046679781	0.00171677401	0.00176093098	0	100	0	0	3
216	113	0.306364023	2.12709838	-0.0116733763	-0.00619734691	-0.0116733763	-0.00046679781	0.00176408986	0.00176103182	0	99.8	0	0	3
217	113	0.307742338	2.13694606	-0.0113882816	-0.0063017447	-0.0116733763	-0.00046679781	0.00186848765	0.0017611309	0	94.2	0	0	3
218	114	0.30925587	2.14679373	-0.0106789211	-0.00639664713	-0.0116733763	-0.00046679781	0.00196339007	0.00176122828	0	89.7	0	0	3
219	114	0.310701529	2.15664141	-0.00873671848	-0.00645604167	-0.0116733763	-0.00046679781	0.00202278462	0.00176132399	0	87	0	0	3
220	115	0.312115254	2.16648909	-0.00702972175	-0.0064729469	-0.0116733763	-0.00046679781	0.00203968985	0.00176141808	0	86.3	0	0	3
221	115	0.312681098	2.17633677	-0.00715167905	-0.00650222387	-0.0116733763	-0.00046679781	0.00206896681	0.00176151059	0	85.1	0	0	3
222	116	0.313638749	2.18618444	-0.00621882949	-0.00651911396	-0.0116733763	-0.00046679781	0.0020858569	0.00176160156	0	84.4	0	0	3
223	116	0.314684011	2.19603212	-0.00643321342	-0.00641639975	-0.0116733763	-0.00046679781	0.0020858569	0.00176169102	0	84.4	0	0	3
224	117	0.316154842	2.2058798	-0.0048925452	-0.00638622508	-0.0116733763	-0.00046679781	0.0020858569	0.00176177901	0	84.4	0	0	3
225	118	0.317631853	2.21572748	-0.00315212962	-0.00631236566	-0.0116733763	-0.00046679781	0.0020858569	0.00176186558	0	84.4	0	0	3
226	118	0.319339988	2.22557515	-0.00136180781	-0.00622926183	-0.0116733763	-0.00046679781	0.0020858569	0.00176195075	0	84.4	0	0	3
227	119	0.321125283	2.23542283	-0.000380786555	-0.00611763354	-0.0116733763	-0.000380786555	0.0020858569	0.00176203456	0	84.4	0	0	3
228	119	0.322843885	2.24527051	0.00100651626	-0.00600385661	-0.0116733763	0.00100651626	0.0020858569	0.00176211703	0	84.4	0	0	3
229	120	0.324598094	2.25511819	0.00219138119	-0.00586889045	-0.0116733763	0.00219138119	0.0020858569	0.00176219821	0	84.4	0	0	3
230	120	0.326259839	2.26496586	0.00164814248	-0.00575075731	-0.0116733763	0.00219138119	0.0020858569	0.00176227812	0	84.4	0	0	3
231	121	0.328101459	2.27481354	0.000340542825	-0.00565634469	-0.0116733763	0.00219138119	0.0020858569	0.00176235679	0	84.4	0	0	3
232	121	0.329997951	2.28466122	-0.00115438016	-0.00559760426	-0.0116733763	0.00219138119	0.0020858569	0.00176243425	0	84.4	0	0	3
233	122	0.331719917	2.2945089	-0.00256400338	-0.00558184448	-0.0116733763	0.00219138119	0.0020858569	0.00176251052	0	84.4	0	0	3
234	122	0.333647394	2.30435658	-0.00406420874	-0.00556844563	-0.0116733763	0.00219138119	0.0020858569	0.00176258565	0	84.5	0	0	3
235	122	0.33569923	2.31420425	-0.00607535262	-0.00559682044	-0.0116733763	0.00219138119	0.0020858569	0.00176265964	0	84.5	0	0	3
236	123	0.337333676	2.32405193	-0.00738579358	-0.00563866037	-0.0116733763	0.00219138119	0.0020858569	0.00176273252	0	84.5	0	0	3
237	123	0.339171968	2.33389961	-0.00884455224	-0.0057139023	-0.0116733763	0.00219138119	0.0020858569	0.00176280433	0	84.5	0	0	3
238	124	0.341099465	2.34374729	-0.0101235944	-0.00580010342	-0.0116733763	0.00219138119	0.0020858569	0.00176287508	0	84.5	0	0	3
239	124	0.343154484	2.35359496	-0.0105206781	-0.0058922844	-0.0116733763	0.00219138119	0.0020858569	0.0017629448	0	84.5	0	0	3
240	124	0.345127136	2.36344264	-0.0107809833	-0.00595526888	-0.0116733763	0.00219138119	0.0020858569	0.00176301351	0	84.5	0	0	3
241	125	0.347232969	2.37329032	-0.010984004	-0.00599939679	-0.0116733763	0.00219138119	0.00205618951	0.00176308123	0	85.7	0	0	3
242	125	0.34908229	2.383138	-0.0101738819	-0.00599349973	-0.0116733763	0.00219138119	0.00197183433	0.00176314798	0	89.4	0	0	3
243	126	0.350496052	2.39298567	-0.00756320218	-0.00593440697	-0.0116733763	0.00219138119	0.00184955854	0.00176321379	0	95.3	0	0	3
244	127	0.35174569	2.40283335	-0.00588275645	-0.00584468753	-0.0116733763	0.00219138119	0.00175766541	0.00176327867	0	100	0	0	3
245	127	0.352412796	2.41268103	-0.00617860498	-0.00578181073	-0.0116733763	0.00219138119	0.0017245046	0.00176334264	0	100	0	0	3
246	128	0.353537973	2.42252871	-0.0066944402	-0.00577241729	-0.0116733763	0.00219138119	0.00170825711	0.00176340572	0	100	0	0	3
247	128	0.354839905	2.43237639	-0.00691588857	-0.00582029932	-0.0116733763	0.00219138119	0.00162153761	0.00176346793	0	100	0	0	3
248	129	0.356016424	2.44222406	-0.00759526993	-0.00585762411	-0.0116733763	0.00219138119	0.00153671311	0.00176352929	0	100	0	0	3
249	130	0.357624603	2.45207174	-0.00715537768	-0.00589057831	-0.0116733763	0.00219138119	0.00140482543	0.00176358982	0	100	0	0	3
250	130	0.358962924	2.46191942	-0.00672134203	-0.00589933824	-0.0116733763	0.00219138119	0.00124659984	0.00176364953	0	100	0	0	3
251	131	0.36067896	2.4717671	-0.00845180581	-0.00595004683	-0.0116733763	0.00219138119	0.00104933657	0.00176370843	0	100	0	0	3
252	131	0.362591749	2.48161477	-0.00671911036	-0.00600298457	-0.0116733763	0.00219138119	0.000950668321	0.00176376655	0	100	0	0	3
253	132	0.364434991	2.49146245	-0.00318185969	-0.00598569282	-0.0116733763	0.00219138119	0.000950668321	0.0017638239	0	100	0	0	3
254	132	0.366142474	2.50131013	-0.00242943646	-0.00596970083	-0.0116733763	0.00219138119	0.000950668321	0.00176288415	0	100	0	0	3
255	133	0.367477393	2.51115781	-0.0020873863	-0.00601781481	-0.0116733763	0.00219138119	0.000950668321	0.00176128267	0	100	0	0	3
256	133	0.369384535	2.52100548	-0.00329609438	-0.00603196446	-0.0116733763	0.00219138119	0.000950668321	0.001759702	0	100	0	0	3
257	134	0.371611449	2.53085316	-0.00437429627	-0.00606637636	-0.0116733763	0.00219138119	0.000950668321	0.00175814171	0	100	0	0	3
258	134	0.373438257	2.54070084	-0.00547845831	-0.00609826945	-0.0116733763	0.00219138119	0.000950668321	0.00175660143	0	100	0	0	3
259	134	0.375048716	2.55054852	-0.00650497551	-0.00615850737	-0.0116733763	0.00219138119	0.000950668321	0.00175508078	0	100	0	0	3
260	135	0.376703442	2.5603962	-0.00809272312	-0.00623032184	-0.0116733763	0.00219138119	0.000950668321	0.00175357937	0	100	0	0	3
261	135	0.378504744	2.57024387	-0.00935182815	-0.00630135952	-0.0116733763	0.00219138119	0.000950668321	0.00175209684	0	100	0	0	3
262	136	0.38042552	2.58009155	-0.0106063057	-0.00638055269	-0.0116733763	0.00219138119	0.000950668321	0.00175063285	0	100	0	0	3
263	136	0.382494588	2.58993923	-0.0110416158	-0.00644376018	-0.0116733763	0.00219138119	0.000950668321	0.00174918705	0	100	0	0	3
264	137	0.384468653	2.59978691	-0.0112494259	-0.00647671556	-0.0116733763	0.00219138119	0.000950668321	0.00174775909	0	100	0	0	3
265	137	0.386607297	2.60963458	-0.0112789616	-0.00649418801	-0.0116733763	0.00219138119	0.000950668321	0.00174634866	0	100	0	0	3
266	137	0.388570821	2.61948226	-0.0101405263	-0.00646923483	-0.0116733763	0.00219138119	0.000950668321	0.00174495542	0	100	0	0	3
267	138	0.390061639	2.62932994	-0.00811694289	-0.00637121646	-0.0113882816	0.00219138119	0.000950668321	0.00174357908	0	100	0	0	3
268	139	0.391368882	2.63917762	-0.00622772864	-0.00628628323	-0.0112789616	0.00219138119	0.000950668321	0.00174246981	0	100	0	0	3
269	139	0.392085213	2.64902529	-0.0059393723	-0.00620301683	-0.0112789616	0.00219138119	0.000950668321	0.00174246981	0	100	0	0	3
270	140	0.393124081	2.65887297	-0.00746538703	-0.00617448784	-0.0112789616	0.00219138119	0.000950668321	0.00174246981	0	100	0	0	3
271	140	0.394517451	2.66872065	-0.00636186619	-0.00616298355	-0.0112789616	0.00219138119	0.000950668321	0.00174246981	0	100	0	0	3
272	141	0.395715121	2.67856833	-0.00602474233	-0.00615425201	-0.0112789616	0.00219138119	0.000950668321	0.00174246981	0	100	0	0	3
273	141	0.397303698	2.688416	-0.00526648966	-0.00613665657	-0.0112789616	0.00219138119	0.000925742375	0.00174246981	0	100	0	0	3
274	142	0.399112368	2.69826368	-0.00395995516	-0.0060863546	-0.0112789616	0.00219138119	0.000925742375	0.00174246981	0	100	0	0	3
275	143	0.400806165	2.70811136	-0.00346012523	-0.00605454873	-0.0112789616	0.00219138119	0.000925742375	0.00174246981	0	100	0	0	3
276	143	0.40278511	2.71795904	-0.000914074328	-0.00598542853	-0.0112789616	0.00219138119	0.000925742375	0.00174246981	0	100	0	0	3
277	144	0.404094952	2.72780672	-0.000313246127	-0.00599095155	-0.0112789616	0.00219138119	0.000925742375	0.00174246981	0	100	0	0	3
278	144	0.405977496	2.73765439	-0.000736804525	-0.0059924204	-0.0112789616	0.00219138119	0.000925742375	0.00174246981	0	100	0	0	3
279	144	0.408402247	2.74750207	-0.00246038485	-0.00603290831	-0.0112789616	0.00219138119	0.000925742375	0.00174246981	0	100	0	0	3
280	145	0.410069803	2.75734975	-0.00322983836	-0.00614701452	-0.0112789616	0.00164814248	0.000925742375	0.00174246981	0	100	0	0	3
281	145	0.412055661	2.76719743	-0.0043896583	-0.00625731942	-0.0112789616	0.000340542825	0.000925742375	0.00174246981	0	100	0	0	3
282	146	0.414141396	2.7770451	-0.00641797166	-0.00640243612	-0.0112789616	-0.000313246127	0.000925742375	0.00174246981	0	100	0	0	3
283	146	0.415302541	2.78689278	-0.00751537658	-0.00653426	-0.0112789616	-0.000313246127	0.000965814365	0.00174246981	0	100	0	0	3
284	147	0.417022737	2.79674046	-0.00918896906	-0.00666793986	-0.0112789616	-0.000313246127	0.00109949423	0.00174246981	0	100	0	0	3
285	147	0.418924413	2.80658814	-0.0102430695	-0.0068065161	-0.0112789616	-0.000313246127	0.00120969567	0.00174246981	0	100	0	0	3
286	147	0.420907758	2.81643581	-0.0108024386	-0.0069171332	-0.0112789616	-0.000313246127	0.00127847283	0.00174246981	0	100	0	0	3
287	148	0.422886153	2.82628349	-0.0110479539	-0.00700370458	-0.0112789616	-0.000313246127	0.00128980228	0.00174246981	0	100	0	0	3
288	148	0.425129106	2.83613117	-0.0108888811	-0.00706571518	-0.0112789616	-0.000313246127	0.00129329789	0.00174246981	0	100	0	0	3
289	149	0.426729559	2.84597885	-0.010537856	-0.00706177903	-0.0112789616	-0.000313246127	0.00129329789	0.00174246981	0	100	0	0	3
290	149	0.428021472	2.85582653	-0.00931485991	-0.00701232138	-0.0112789616	-0.000313246127	0.00129329789	0.00174246981	0	100	0	0	3
291	150	0.429633791	2.8656742	-0.00712945609	-0.00692658379	-0.0112789616	-0.000313246127	0.00129329789	0.00174246981	0	100	0	0	3
292	150	0.430416824	2.87552188	-0.00667029154	-0.006821456	-0.0112789616	-0.000313246127	0.00129329789	0.00174246981	0	100	0	0	3
293	151	0.431055607	2.88536956	-0.00706606807	-0.00674773128	-0.0112789616	-0.000313246127	0.00129329789	0.00174246981	0	100	0	0	3
294	151	0.432169143	2.89521724	-0.00730161053	-0.0067411671	-0.0112789616	-0.000313246127	0.00129329789	0.00174246981	0	100	0	0	3
295	152	0.43345101	2.90506491	-0.00569480947	-0.00673787983	-0.0112789616	-0.000313246127	0.00129329789	0.00174246981	0	100	0	0	3
296	153	0.434754587	2.91491259	-0.00464839091	-0.00670933159	-0.0112789616	-0.000313246127	0.00129329789	0.00174246981	0	100	0	0	3
297	153	0.436062306	2.92476027	-0.00234169588	-0.00664032302	-0.0112789616	-0.000313246127	0.00124541585	0.00174246981	0	100	0	0	3
298	154	0.43740811	2.93460795	-0.00235895734	-0.00656619463	-0.0112789616	-0.000313246127	0.00120809106	0.00174246981	0	100	0	0	3
299	154	0.43869909	2.94445562	-0.00235224555	-0.00648575635	-0.0112789616	-0.000313246127	0.00117513687	0.00174246981	0	100	0	0	3
300	155	0.440730725	2.9543033	-0.000733561021	-0.00633217884	-0.0112789616	-0.000313246127	0.00116637694	0.00174246981	0	100	0	0	3
301	156	0.442134199	2.96415098	-6.09420032e-05	-0.00622009277	-0.0112789616	-6.09420032e-05	0.00111566835	0.00174246981	0	100	0	0	3
302	156	0.443877029	2.97399866	6.00159357e-05	-0.00604250617	-0.0112789616	6.00159357e-05	0.00109601434	0.00174246981	0	100	0	0	3
303	157	0.445460755	2.98384633	-0.000226340216	-0.00591573486	-0.0112789616	6.00159357e-05	0.00114998032	0.00174246981	0	100	0	0	3
304	157	0.447712261	2.99369401	-0.00225138577	-0.00587717553	-0.0112789616	6.00159357e-05	0.00118853965	0.00174246981	0	100	0	0	3
305	158	0.449292851	3.00354169	-0.00295598598	-0.00589244616	-0.0112789616	6.00159357e-05	0.00118853965	0.00174246981	0	100	0	0	3
306	158	0.451481191	3.01338937	-0.00437477495	-0.00591337691	-0.0112789616	6.00159357e-05	0.00118853965	0.00174246981	0	100	0	0	3
307	158	0.452545295	3.02323705	-0.00559274055	-0.00596929678	-0.0112789616	6.00159357e-05	0.00118853965	0.00174246981	0	100	0	0	3
308	159	0.454450422	3.03308472	-0.00740912934	-0.00604528752	-0.0112789616	6.00159357e-05	0.00118853965	0.00174246981	0	100	0	0	3
309	159	0.45623117	3.0429324	-0.00887491388	-0.00611865536	-0.0112789616	6.00159357e-05	0.00118853965	0.00174246981	0	100	0	0	3
310	160	0.458154174	3.05278008	-0.0100206164	-0.00620145781	-0.0112789616	6.00159357e-05	0.00118853965	0.00174246981	0	100	0	0	3
311	160	0.460145458	3.06262776	-0.0105358352	-0.00626738922	-0.0112789616	6.00159357e-05	0.00118853965	0.00174246981	0	100	0	0	3
312	160	0.462165698	3.07247543	-0.0107200051	-0.00630849976	-0.0112789616	6.00159357e-05	0.00118853965	0.00174246981	0	100	0	0	3
313	161	0.464372883	3.08232311	-0.0106840318	-0.00632520647	-0.0112789616	6.00159357e-05	0.00118853965	0.00174246981	0	100	0	0	3
314	162	0.465541257	3.09217079	-0.0105666551	-0.0062673719	-0.0112789616	6.00159357e-05	0.00118853965	0.00174246981	0	100	0	0	3
315	162	0.466728286	3.10201847	-0.00997966026	-0.00620138198	-0.0112789616	6.00159357e-05	0.00118853965	0.00174246981	0	100	0	0	3
316	163	0.468286617	3.11186614	-0.00777385991	-0.00609843431	-0.0110479539	6.00159357e-05	0.00118853965	0.00174246981	0	100	0	0	3
317	163	0.469345783	3.12171382	-0.00697211242	-0.00601163299	-0.0110479539	6.00159357e-05	0.00118853965	0.00174246981	0	100	0	0	3
318	164	0.47005659	3.1315615	-0.00665942209	-0.00597815361	-0.0110479539	6.00159357e-05	0.00118853965	0.00174246981	0	100	0	0	3
319	164	0.47091587	3.14140918	-0.00613669454	-0.00597576478	-0.0110479539	6.00159357e-05	0.00118853965	0.00174246981	0	100	0	0	3
320	165	0.472143024	3.15125686	-0.00604132721	-0.00597709537	-0.0110479539	6.00159357e-05	0.00118853965	0.00174246981	0	100	0	0	3
321	165	0.47335965	3.16110453	-0.00447087375	-0.00593498627	-0.0110479539	6.00159357e-05	0.00118853965	0.00174246981	0	100	0	0	3
322	166	0.474672657	3.17095221	-0.00128065052	-0.00585132389	-0.0110479539	6.00159357e-05	0.00121439128	0.00174246981	0	100	0	0	3
323	167	0.475827794	3.18079989	-0.00124663996	-0.00578233678	-0.0110479539	6.00159357e-05	0.0012833784	0.00174246981	0	100	0	0	3
324	167	0.476825738	3.19064757	-0.00255171479	-0.00575209966	-0.0110479539	6.00159357e-05	0.00131361551	0.00174246981	0	100	0	0	3
325	168	0.478305588	3.20049524	-0.00203018497	-0.00572348008	-0.0110479539	6.00159357e-05	0.00134223509	0.00174246981	0	100	0	0	3
326	168	0.480118485	3.21034292	-0.00180859818	-0.00568233119	-0.0110479539	6.00159357e-05	0.00138338399	0.00174246981	0	100	0	0	3
327	169	0.481901548	3.2201906	-0.000832605362	-0.00569230069	-0.0110479539	6.00159357e-05	0.00138338399	0.00174246981	0	100	0	0	3
328	169	0.483243678	3.23003828	-0.000652068577	-0.00569585177	-0.0110479539	6.00159357e-05	0.00138338399	0.00174246981	0	100	0	0	3
329	170	0.484675196	3.23988595	-0.000588329026	-0.00572157194	-0.0110479539	6.00159357e-05	0.00138338399	0.00174246981	0	100	0	0	3
330	170	0.486311673	3.24973363	-0.00155699977	-0.00573559256	-0.0110479539	6.00159357e-05	0.00138338399	0.00174246981	0	100	0	0	3
331	170	0.488112338	3.25958131	-0.00312990149	-0.00572901292	-0.0110479539	6.00159357e-05	0.00138338399	0.00174246981	0	100	0	0	3
332	171	0.490279884	3.26942899	-0.0047520709	-0.00573594429	-0.0110479539	6.00159357e-05	0.00138338399	0.00174246981	0	100	0	0	3
333	171	0.492008586	3.27927667	-0.00589847758	-0.00572128399	-0.0110479539	6.00159357e-05	0.00138338399	0.00174246981	0	100	0	0	3
334	172	0.493881361	3.28912434	-0.00723474242	-0.00573084337	-0.0110479539	6.00159357e-05	0.00138338399	0.00174246981	0	100	0	0	3
335	172	0.495754123	3.29897202	-0.00891777907	-0.00573109379	-0.0110479539	6.00159357e-05	0.00138338399	0.00174246981	0	100	0	0	3
336	173	0.497706909	3.3088197	-0.0100666449	-0.00572964792	-0.0110479539	6.00159357e-05	0.00138338399	0.00174246981	0	100	0	0	3
337	173	0.499780175	3.31866738	-0.0104791773	-0.00572693401	-0.0110479539	6.00159357e-05	0.00138338399	0.00174246981	0	100	0	0	3
338	173	0.501823427	3.32851505	-0.0106653838	-0.00572140321	-0.0108888811	6.00159357e-05	0.00138338399	0.00174246981	0	100	0	0	3
339	174	0.503770221	3.33836273	-0.0107557905	-0.00569864803	-0.0107557905	6.00159357e-05	0.00137944784	0.00174246981	0	100	0	0	3
340	175	0.504927534	3.34821041	-0.0105234938	-0.00567101214	-0.0107557905	6.00159357e-05	0.00134130924	0.00174246981	0	100	0	0	3
341	175	0.506355455	3.35805809	-0.00939626413	-0.00567882266	-0.0107557905	6.00159357e-05	0.00125557165	0.00174246981	0	100	0	0	3
342	176	0.508009206	3.36790576	-0.00728476913	-0.0056828667	-0.0107557905	6.00159357e-05	0.00115044386	0.00174246981	0	100	0	0	3
343	176	0.508929894	3.37775344	-0.00674835085	-0.00568551329	-0.0107557905	6.00159357e-05	0.00107671914	0.00174246981	0	100	0	0	3
344	177	0.509598192	3.38760112	-0.00743164277	-0.00568914265	-0.0107557905	6.00159357e-05	0.00107015496	0.00174246981	0	100	0	0	3
345	177	0.510725164	3.3974488	-0.00875064066	-0.00571020637	-0.0107557905	6.00159357e-05	0.00106686768	0.00174246981	0	100	0	0	3
346	178	0.512029879	3.40729647	-0.00852573518	-0.00575720629	-0.0107557905	6.00159357e-05	0.00103831944	0.00174246981	0	100	0	0	3
347	179	0.513375171	3.41714415	-0.00745382974	-0.00580462236	-0.0107557905	6.00159357e-05	0.000969310871	0.00174246981	0	100	0	0	3
348	179	0.515223685	3.42699183	-0.00608865168	-0.00586846117	-0.0107557905	6.00159357e-05	0.000895182482	0.00174246981	0	100	0	0	3
349	180	0.517044639	3.43683951	-0.00690601345	-0.00595149392	-0.0107557905	6.00159357e-05	0.000814744204	0.00174246981	0	100	0	0	3
350	180	0.51903978	3.44668719	-0.00744478678	-0.0060464133	-0.0107557905	6.00159357e-05	0.000661166691	0.00174246981	0	100	0	0	3
351	181	0.52058386	3.45653486	-0.00544850447	-0.00617002218	-0.0107557905	6.00159357e-05	0.000654194327	0.00174246981	0	100	0	0	3
352	181	0.522803646	3.46638254	-0.00360882092	-0.00620583021	-0.0107557905	6.00159357e-05	0.000654194327	0.00174246981	0	100	0	0	3
353	182	0.523859981	3.47623022	-0.00340142103	-0.0063053253	-0.0107557905	-0.000226340216	0.000654194327	0.00174246981	0	100	0	0	3
354	182	0.526013822	3.4860779	-0.00445029049	-0.00637524187	-0.0107557905	-0.000588329026	0.000704229721	0.00174246981	0	100	0	0	3
355	183	0.527777878	3.49592557	-0.00494825165	-0.00645976752	-0.0107557905	-0.000588329026	0.000788755379	0.00174246981	0	100	0	0	3
356	183	0.52926138	3.50577325	-0.00610268397	-0.00652239598	-0.0107557905	-0.000588329026	0.000851383833	0.00174246981	0	100	0	0	3
357	184	0.531418651	3.51562093	-0.00767051663	-0.00661217282	-0.0107557905	-0.000588329026	0.000941160674	0.00174246981	0	100	0	0	3
358	184	0.533164301	3.52546861	-0.00862546932	-0.00666922255	-0.0107557905	-0.000588329026	0.000998210407	0.00174246981	0	100	0	0	3
359	184	0.534866848	3.53531628	-0.00998090109	-0.0067218072	-0.0107557905	-0.000588329026	0.00105079506	0.00174246981	0	100	0	0	3
360	185	0.536778987	3.54516396	-0.0111980721	-0.00678046929	-0.0111980721	-0.000588329026	0.00110945715	0.00174246981	0	100	0	0	3
361	185	0.538737146	3.55501164	-0.0116668269	-0.00682188556	-0.0116668269	-0.000588329026	0.00115087342	0.00174246981	0	100	0	0	3
362	186	0.540724426	3.56485932	-0.0118332874	-0.00685369948	-0.0118332874	-0.000588329026	0.00118268733	0.00174246981	0	100	0	0	3
363	186	0.542878954	3.574707	-0.0117798657	-0.00688842362	-0.0118332874	-0.000588329026	0.00121741148	0.00174246981	0	100	0	0	3
364	187	0.54483388	3.58455467	-0.0110846669	-0.00688625776	-0.0118332874	-0.000588329026	0.00121741148	0.00174246981	0	100	0	0	3
365	187	0.546204298	3.59440235	-0.00941945304	-0.00687598607	-0.0118332874	-0.000588329026	0.00121741148	0.00174246981	0	100	0	0	3
366	188	0.547387657	3.60425003	-0.00783930143	-0.00684444352	-0.0118332874	-0.000588329026	0.00121741148	0.00174246981	0	100	0	0	3
367	188	0.548212775	3.61409771	-0.00688484088	-0.00682673962	-0.0118332874	-0.000588329026	0.00121741148	0.00174246981	0	100	0	0	3
368	189	0.548876137	3.62394538	-0.00716072625	-0.00682758936	-0.0118332874	-0.000588329026	0.00121741148	0.00174246981	0	100	0	0	3
369	190	0.549975496	3.63379306	-0.00777872248	-0.00684216877	-0.0118332874	-0.000588329026	0.00121741148	0.00174246981	0	100	0	0	3
370	190	0.551283331	3.64364074	-0.00766505049	-0.00686310254	-0.0118332874	-0.000588329026	0.00121741148	0.00174246981	0	100	0	0	3
371	191	0.552617809	3.65348842	-0.00691929044	-0.00687656546	-0.0118332874	-0.000588329026	0.00121741148	0.00174246981	0	100	0	0	3
372	191	0.554346118	3.66333609	-0.00541295469	-0.00688147068	-0.0118332874	-0.000588329026	0.00121741148	0.00174246981	0	100	0	0	3
373	192	0.555964393	3.67318377	-0.00559431735	-0.00694631055	-0.0118332874	-0.000588329026	0.0012752984	0.00174246981	0	100	0	0	3
374	192	0.556891146	3.68303145	-0.00501440195	-0.00700544333	-0.0118332874	-0.000588329026	0.00133443119	0.00174246981	0	100	0	0	3
375	193	0.558314867	3.69287913	-0.00305508091	-0.00699096727	-0.0118332874	-0.000588329026	0.00133443119	0.00174246981	0	100	0	0	3
376	193	0.559406181	3.70272681	-0.00201031437	-0.00701446592	-0.0118332874	-0.000588329026	0.00134345377	0.00174246981	0	100	0	0	3
377	194	0.560885991	3.71257448	-0.000591336395	-0.00701363263	-0.0118332874	-0.000588329026	0.00134345377	0.00174246981	0	100	0	0	3
378	194	0.562675209	3.72242216	-0.000163102786	-0.00699833139	-0.0118332874	-0.000163102786	0.00134345377	0.00174246981	0	100	0	0	3
379	195	0.564477693	3.73226984	-0.000214704603	-0.00695266257	-0.0118332874	-0.000163102786	0.00134345377	0.00174246981	0	100	0	0	3
380	195	0.565844015	3.74211752	-0.00099898442	-0.00696468706	-0.0118332874	-0.000163102786	0.00134345377	0.00174246981	0	100	0	0	3
381	196	0.567725496	3.75196519	-0.00181922043	-0.00695447327	-0.0118332874	-0.000163102786	0.00134345377	0.00174246981	0	100	0	0	3
382	196	0.569845137	3.76181287	-0.00416993495	-0.00696651924	-0.0118332874	-0.000163102786	0.00134345377	0.00174246981	0	100	0	0	3
383	196	0.571492042	3.77166055	-0.00602966808	-0.00700662423	-0.0118332874	-0.000163102786	0.00134345377	0.00174246981	0	100	0	0	3
384	197	0.573041067	3.78150823	-0.00749628477	-0.00703962522	-0.0118332874	-0.000163102786	0.00136861308	0.00174246981	0	100	0	0	3
385	197	0.574782054	3.7913559	-0.00862653377	-0.00706925879	-0.0118332874	-0.000163102786	0.00139824664	0.00174246981	0	100	0	0	3
386	198	0.576691717	3.80120358	-0.00985344742	-0.00709217796	-0.0118332874	-0.000163102786	0.00142116582	0.00174246981	0	100	0	0	3
387	198	0.578715922	3.81105126	-0.0100916403	-0.00709542488	-0.0118332874	-0.000163102786	0.00142441273	0.00174246981	0	100	0	0	3
388	198	0.580626003	3.82089894	-0.0103950226	-0.00708660658	-0.0118332874	-0.000163102786	0.00142441273	0.00174246981	0	100	0	0	3
389	199	0.582295228	3.83074661	-0.0103447671	-0.00706332219	-0.0118332874	-0.000163102786	0.00142441273	0.00174246981	0	100	0	0	3
390	199	0.583747844	3.84059429	-0.0103306167	-0.00703278422	-0.0118332874	-0.000163102786	0.00142441273	0.00174246981	0	100	0	0	3
391	200	0.585452006	3.85044197	-0.00867886287	-0.00701745152	-0.0118332874	-0.000163102786	0.00141660222	0.00174246981	0	100	0	0	3
392	201	0.586855459	3.86028965	-0.0068839324	-0.00697292801	-0.0118332874	-0.000163102786	0.00141255818	0.00174246981	0	100	0	0	3
393	201	0.587612397	3.87013733	-0.00633622891	-0.00696039523	-0.0118332874	-0.000163102786	0.00140991159	0.00174246981	0	100	0	0	3
394	202	0.588270516	3.879985	-0.00666009856	-0.00696036492	-0.0118332874	-0.000163102786	0.00140628223	0.00174246981	0	100	0	0	3
395	202	0.589368056	3.88983268	-0.00719541851	-0.0069596507	-0.0118332874	-0.000163102786	0.00138521851	0.00174246981	0	100	0	0	3
396	203	0.590781832	3.89968036	-0.00501550962	-0.00690010567	-0.0118332874	-0.000163102786	0.00133821859	0.00174246981	0	100	0	0	3
397	204	0.591879544	3.90952804	-0.00339376357	-0.00682534098	-0.0118332874	-0.000163102786	0.00129080252	0.00174246981	0	100	0	0	3
398	204	0.59331238	3.91937571	-0.0011301217	-0.00671267985	-0.0118332874	-0.000163102786	0.00122696371	0.00174246981	0	100	0	0	3
399	204	0.594906594	3.92922339	-0.00190793165	-0.00663102782	-0.0118332874	-0.000163102786	0.00114393095	0.00174246981	0	100	0	0	3
400	205	0.596179005	3.93907107	-0.00346646737	-0.00657381679	-0.0118332874	-0.000163102786	0.00104901158	0.00174246981	0	100	0	0	3
401	206	0.597157935	3.94891875	-0.00386196308	-0.00651758885	-0.0118332874	-0.000163102786	0.000925402694	0.00174246981	0	100	0	0	3
402	207	0.598820539	3.95876642	-0.00123747387	-0.00642648085	-0.0118332874	-0.000163102786	0.000889594661	0.00174246981	0	100	0	0	3
403	207	0.600160093	3.9686141	-0.000426138223	-0.00640342933	-0.0118332874	-0.000163102786	0.000790099575	0.00174246981	0	100	0	0	3
404	208	0.601285238	3.97846178	-0.00132026047	-0.00637051792	-0.0118332874	-0.000163102786	0.000724906951	0.00174246981	0	100	0	0	3
405	208	0.603094685	3.98830946	-0.00285673423	-0.00634168924	-0.0118332874	-0.000163102786	0.000753735632	0.00174246981	0	100	0	0	3
406	209	0.604707967	3.99815714	-0.00416598401	-0.00632801547	-0.0118332874	-0.000163102786	0.000767409403	0.00174246981	0	100	0	0	3
407	209	0.606654908	4.00800481	-0.00571919195	-0.0063170189	-0.0118332874	-0.000163102786	0.000778405977	0.00174246981	0	100	0	0	3
408	209	0.608861102	4.01785249	-0.00717198715	-0.00630367176	-0.0118332874	-0.000163102786	0.000791753113	0.00174246981	0	100	0	0	3
409	210	0.611238666	4.02770017	-0.00846815226	-0.00631767308	-0.0118332874	-0.000163102786	0.000791753113	0.00174246981	0	100	0	0	3
410	210	0.612855525	4.03754785	-0.00933002358	-0.00630015425	-0.0118332874	-0.000163102786	0.000795270629	0.00174246981	0	100	0	0	3
411	211	0.614771042	4.04739552	-0.0102421571	-0.00627688872	-0.0118332874	-0.000163102786	0.000818536155	0.00174246981	0	100	0	0	3
412	211	0.616585495	4.0572432	-0.0107936598	-0.00624658769	-0.0118332874	-0.000163102786	0.000848837182	0.00174246981	0	100	0	0	3
413	211	0.61849571	4.06709088	-0.0106521435	-0.00621204049	-0.0117798657	-0.000163102786	0.000883384382	0.00174246981	0	100	0	0	3
414	212	0.620469742	4.07693856	-0.0111453162	-0.00618294433	-0.0111453162	-0.000163102786	0.000912480547	0.00174246981	0	100	0	0	3
415	212	0.622055074	4.08678623	-0.0110475298	-0.00615872148	-0.0111453162	-0.000163102786	0.000936703394	0.00174246981	0	100	0	0	3
416	213	0.623384729	4.09663391	-0.0104444419	-0.00617465768	-0.0111453162	-0.000163102786	0.000936703394	0.00174246981	0	100	0	0	3
417	213	0.624819141	4.10648159	-0.00814119279	-0.00618564739	-0.0111453162	-0.000163102786	0.000936703394	0.00174246981	0	100	0	0	3
418	214	0.626033785	4.11632927	-0.00665520538	-0.00618556296	-0.0111453162	-0.000163102786	0.000936703394	0.00174246981	0	100	0	0	3
419	215	0.626819695	4.12617695	-0.00621311046	-0.0061775413	-0.0111453162	-0.000163102786	0.000936703394	0.00174246981	0	100	0	0	3
420	215	0.627481527	4.13602462	-0.0066858389	-0.00615917029	-0.0111453162	-0.000163102786	0.000936703394	0.00174246981	0	100	0	0	3
421	216	0.628599946	4.1458723	-0.00757024009	-0.00615410957	-0.0111453162	-0.000163102786	0.000941315308	0.00174246981	0	100	0	0	3
422	216	0.629885655	4.15571998	-0.00609995578	-0.00613999318	-0.0111453162	-0.000163102786	0.000955431692	0.00174246981	0	100	0	0	3
423	217	0.631234495	4.16556766	-0.00618432919	-0.00615711345	-0.0111453162	-0.000163102786	0.000955431692	0.00174246981	0	100	0	0	3
424	218	0.632783703	4.17541533	-0.00515121278	-0.00614868339	-0.0111453162	-0.000163102786	0.000955431692	0.00174246981	0	100	0	0	3
425	218	0.634230349	4.18526301	-0.00514213298	-0.00614344772	-0.0111453162	-0.000163102786	0.000955431692	0.00174246981	0	100	0	0	3
426	219	0.636132068	4.19511069	-0.00512413092	-0.00617504124	-0.0111453162	-0.000163102786	0.000955431692	0.00174246981	0	100	0	0	3
427	219	0.638151604	4.20495837	-0.00431809251	-0.00618513515	-0.0111453162	-0.000163102786	0.000955431692	0.00174246981	0	100	0	0	3
428	220	0.639353085	4.21480604	-0.00379462059	-0.00625402515	-0.0111453162	-0.000163102786	0.000955431692	0.00174246981	0	100	0	0	3
429	220	0.641248897	4.22465372	-0.0034893775	-0.00632601797	-0.0111453162	-0.000214704603	0.000955431692	0.00174246981	0	100	0	0	3
430	221	0.643237441	4.2345014	-0.00392486476	-0.00640525566	-0.0111453162	-0.000426138223	0.000955431692	0.00174246981	0	100	0	0	3
431	221	0.645537755	4.24434908	-0.00477043496	-0.00645075617	-0.0111453162	-0.000426138223	0.000955431692	0.00174246981	0	100	0	0	3
432	221	0.646811845	4.25419675	-0.00533852685	-0.00654302327	-0.0111453162	-0.000426138223	0.000955431692	0.00174246981	0	100	0	0	3
433	222	0.648773349	4.26404443	-0.0063385316	-0.00660167131	-0.0111453162	-0.000426138223	0.000955431692	0.00174246981	0	100	0	0	3
434	222	0.650513107	4.27389211	-0.00754647831	-0.00663439386	-0.0111453162	-0.000426138223	0.000955431692	0.00174246981	0	100	0	0	3
435	223	0.652261056	4.28373979	-0.00919956935	-0.0066741402	-0.0111453162	-0.000426138223	0.000955431692	0.00174246981	0	100	0	0	3
436	223	0.654098208	4.29358747	-0.0103892056	-0.00671733503	-0.0111453162	-0.000426138223	0.000955431692	0.00174246981	0	100	0	0	3
437	224	0.655998069	4.30343514	-0.0113637529	-0.0067531283	-0.0113637529	-0.000426138223	0.000955431692	0.00174246981	0	100	0	0	3
438	224	0.658008674	4.31328282	-0.0114423344	-0.00678680489	-0.0114423344	-0.000426138223	0.000946613392	0.00174246981	0	100	0	0	3
439	224	0.660129115	4.3231305	-0.012125101	-0.0068424952	-0.012125101	-0.000426138223	0.000923329004	0.00174246981	0	100	0	0	3
440	225	0.661847929	4.33297818	-0.0120448052	-0.00688140932	-0.012125101	-0.000426138223	0.000892791037	0.00174246981	0	100	0	0	3
441	225	0.663698441	4.34282585	-0.0103556143	-0.00689915381	-0.012125101	-0.000426138223	0.000877458333	0.00174246981	0	100	0	0	3
442	226	0.665346089	4.35267353	-0.00802934717	-0.00688450001	-0.012125101	-0.000426138223	0.000832934826	0.00174246981	0	100	0	0	3
443	227	0.66607423	4.36252121	-0.00796005195	-0.00689439602	-0.012125101	-0.000426138223	0.000820402045	0.00174246981	0	100	0	0	3
444	227	0.666806525	4.37236889	-0.0076126824	-0.00690637285	-0.012125101	-0.000426138223	0.00082037174	0.00174246981	0	100	0	0	3
445	228	0.667907234	4.38221656	-0.00893778908	-0.00693648555	-0.012125101	-0.000426138223	0.000819657518	0.00174246981	0	100	0	0	3
446	228	0.669280957	4.39206424	-0.00784794538	-0.00694859754	-0.012125101	-0.000426138223	0.00080860436	0.00174246981	0	100	0	0	3
447	229	0.670730553	4.40191192	-0.0070195898	-0.00698406858	-0.012125101	-0.000426138223	0.000844075401	0.00174246981	0	100	0	0	3
448	230	0.672505931	4.4117596	-0.00609596808	-0.00701339403	-0.012125101	-0.000426138223	0.000873400845	0.00174246981	0	100	0	0	3
449	230	0.674335224	4.42160728	-0.00529346562	-0.00707860417	-0.012125101	-0.000426138223	0.000938610988	0.00174246981	0	100	0	0	3
450	231	0.676383731	4.43145495	-0.004482017	-0.00711449191	-0.012125101	-0.000426138223	0.000974498728	0.00174246981	0	100	0	0	3
451	231	0.678174127	4.44130263	-0.00184618933	-0.00705606699	-0.012125101	-0.000426138223	0.000974498728	0.00174246981	0	100	0	0	3
452	232	0.679800424	4.45115031	-0.00179666026	-0.00699040398	-0.012125101	-0.000426138223	0.000974498728	0.00174246981	0	100	0	0	3
453	232	0.681065184	4.46099799	-0.00193307851	-0.00702892979	-0.012125101	-0.000426138223	0.000974498728	0.00174246981	0	100	0	0	3
454	233	0.682732276	4.47084566	-0.00290707497	-0.00705282754	-0.012125101	-0.00132026047	0.000974498728	0.00174246981	0	100	0	0	3
455	233	0.684437962	4.48069334	-0.00367154235	-0.00706103598	-0.012125101	-0.00179666026	0.000974498728	0.00174246981	0	100	0	0	3
456	234	0.686695925	4.49054102	-0.00557705311	-0.00711195247	-0.012125101	-0.00179666026	0.000974498728	0.00174246981	0	100	0	0	3
457	234	0.687950809	4.5003887	-0.00649696726	-0.00715977573	-0.012125101	-0.00179666026	0.00101978254	0.00174246981	0	100	0	0	3
458	234	0.690116178	4.51023637	-0.00822087559	-0.00722091071	-0.012125101	-0.00179666026	0.00108091753	0.00174246981	0	100	0	0	3
459	235	0.692539215	4.52008405	-0.00961551496	-0.0072915403	-0.012125101	-0.00179666026	0.00115154712	0.00174246981	0	100	0	0	3
460	235	0.69459718	4.52993173	-0.010913579	-0.00734740212	-0.012125101	-0.00179666026	0.00120740894	0.00174246981	0	100	0	0	3
461	236	0.696653306	4.53977941	-0.011211233	-0.00740395381	-0.012125101	-0.00179666026	0.00126396063	0.00174246981	0	100	0	0	3
462	236	0.698681006	4.54962709	-0.0113917854	-0.00743552929	-0.012125101	-0.00179666026	0.00129553611	0.00174246981	0	100	0	0	3
463	237	0.700809336	4.55947476	-0.01147272	-0.00746520384	-0.012125101	-0.00179666026	0.00132521066	0.00174246981	0	100	0	0	3
464	237	0.702791209	4.56932244	-0.00987433064	-0.00744962583	-0.012125101	-0.00179666026	0.00132521066	0.00174246981	0	100	0	0	3
465	238	0.70433979	4.57917012	-0.0076294873	-0.00736596211	-0.012125101	-0.00179666026	0.00132521066	0.00174246981	0	100	0	0	3
466	238	0.705199831	4.5890178	-0.00683223086	-0.0072902443	-0.012125101	-0.00179666026	0.00132521066	0.00174246981	0	100	0	0	3
467	239	0.706167335	4.59886547	-0.00593129842	-0.00722369917	-0.012125101	-0.00179666026	0.00132521066	0.00174246981	0	100	0	0	3
468	239	0.707256086	4.60871315	-0.00517204079	-0.00718063829	-0.012125101	-0.00179666026	0.00132521066	0.00174246981	0	100	0	0	3
469	240	0.708598551	4.61856083	-0.00286033014	-0.00711812192	-0.012125101	-0.00179666026	0.00132521066	0.00174246981	0	100	0	0	3
470	240	0.710061275	4.62840851	-0.00146616767	-0.00702735009	-0.012125101	-0.00146616767	0.00132521066	0.00174246981	0	100	0	0	3
471	241	0.711770514	4.63825618	-0.000578473271	-0.00689925923	-0.012125101	-0.000578473271	0.00132521066	0.00174246981	0	100	0	0	3
472	242	0.713539249	4.64810386	0.000166601361	-0.00674328815	-0.012125101	0.000166601361	0.00132521066	0.00174246981	0	100	0	0	3
473	242	0.715292962	4.65795154	-0.00112058159	-0.00663751878	-0.012125101	0.000166601361	0.00132175612	0.00174246981	0	100	0	0	3
474	242	0.717242224	4.66779922	0.000962852845	-0.00647237275	-0.012125101	0.000962852845	0.00132175612	0.00174246981	0	100	0	0	3
475	243	0.718727099	4.67764689	0.000258357249	-0.00637989863	-0.012125101	0.000962852845	0.00132175612	0.00174246981	0	100	0	0	3
476	243	0.720511307	4.68749457	-0.000927281272	-0.00628789693	-0.012125101	0.000962852845	0.0012901626	0.00174246981	0	100	0	0	3
477	244	0.722462549	4.69734225	-0.00229589223	-0.00622330547	-0.012125101	0.000962852845	0.00128006869	0.00174246981	0	100	0	0	3
478	244	0.724473438	4.70718993	-0.00328118952	-0.00619934142	-0.012125101	0.000962852845	0.00126586242	0.00174246981	0	100	0	0	3
479	245	0.72605085	4.71703761	-0.00445520215	-0.00620093314	-0.012125101	0.000962852845	0.00126586242	0.00174246981	0	100	0	0	3
480	245	0.728486314	4.72688528	-0.00627956337	-0.00626205485	-0.012125101	0.000962852845	0.00126586242	0.00174246981	0	100	0	0	3
481	246	0.729583864	4.73673296	-0.00729315146	-0.00632898623	-0.012125101	0.000962852845	0.00126586242	0.00174246981	0	100	0	0	3
482	246	0.731505739	4.74658064	-0.00899477388	-0.00643028522	-0.012125101	0.000962852845	0.00126586242	0.00174246981	0	100	0	0	3
483	246	0.733585871	4.75642832	-0.0102348208	-0.006537517	-0.012125101	0.000962852845	0.00126586242	0.00174246981	0	100	0	0	3
484	247	0.735787486	4.76627599	-0.0107156529	-0.00664771699	-0.012125101	0.000962852845	0.00126586242	0.00174246981	0	100	0	0	3
485	247	0.737829287	4.77612367	-0.0110239197	-0.00673214246	-0.012125101	0.000962852845	0.00126586242	0.00174246981	0	100	0	0	3
486	248	0.739990463	4.78597135	-0.0111747698	-0.00679242282	-0.012125101	0.000962852845	0.00126586242	0.00174246981	0	100	0	0	3
487	248	0.74198243	4.79581903	-0.00989726445	-0.00678760861	-0.012125101	0.000962852845	0.00126586242	0.00174246981	0	100	0	0	3
488	249	0.743523956	4.8056667	-0.00756189261	-0.0067019144	-0.012125101	0.000962852845	0.00126586242	0.00174246981	0	100	0	0	3
489	250	0.744583707	4.81551438	-0.00599565927	-0.00658317846	-0.012125101	0.000962852845	0.00126586242	0.00174246981	0	100	0	0	3
490	250	0.745317236	4.82536206	-0.00592522629	-0.00643956752	-0.0120448052	0.000962852845	0.00126586242	0.00174246981	0	100	0	0	3
491	251	0.746507534	4.83520974	-0.00632033246	-0.00632408992	-0.01147272	0.000962852845	0.00126586242	0.00174246981	0	100	0	0	3
492	251	0.747775012	4.84505742	-0.0038401831	-0.00619791114	-0.01147272	0.000962852845	0.0012672927	0.00174246981	0	100	0	0	3
493	252	0.748595662	4.85490509	-0.0043509502	-0.00614345715	-0.01147272	0.000962852845	0.00132174669	0.00174246981	0	100	0	0	3
494	252	0.750029533	4.86475277	-0.00256668041	-0.00606661419	-0.01147272	0.000962852845	0.00139858965	0.00174246981	0	100	0	0	3
495	253	0.751494853	4.87460045	-0.0021636041	-0.00598571361	-0.01147272	0.000962852845	0.00147949022	0.00174246981	0	100	0	0	3
496	253	0.7524282	4.88444813	-0.00275476749	-0.00591159033	-0.01147272	0.000962852845	0.00155361351	0.00174246981	0	100	0	0	3
497	254	0.754736934	4.8942958	-0.00260367574	-0.00579109426	-0.01147272	0.000962852845	0.00167410958	0.00174246981	0	100	0	0	3
498	254	0.756031656	4.90414348	-0.00129827061	-0.00570202416	-0.01147272	0.000962852845	0.00176317968	0.00174246981	0	98.8	0	0	3
499	255	0.757933268	4.91399116	-0.000795981239	-0.00558462857	-0.01147272	0.000962852845	0.00188057527	0.00174246981	0	92.6	0	0	3
500	255	0.759317262	4.92383884	-0.000420385353	-0.00550679263	-0.01147272	0.000962852845	0.00195841121	0.00174246981	0	88.9	0	0	3
501	256	0.761313711	4.93368651	-0.00158867297	-0.00543940692	-0.01147272	0.000962852845	0.00202579692	0.00174246981	0	86	0	0	3
502	257	0.762732399	4.94353419	-0.00208371185	-0.00545918733	-0.01147272	0.000962852845	0.00202579692	0.00174246981	0	86	0	0	3
503	257	0.764475094	4.95338187	-0.0032411998	-0.00548388282	-0.01147272	0.000962852845	0.00202579692	0.00174246981	0	86	0	0	3
504	258	0.766472543	4.96322955	-0.00479191575	-0.00552028185	-0.01147272	0.000962852845	0.00202579692	0.00174246981	0	86	0	0	3
505	258	0.76843684	4.97307722	-0.00710811342	-0.00560750508	-0.01147272	0.000962852845	0.00202579692	0.00174246981	0	86	0	0	3
506	259	0.770432351	4.9829249	-0.00882260537	-0.00572051144	-0.01147272	0.000962852845	0.00202579692	0.00174246981	0	86	0	0	3
507	259	0.77245416	4.99277258	-0.00981902568	-0.00582091386	-0.01147272	0.000962852845	0.00202579692	0.00174246981	0	86	0	0	3
508	259	0.774487366	5.00262026	-0.0103700538	-0.00591799387	-0.01147272	0.000962852845	0.00202579692	0.00174246981	0	86	0	0	3
509	260	0.776521089	5.01246794	-0.0107072707	-0.00597300783	-0.01147272	0.000962852845	0.00202579692	0.00174246981	0	86	0	0	3
510	260	0.778608838	5.02231561	-0.0110950578	-0.0059947068	-0.01147272	0.000962852845	0.00202579692	0.00174246981	0	86	0	0	3
511	261	0.780204085	5.03216329	-0.0109945308	-0.00596962806	-0.01147272	0.000962852845	0.00202579692	0.00174246981	0	86	0	0	3
512	261	0.78181453	5.04201097	-0.00945792938	-0.0059090408	-0.01147272	0.000962852845	0.00202579692	0.00174246981	0	86	0	0	3
513	262	0.783407624	5.05185865	-0.00726044227	-0.00580323638	-0.01147272	0.000962852845	0.00202579692	0.00174246981	0	86	0	0	3
514	262	0.784120483	5.06170632	-0.00682146821	-0.00566711202	-0.0111747698	0.000962852845	0.00201021891	0.00174246981	0	86.6	0	0	3
515	263	0.784816112	5.071554	-0.00639569389	-0.00557163675	-0.0111747698	0.000962852845	0.00192655519	0.00174246981	0	90.4	0	0	3
516	263	0.785980921	5.08140168	-0.00671036642	-0.00554884989	-0.0111747698	0.000962852845	0.00185083738	0.00174246981	0	94.1	0	0	3
517	264	0.787291802	5.09124936	-0.00523522847	-0.00553039642	-0.0111747698	0.000962852845	0.00178429225	0.00174246981	0	97.6	0	0	3
518	265	0.788491535	5.10109703	-0.00456975567	-0.00551168519	-0.0111747698	0.000962852845	0.00174123137	0.00174246981	0	100	0	0	3
519	265	0.790238216	5.11094471	-0.00352651781	-0.00547435589	-0.0111747698	0.000962852845	0.001678715	0.00174246981	0	100	0	0	3
520	265	0.791832653	5.12079239	-0.00175310669	-0.0054452325	-0.0111747698	0.000962852845	0.00158794317	0.00174246981	0	100	0	0	3
521	266	0.793607688	5.13064007	-0.00259446643	-0.00545432999	-0.0111747698	0.000962852845	0.0014598523	0.00174246981	0	100	0	0	3
522	267	0.795517109	5.14048775	-0.00125507065	-0.0054581015	-0.0111747698	0.000962852845	0.00135301589	0.00174246981	0	100	0	0	3
523	267	0.796880718	5.15033542	-0.000888580636	-0.00550270802	-0.0111747698	0.000962852845	0.00135301589	0.00174246981	0	100	0	0	3
524	268	0.798776321	5.1601831	-0.000898290196	-0.00549021261	-0.0111747698	0.000962852845	0.00135301589	0.00174246981	0	100	0	0	3
525	268	0.800855109	5.17003078	-0.00186453411	-0.00555051074	-0.0111747698	0.000258357249	0.00135301589	0.00174246981	0	100	0	0	3
526	269	0.802056601	5.17987846	-0.0018169285	-0.0056001879	-0.0111747698	-0.000420385353	0.00135301589	0.00174246981	0	100	0	0	3
527	269	0.803756714	5.18972613	-0.00265060765	-0.00564010382	-0.0111747698	-0.000420385353	0.00135301589	0.00174246981	0	100	0	0	3
528	269	0.805604064	5.19957381	-0.00433111051	-0.0056895039	-0.0111747698	-0.000420385353	0.00135301589	0.00174246981	0	100	0	0	3
529	270	0.807139072	5.20942149	-0.00609616464	-0.00575563875	-0.0111747698	-0.000420385353	0.00135301589	0.00174246981	0	100	0	0	3
530	270	0.808800588	5.21926917	-0.007392029	-0.00581328503	-0.0111747698	-0.000420385353	0.00135301589	0.00174246981	0	100	0	0	3
531	271	0.810528887	5.22911684	-0.00870235591	-0.00586030419	-0.0111747698	-0.000420385353	0.00135301589	0.00174246981	0	100	0	0	3
532	271	0.812371011	5.23896452	-0.0101472707	-0.00593669896	-0.0111747698	-0.000420385353	0.00135301589	0.00174246981	0	100	0	0	3
533	271	0.814398297	5.2488122	-0.0105689498	-0.00597908707	-0.0111747698	-0.000420385353	0.00135301589	0.00174246981	0	100	0	0	3
534	272	0.8163707	5.25865988	-0.0108272534	-0.0059876641	-0.0111747698	-0.000420385353	0.00135301589	0.00174246981	0	100	0	0	3
535	272	0.818531732	5.26850756	-0.0111550182	-0.00599682012	-0.0111747698	-0.000420385353	0.00135301589	0.00174246981	0	100	0	0	3
536	273	0.820516922	5.27835523	-0.00997486871	-0.00596819244	-0.0111747698	-0.000420385353	0.00135301589	0.00174246981	0	100	0	0	3
537	274	0.822100754	5.28820291	-0.00752982153	-0.00586127565	-0.0111550182	-0.000420385353	0.00134820168	0.00174246981	0	100	0	0	3
538	274	0.822988258	5.29805059	-0.0064267864	-0.00576822476	-0.0111550182	-0.000420385353	0.00126250748	0.00174246981	0	100	0	0	3
539	275	0.823633121	5.30789827	-0.00644802743	-0.00573918182	-0.0111550182	-0.000420385353	0.00114377154	0.00174246981	0	100	0	0	3
540	275	0.824763669	5.31774594	-0.00622797366	-0.00574268394	-0.0111550182	-0.000420385353	0.0010001606	0.00174246981	0	100	0	0	3
541	276	0.826063854	5.32759362	-0.00575872653	-0.00574128398	-0.0111550182	-0.000420385353	0.000884683002	0.00174246981	0	100	0	0	3
542	277	0.826936533	5.3374413	-0.00483622314	-0.00572289426	-0.0111550182	-0.000420385353	0.00075850422	0.00174246981	0	100	0	0	3
543	277	0.828431491	5.34728898	-0.0033858945	-0.00570916417	-0.0111550182	-0.000420385353	0.000704050224	0.00174246981	0	100	0	0	3
544	278	0.829982653	5.35713665	-0.00256539647	-0.00566294209	-0.0111550182	-0.000420385353	0.000627207269	0.00174246981	0	100	0	0	3
545	278	0.831305717	5.36698433	-0.00255418385	-0.00566695993	-0.0111550182	-0.000420385353	0.000557413193	0.00174246981	0	100	0	0	3
546	279	0.833219486	5.37683201	-0.00194959906	-0.00564272449	-0.0111550182	-0.000420385353	0.000557413193	0.00174246981	0	100	0	0	3
547	279	0.834490823	5.38667969	-0.00116425487	-0.00560618926	-0.0111550182	-0.000420385353	0.000557413193	0.00174246981	0	100	0	0	3
548	280	0.836334066	5.39652736	0.000604470593	-0.00555084723	-0.0111550182	0.000604470593	0.000557413193	0.00174246981	0	100	0	0	3
549	280	0.837538381	5.40637504	0.000104829668	-0.0055348324	-0.0111550182	0.000604470593	0.000557413193	0.00174246981	0	100	0	0	3
550	280	0.838684415	5.41622272	-0.000329486144	-0.0055725527	-0.0111550182	0.000604470593	0.000557413193	0.00174246981	0	100	0	0	3
551	281	0.840393113	5.4260704	-0.00169772728	-0.00557883889	-0.0111550182	0.000604470593	0.000557413193	0.00174246981	0	100	0	0	3
552	281	0.842219379	5.43591808	-0.00304888605	-0.00562019318	-0.0111550182	0.000604470593	0.000551587612	0.00174246981	0	100	0	0	3
553	282	0.843860219	5.44576575	-0.00429326735	-0.00565519831	-0.0111550182	0.000604470593	0.000551587612	0.00174246981	0	100	0	0	3
554	282	0.845817611	5.45561343	-0.00563293044	-0.00570638036	-0.0111550182	0.000604470593	0.000551587612	0.00174246981	0	100	0	0	3
555	283	0.847507411	5.46546111	-0.00723554348	-0.0057608085	-0.0111550182	0.000604470593	0.000551587612	0.00174246981	0	100	0	0	3
556	283	0.849762448	5.47530879	-0.00889812436	-0.00581525944	-0.0111550182	0.000604470593	0.000551587612	0.00174246981	0	100	0	0	3
557	283	0.851584899	5.48515646	-0.00996111685	-0.00583441384	-0.0111550182	0.000604470593	0.000551587612	0.00174246981	0	100	0	0	3
558	284	0.853621273	5.49500414	-0.0102918797	-0.00584699213	-0.0111550182	0.000604470593	0.000551587612	0.00174246981	0	100	0	0	3
559	284	0.855644177	5.50485182	-0.0106796027	-0.00585413376	-0.0111550182	0.000604470593	0.000551587612	0.00174246981	0	100	0	0	3
560	285	0.85785618	5.5146995	-0.0109544111	-0.00587149271	-0.0111550182	0.000604470593	0.000551587612	0.00174246981	0	100	0	0	3
561	285	0.859926666	5.52454717	-0.00946643226	-0.00582891631	-0.0111550182	0.000604470593	0.000551587612	0.00174246981	0	100	0	0	3
562	286	0.861598197	5.53439485	-0.00707833874	-0.00575333368	-0.0111550182	0.000604470593	0.000551587612	0.00174246981	0	100	0	0	3
563	286	0.862380917	5.54424253	-0.0062707992	-0.00568430965	-0.0111550182	0.000604470593	0.000551587612	0.00174246981	0	100	0	0	3
564	287	0.863053273	5.55409021	-0.00639986835	-0.00565882406	-0.0111550182	0.000604470593	0.000551587612	0.00174246981	0	100	0	0	3
565	288	0.864200278	5.56393789	-0.00727898309	-0.00567168032	-0.0111550182	0.000604470593	0.000551587612	0.00174246981	0	100	0	0	3
566	288	0.865439918	5.57378556	-0.00522728053	-0.00565860055	-0.0111550182	0.000604470593	0.000551587612	0.00174246981	0	100	0	0	3
567	289	0.866474417	5.58363324	-0.00442492489	-0.00562752547	-0.0111550182	0.000604470593	0.000551587612	0.00174246981	0	100	0	0	3
568	289	0.86798622	5.59348092	-0.00153008228	-0.00555713309	-0.0111550182	0.000604470593	0.000551587612	0.00174246981	0	100	0	0	3
569	290	0.869572468	5.6033286	-0.00156061798	-0.00549355618	-0.0111550182	0.000604470593	0.000551587612	0.00174246981	0	100	0	0	3
570	291	0.87007781	5.61317627	-0.00110832048	-0.00550883358	-0.0111550182	0.000604470593	0.000551587612	0.00174246981	0	100	0	0	3
571	291	0.870919815	5.62302395	-0.00138504278	-0.00554064681	-0.0111550182	0.000604470593	0.000542490122	0.00174246981	0	100	0	0	3
572	292	0.87237456	5.63287163	-0.000889525561	-0.00552113837	-0.0111550182	0.000604470593	0.000538718621	0.00174246981	0	100	0	0	3
573	292	0.874152317	5.64271931	0.000871911812	-0.00548019523	-0.0111550182	0.000871911812	0.000516624886	0.00174246981	0	100	0	0	3
574	293	0.875043492	5.65256698	0.00220462231	-0.00547268077	-0.0111550182	0.00220462231	0.000524139347	0.00174246981	0	100	0	0	3
575	293	0.875839957	5.66241466	0.00232780602	-0.00550458184	-0.0111550182	0.00232780602	0.000524139347	0.00174246981	0	100	0	0	3
576	294	0.877752854	5.67226234	0.00132189243	-0.00543316942	-0.0111550182	0.00232780602	0.0005636507	0.00174246981	0	100	0	0	3
577	294	0.879486637	5.68211002	-0.000321659425	-0.0053748282	-0.0111550182	0.00232780602	0.000621991917	0.00174246981	0	100	0	0	3
578	295	0.88084569	5.6919577	-0.00137346645	-0.00536436522	-0.0111550182	0.00232780602	0.000632454893	0.00174246981	0	100	0	0	3
579	295	0.882820423	5.70180537	-0.00315230496	-0.00533251386	-0.0111550182	0.00232780602	0.000664306256	0.00174246981	0	100	0	0	3
580	295	0.884264133	5.71165305	-0.00448934751	-0.00530153175	-0.0111550182	0.00232780602	0.000695288363	0.00174246981	0	100	0	0	3
581	296	0.886300307	5.72150073	-0.00659635829	-0.00529073294	-0.0111550182	0.00232780602	0.000706087171	0.00174246981	0	100	0	0	3
582	296	0.888030296	5.73134841	-0.0079409498	-0.00527381123	-0.0111550182	0.00232780602	0.000723008883	0.00174246981	0	100	0	0	3
583	297	0.889886051	5.74119608	-0.00911441477	-0.00524994107	-0.0111550182	0.00232780602	0.00074687905	0.00174246981	0	100	0	0	3
584	297	0.891780644	5.75104376	-0.00986155243	-0.00522350057	-0.0111550182	0.00232780602	0.000773319549	0.00174246981	0	100	0	0	3
585	298	0.893787586	5.76089144	-0.0100121419	-0.00520486985	-0.0111550182	0.00232780602	0.000791950269	0.00174246981	0	100	0	0	3
586	298	0.895965965	5.77073912	-0.0106229871	-0.0051912357	-0.0109544111	0.00232780602	0.000776956731	0.00174246981	0	100	0	0	3
587	299	0.897840527	5.78058679	-0.0102568396	-0.00519122757	-0.0109544111	0.00232780602	0.000680265139	0.00174246981	0	100	0	0	3
588	299	0.899259151	5.79043447	-0.00897754411	-0.00521283788	-0.0109544111	0.00232780602	0.000680265139	0.00174246981	0	100	0	0	3
589	300	0.900885083	5.80028215	-0.00693591552	-0.00523497259	-0.0109544111	0.00232780602	0.000680265139	0.00174246981	0	100	0	0	3
590	300	0.901661073	5.81012983	-0.00635106133	-0.00523604681	-0.0109544111	0.00232780602	0.000680265139	0.00174246981	0	100	0	0	3
591	301	0.902306055	5.8199775	-0.00709337347	-0.00523703365	-0.0109544111	0.00232780602	0.000680265139	0.00174246981	0	100	0	0	3
592	301	0.903499719	5.82982518	-0.00714161701	-0.00525763309	-0.0109544111	0.00232780602	0.000680265139	0.00174246981	0	100	0	0	3
593	302	0.904744062	5.83967286	-0.00562853767	-0.00526829128	-0.0109544111	0.00232780602	0.000680265139	0.00174246981	0	100	0	0	3
594	303	0.906218662	5.84952054	-0.00454292198	-0.00529071753	-0.0109544111	0.00232780602	0.000680265139	0.00174246981	0	100	0	0	3
595	303	0.907706385	5.85936822	-0.00378113373	-0.00531621262	-0.0109544111	0.00232780602	0.000680265139	0.00174246981	0	100	0	0	3
596	304	0.90950854	5.86921589	-0.00422930985	-0.00533789436	-0.0109544111	0.00232780602	0.000680265139	0.00174246981	0	100	0	0	3
597	304	0.911002423	5.87906357	-0.00458639577	-0.00540682673	-0.0109544111	0.00232780602	0.000680265139	0.00174246981	0	100	0	0	3
598	305	0.912982045	5.88891125	-0.00237633738	-0.00539911267	-0.0109544111	0.00232780602	0.000680265139	0.00174246981	0	100	0	0	3
599	305	0.914799215	5.89875893	-0.000913135309	-0.00543625372	-0.0109544111	0.00232780602	0.000680265139	0.00174246981	0	100	0	0	3
600	306	0.916659089	5.9086066	-2.10496642e-05	-0.00539330183	-0.0109544111	0.00232780602	0.000680265139	0.00174246981	0	100	0	0	3
601	307	0.918565062	5.91845428	-0.00114251259	-0.00536452659	-0.0109544111	0.00232780602	0.000680265139	0.00174246981	0	100	0	0	3
602	307	0.920599424	5.92830196	-0.00227045381	-0.00536416488	-0.0109544111	0.00232780602	0.000680265139	0.00174246981	0	100	0	0	3
603	308	0.922127053	5.93814964	-0.00347192725	-0.00538090518	-0.0109544111	0.00232780602	0.000680265139	0.00174246981	0	100	0	0	3
604	308	0.924156594	5.94799731	-0.00489183209	-0.00539076921	-0.0109544111	0.00232780602	0.000680265139	0.00174246981	0	100	0	0	3
605	308	0.925725862	5.95784499	-0.00630727864	-0.0054028361	-0.0109544111	0.00232780602	0.000680265139	0.00174246981	0	100	0	0	3
606	309	0.927400011	5.96769267	-0.00811265943	-0.00542085702	-0.0109544111	0.00232780602	0.000680265139	0.00174246981	0	100	0	0	3
607	309	0.92924303	5.97754035	-0.00952164407	-0.00541728963	-0.0109544111	0.00232780602	0.000680265139	0.00174246981	0	100	0	0	3
608	310	0.931160961	5.98738803	-0.0104086552	-0.00543352808	-0.0109544111	0.00232780602	0.000680265139	0.00174246981	0	100	0	0	3
609	310	0.93319824	5.9972357	-0.0106367365	-0.00544241216	-0.0109544111	0.00232780602	0.000680265139	0.00174246981	0	100	0	0	3
610	311	0.935416354	6.00708338	-0.0111332899	-0.00546784309	-0.0111332899	0.00232780602	0.000680265139	0.00174246981	0	100	0	0	3
611	311	0.936914146	6.01693106	-0.0106218963	-0.00541197774	-0.0111332899	0.00232780602	0.000637688736	0.00174246981	0	100	0	0	3
612	312	0.938254499	6.02677874	-0.00953651251	-0.00537538337	-0.0111332899	0.00232780602	0.000562106112	0.00174246981	0	100	0	0	3
613	312	0.939875868	6.03662641	-0.00743594393	-0.00538169916	-0.0111332899	0.00232780602	0.000493082086	0.00174246981	0	100	0	0	3
614	313	0.9409435	6.04647409	-0.00703244553	-0.00539527398	-0.0111332899	0.00232780602	0.000480452755	0.00174246981	0	100	0	0	3
615	313	0.941649642	6.05632177	-0.00671201372	-0.00539851025	-0.0111332899	0.00232780602	0.000480452755	0.00174246981	0	100	0	0	3
616	314	0.942760374	6.06616945	-0.00729319786	-0.00539784301	-0.0111332899	0.00232780602	0.000467372983	0.00174246981	0	100	0	0	3
617	315	0.944044219	6.07601712	-0.00623570847	-0.00541421775	-0.0111332899	0.00232780602	0.000436297902	0.00174246981	0	100	0	0	3
618	315	0.945305637	6.0858648	-0.0053979229	-0.00542693945	-0.0111332899	0.00232780602	0.000365905518	0.00174246981	0	100	0	0	3
619	316	0.947113798	6.09571248	-0.00326276566	-0.00545193841	-0.0111332899	0.00232780602	0.000349419236	0.00174246981	0	100	0	0	3
620	316	0.948609342	6.10556016	-0.00243996742	-0.00547304328	-0.0111332899	0.00232780602	0.000349419236	0.00174246981	0	100	0	0	3
621	317	0.949759912	6.11540784	-0.00281549238	-0.00546235055	-0.0111332899	0.00232780602	0.000349419236	0.00174246981	0	100	0	0	3
622	317	0.952036199	6.12525551	-0.00349058478	-0.00544934219	-0.0111332899	0.00232780602	0.000329910805	0.00174246981	0	100	0	0	3
623	317	0.953555016	6.13510319	-0.00330111463	-0.00549086207	-0.0111332899	0.00232780602	0.00031335427	0.00174246981	0	100	0	0	3
624	318	0.955864544	6.14495087	-0.00263750412	-0.00554864485	-0.0111332899	0.00232780602	0.000357417281	0.00174246981	0	100	0	0	3
625	318	0.957916135	6.15479855	-0.00396229353	-0.00559274834	-0.0111332899	0.00232780602	0.000401520768	0.00174246981	0	100	0	0	3
626	319	0.959748358	6.16464622	-0.00391179182	-0.00563122556	-0.0111332899	0.00132189243	0.000439997994	0.00174246981	0	100	0	0	3
627	319	0.961464673	6.1744939	-0.00441802136	-0.00576523717	-0.0111332899	-2.10496642e-05	0.000574009599	0.00174246981	0	100	0	0	3
628	320	0.962821667	6.18434158	-0.00536322132	-0.00587194437	-0.0111332899	-2.10496642e-05	0.000680716802	0.00174246981	0	100	0	0	3
629	320	0.964999974	6.19418926	-0.00792781608	-0.00599780831	-0.0111332899	-2.10496642e-05	0.000806580737	0.00174246981	0	100	0	0	3
630	320	0.967332642	6.20403693	-0.00954855199	-0.0061623031	-0.0111332899	-2.10496642e-05	0.000971075534	0.00174246981	0	100	0	0	3
631	321	0.9693328	6.21388461	-0.0108335555	-0.00630052678	-0.0111332899	-2.10496642e-05	0.00110929921	0.00174246981	0	100	0	0	3
632	321	0.971379054	6.22373229	-0.0113038958	-0.00641378419	-0.0113038958	-2.10496642e-05	0.00122255662	0.00174246981	0	100	0	0	3
633	322	0.9733514	6.23357997	-0.0116126487	-0.00650299985	-0.0116126487	-2.10496642e-05	0.00131177228	0.00174246981	0	100	0	0	3
634	322	0.975375038	6.24342764	-0.0116060862	-0.00656710931	-0.0116126487	-2.10496642e-05	0.00137588174	0.00174246981	0	100	0	0	3
635	323	0.976677165	6.25327532	-0.011644174	-0.00657145997	-0.011644174	-2.10496642e-05	0.0013802324	0.00174246981	0	100	0	0	3
636	323	0.978072989	6.263123	-0.0100111617	-0.00654649682	-0.011644174	-2.10496642e-05	0.0013802324	0.00174246981	0	100	0	0	3
637	324	0.979442474	6.27297068	-0.00766607078	-0.00645848522	-0.011644174	-2.10496642e-05	0.0013802324	0.00174246981	0	100	0	0	3
638	324	0.980203648	6.28281836	-0.00748674623	-0.00638153854	-0.011644174	-2.10496642e-05	0.00135862209	0.00174246981	0	100	0	0	3
639	325	0.980874357	6.29266603	-0.0079466218	-0.00634927693	-0.011644174	-2.10496642e-05	0.00133648738	0.00174246981	0	100	0	0	3
640	325	0.982069375	6.30251371	-0.00729718544	-0.00635148097	-0.011644174	-2.10496642e-05	0.00133541316	0.00174246981	0	100	0	0	3
641	326	0.983373303	6.31236139	-0.00499770454	-0.00632988198	-0.011644174	-2.10496642e-05	0.00133442633	0.00174246981	0	100	0	0	3
642	326	0.98473429	6.32220907	-0.00310029883	-0.00627058362	-0.011644174	-2.10496642e-05	0.00131382689	0.00174246981	0	100	0	0	3
643	327	0.986592386	6.33205674	-0.00125215545	-0.0061458501	-0.011644174	-2.10496642e-05	0.00130316869	0.00174246981	0	100	0	0	3
644	328	0.98800552	6.34190442	-0.0018300989	-0.00608033334	-0.011644174	-2.10496642e-05	0.00128074245	0.00174246981	0	100	0	0	3
645	328	0.989517772	6.3517521	-0.00223862145	-0.00603780505	-0.011644174	-2.10496642e-05	0.00125524735	0.00174246981	0	100	0	0	3
646	328	0.99162104	6.36159978	-0.00118748231	-0.00595624329	-0.011644174	-2.10496642e-05	0.00123356561	0.00174246981	0	100	0	0	3
647	329	0.993187325	6.37144745	-0.000280469641	-0.00588719735	-0.011644174	-2.10496642e-05	0.0012072951	0.00174246981	0	100	0	0	3
648	329	0.99524325	6.38129513	-9.2304776e-05	-0.00576883885	-0.011644174	-2.10496642e-05	0.0012072951	0.00174246981	0	100	0	0	3
649	330	0.997050202	6.39114281	-0.00169736775	-0.0057612131	-0.011644174	-2.10496642e-05	0.0012072951	0.00174246981	0	100	0	0	3
650	330	0.998570415	6.40099049	-0.00204801386	-0.00579899374	-0.011644174	-2.10496642e-05	0.0012072951	0.00174246981	0	100	0	0	3
651	331	1	6.41083817	-0.00297999472	-0.0058795814	-0.011644174	-9.2304776e-05	0.0012072951	0.00174246981	0	100	0	0	3
