Iteration	CPUTime	PhysTime	Travels	Value	AvValue	MinValue	MaxValue	Delta	Criteria	PrevAvRefValue	Progress	CriteriaType	CriteriaVarType	CriteriaPercentage
1	11	0.00223819572	0.00817963663	101499.666	101499.666	101499.666	101499.666	0	0	0	0	0	0	3
2	14	0.00258031351	0.0163592733	101219.855	101462.567	101219.855	101499.666	37.0995864	0	0	0	0	0	3
3	17	0.00302177552	0.0245389099	101420.995	101456.493	101219.855	101499.666	43.1729185	0	0	0	0	0	3
4	19	0.00355342751	0.0327185465	101456.015	101456.422	101219.855	101499.666	43.2445204	0	0	0	0	0	3
5	21	0.00410922047	0.0408981832	101461.213	101457.07	101219.855	101499.666	43.2445204	0	0	0	0	0	3
6	23	0.00516516245	0.0490778198	101454.233	101456.49	101219.855	101499.666	43.2445204	0	0	0	0	0	3
7	25	0.00636679793	0.0572574564	101454.813	101456.173	101219.855	101499.666	43.4928923	0	0	0	0	0	3
8	27	0.00759524009	0.0654370931	101454.617	101455.922	101219.855	101499.666	43.7446148	0	0	0	0	0	3
9	29	0.00878362715	0.0736167297	101456.444	101455.992	101219.855	101499.666	43.7446148	0	0	0	0	0	3
10	32	0.0099800313	0.0817963663	101457.643	101456.19	101219.855	101499.666	43.7446148	0	0	0	0	0	3
11	33	0.0117337301	0.0899760029	101456.625	101456.255	101219.855	101499.666	43.7446148	0	0	0	0	0	3
12	35	0.0133232266	0.0981556396	101455.799	101456.201	101219.855	101499.666	43.7446148	0	0	0	0	0	3
13	37	0.0149195508	0.106335276	101455.76	101456.154	101219.855	101499.666	43.7446148	0	0	0	0	0	3
14	39	0.0164399119	0.114514913	101455.028	101456.05	101219.855	101499.666	43.7446148	0	0	0	0	0	3
15	41	0.0179447415	0.122694549	101454.736	101455.939	101219.855	101499.666	43.7446148	0	0	0	0	0	3
16	43	0.0200806789	0.130874186	101454.864	101455.825	101219.855	101499.666	43.8412961	0	0	0	0	0	3
17	45	0.022015457	0.139053823	101454.283	101455.69	101219.855	101499.666	43.9767925	0	0	0	0	0	3
18	47	0.0238804564	0.147233459	101454.293	101455.58	101219.855	101499.666	44.0858844	0	0	0	0	0	3
19	49	0.025715145	0.155413096	101453.749	101455.45	101219.855	101499.666	44.2165236	0	0	0	0	0	3
20	51	0.0275240418	0.163592733	101454.588	101455.393	101219.855	101499.666	44.2731717	0	0	0	0	0	3
21	53	0.0302155906	0.171772369	101455.784	101455.428	101219.855	101499.666	44.2731717	0	0	0	0	0	3
22	54	0.0327672172	0.179952006	101456.417	101455.505	101219.855	101499.666	44.2731717	0	0	0	0	0	3
23	56	0.0352126386	0.188131643	101456.775	101455.593	101219.855	101499.666	44.2731717	0	0	0	0	0	3
24	58	0.0375676136	0.196311279	101458.975	101455.805	101219.855	101499.666	44.2731717	0	0	0	0	0	3
25	60	0.0398508581	0.204490916	101459.999	101456.045	101219.855	101499.666	44.2731717	0	0	0	0	0	3
26	61	0.0431272339	0.212670552	101461.649	101456.471	101219.855	101499.666	44.2731717	0	0	0	0	0	3
27	63	0.046372255	0.220850189	101464.656	101457.044	101219.855	101499.666	44.2731717	0	0	0	0	0	3
28	65	0.0496215519	0.229029826	101467.686	101457.741	101219.855	101499.666	44.2731717	0	0	0	0	0	3
29	67	0.0528183781	0.237209462	101468.323	101458.381	101219.855	101499.666	44.2731717	0	0	0	0	0	3
30	69	0.0559385099	0.245389099	101471.235	101459.098	101219.855	101499.666	44.2731717	0	0	0	0	0	3
31	70	0.0601505424	0.253568736	101474.993	101460.211	101219.855	101499.666	44.2731717	0	0	0	0	0	3
32	72	0.0641508985	0.261748372	101475.746	101461.18	101219.855	101499.666	44.2731717	0	0	0	0	0	3
33	74	0.0679642974	0.269928009	101478.986	101462.179	101219.855	101499.666	44.2731717	0	0	0	0	0	3
34	76	0.0719915976	0.278107645	101479.639	101463.156	101219.855	101499.666	44.2731717	0	0	0	0	0	3
35	78	0.0762461217	0.286287282	101483.261	101464.278	101219.855	101499.666	44.2731717	0	0	0	0	0	3
36	80	0.0801654715	0.294466919	101484.314	101465.257	101219.855	101499.666	44.2731717	0	0	0	0	0	3
37	82	0.0841199933	0.302646555	101484.023	101466.139	101219.855	101499.666	44.2731717	0	0	0	0	0	3
38	84	0.0878636834	0.310826192	101488.574	101467.095	101219.855	101499.666	44.2731717	0	0	0	0	0	3
39	86	0.0917444865	0.319005829	101487.883	101467.975	101219.855	101499.666	44.2731717	0	0	0	0	0	3
40	87	0.0954826624	0.327185465	101490.87	101468.871	101219.855	101499.666	44.2731717	0	0	0	0	0	3
41	90	0.0993599312	0.335365102	101493.666	101469.839	101219.855	101499.666	44.2731717	0	0	0	0	0	3
42	92	0.103332995	0.343544739	101493.185	101470.736	101219.855	101499.666	44.2731717	0	0	0	0	0	3
43	93	0.107158291	0.351724375	101493.443	101471.547	101219.855	101499.666	44.2731717	0	0	0	0	0	3
44	95	0.110923427	0.359904012	101494.956	101472.341	101219.855	101499.666	44.2731717	0	0	0	0	0	3
45	97	0.115252517	0.368083648	101495.444	101473.209	101219.855	101499.666	44.2731717	0	0	0	0	0	3
46	99	0.118813492	0.376263285	101497.51	101473.937	101219.855	101499.666	44.2731717	0	0	0	0	0	3
47	100	0.122805632	0.384442922	101496.883	101474.683	101219.855	101499.666	44.2731717	0	0	0	0	0	3
48	102	0.126032767	0.392622558	101498.441	101475.292	101219.855	101499.666	44.2731717	0	0	0	0	0	3
49	104	0.129827582	0.400802195	101497.509	101475.941	101219.855	101499.666	44.2731717	0	0	0	0	0	3
50	106	0.133369001	0.408981832	101496.99	101476.5	101219.855	101499.666	44.2731717	0	0	0	0	0	3
51	108	0.137071417	0.417161468	101499.669	101477.126	101219.855	101499.669	44.2731717	0	0	0	0	0	3
52	109	0.14078467	0.425341105	101497.319	101477.658	101219.855	101499.669	44.2731717	0	0	0	0	0	3
53	111	0.144756092	0.433520741	101497.507	101478.203	101219.855	101499.669	44.2731717	0	0	0	0	0	3
54	113	0.148473049	0.441700378	101500.038	101478.75	101219.855	101500.038	44.2731717	0	0	0	0	0	3
55	115	0.15214298	0.449880015	101498.251	101479.22	101219.855	101500.038	44.2731717	0	0	0	0	0	3
56	117	0.155638806	0.458059651	101498.306	101479.649	101219.855	101500.038	44.2731717	0	0	0	0	0	3
57	119	0.15873993	0.466239288	101498.787	101480.023	101219.855	101500.038	44.2731717	0	0	0	0	0	3
58	121	0.162108991	0.474418925	101496.825	101480.372	101219.855	101500.038	44.2731717	0	0	0	0	0	3
59	123	0.165596977	0.482598561	101499.278	101480.77	101219.855	101500.038	44.2731717	0	0	0	0	0	3
60	124	0.169249515	0.490778198	101500.102	101481.187	101219.855	101500.102	44.2731717	0	0	0	0	0	3
61	126	0.172431424	0.498957835	101498.878	101481.514	101219.855	101500.102	44.2731717	0	0	0	0	0	3
62	128	0.176340411	0.507137471	101500.848	101481.942	101219.855	101500.848	44.2731717	0	0	0	0	0	3
63	130	0.180219136	0.515317108	101498.937	101482.09	101219.855	101500.848	26.6966097	0	0	0	0	0	3
64	132	0.18367959	0.523496744	101498.592	101482.9	101420.995	101500.848	27.5073326	0	0	0	0	0	3
65	134	0.18676813	0.531676381	101499.949	101483.336	101453.749	101500.848	27.942636	0	0	0	0	0	3
66	135	0.190515721	0.539856018	101497.929	101483.706	101453.749	101500.848	28.3128385	0	0	0	0	0	3
67	137	0.194209665	0.548035654	101497.45	101484.039	101453.749	101500.848	28.6456687	0	0	0	0	0	3
68	139	0.197824121	0.556215291	101497.519	101484.455	101453.749	101500.848	29.0619234	0	0	0	0	0	3
69	141	0.201370311	0.564394928	101498.062	101484.885	101453.749	101500.848	29.4920347	0	0	0	0	0	3
70	143	0.204862666	0.572574564	101498.278	101485.311	101453.749	101500.848	29.9176284	0	0	0	0	0	3
71	144	0.208489245	0.580754201	101497.251	101485.699	101453.749	101500.848	30.3062262	0	0	0	0	0	3
72	146	0.212008649	0.588933837	101497.779	101486.076	101453.749	101500.848	30.6828065	0	0	0	0	0	3
73	148	0.215851624	0.597113474	101500.601	101486.602	101453.749	101500.848	31.2093012	0	0	0	0	0	3
74	150	0.219290809	0.605293111	101496.792	101487.01	101453.749	101500.848	31.6171547	0	0	0	0	0	3
75	152	0.223067096	0.613472747	101497.075	101487.433	101453.749	101500.848	32.0394147	0	0	0	0	0	3
76	153	0.226821989	0.621652384	101499.549	101487.883	101453.749	101500.848	32.4898448	0	0	0	0	0	3
77	155	0.230547802	0.629832021	101496.107	101488.262	101453.749	101500.848	32.8685954	0	0	0	0	0	3
78	157	0.233840574	0.638011657	101497.214	101488.733	101453.749	101500.848	33.3402181	0	0	0	0	0	3
79	159	0.23748547	0.646191294	101496.877	101489.18	101453.749	101500.848	33.7873173	0	0	0	0	0	3
80	160	0.241335228	0.654370931	101495.556	101489.593	101453.749	101500.848	34.1993981	0	0	0	0	0	3
81	162	0.244287886	0.662550567	101496.877	101489.992	101454.588	101500.848	34.5986729	0	0	0	0	0	3
82	164	0.248139202	0.670730204	101496.088	101490.389	101455.784	101500.848	34.9605799	0	0	0	0	0	3
83	166	0.251714054	0.67890984	101496.476	101490.907	101456.417	101500.848	35.4022852	0	0	0	0	0	3
84	168	0.255723687	0.687089477	101499.128	101491.45	101456.775	101500.848	35.8566805	0	0	0	0	0	3
85	170	0.259110105	0.695269114	101495.464	101491.889	101458.975	101500.848	36.0841495	0	0	0	0	0	3
86	171	0.262461801	0.70344875	101495.616	101492.289	101459.999	101500.848	36.2440513	0	0	0	0	0	3
87	173	0.265734663	0.711628387	101497.958	101492.698	101461.649	101500.848	36.2268906	0	0	0	0	0	3
88	175	0.269563771	0.719808024	101496.68	101493.215	101464.656	101500.848	36.1707106	0	0	0	0	0	3
89	176	0.273045591	0.72798766	101496.943	101493.681	101467.686	101500.848	33.1619313	0	0	0	0	0	3
90	178	0.276594914	0.736167297	101496.837	101494.102	101468.323	101500.848	32.5247929	0	0	0	0	0	3
91	180	0.280015371	0.744346933	101496.133	101494.495	101471.235	101500.848	29.6126463	0	0	0	0	0	3
92	181	0.283500064	0.75252657	101497.749	101494.864	101474.993	101500.848	25.8544659	0	0	0	0	0	3
93	183	0.286661217	0.760706207	101495.483	101495.242	101475.746	101500.848	25.1018607	0	0	0	0	0	3
94	185	0.290200033	0.768885843	101495.345	101495.589	101478.986	101500.848	21.8615064	0	0	0	0	0	3
95	186	0.29383373	0.77706548	101498.454	101495.915	101479.639	101500.848	21.208118	0	0	0	0	0	3
96	188	0.297252246	0.785245117	101495.741	101496.204	101483.261	101500.848	17.5866209	0	0	0	0	0	3
97	190	0.30088985	0.793424753	101495.445	101496.437	101484.023	101500.848	16.8245671	0	0	0	0	0	3
98	192	0.304519756	0.80160439	101497.337	101496.663	101484.023	101500.848	16.8245671	0	0	0	0	0	3
99	193	0.307873072	0.809784027	101495.247	101496.865	101487.883	101500.848	12.964223	0	0	0	0	0	3
100	195	0.311990966	0.817963663	101495.439	101496.977	101487.883	101500.848	12.964223	0	0	0	0	0	3
101	213	0.31555314	0.8261433	101498.776	101497.164	101490.87	101500.848	9.97734948	0	0	0	0	0	3
102	215	0.319378999	0.834322936	101495.586	101497.242	101493.185	101500.848	7.66248769	0	0	0	0	0	3
103	216	0.322508089	0.842502573	101495.971	101497.286	101493.185	101500.848	7.66248769	0	0	0	0	0	3
104	218	0.325895129	0.85068221	101496.23	101497.343	101493.443	101500.848	7.40458974	0	0	0	0	0	3
105	220	0.329458081	0.858861846	101495.799	101497.386	101494.956	101500.848	5.89178925	0	0	0	0	0	3
106	221	0.333358021	0.867041483	101498.053	101497.438	101495.247	101500.848	5.60071171	0	0	0	0	0	3
107	223	0.33661452	0.87522112	101495.295	101497.446	101495.247	101500.848	5.60071171	0	0	0	0	0	3
108	225	0.340443258	0.883400756	101494.751	101497.398	101494.751	101500.848	6.09656979	0	0	0	0	0	3
109	226	0.344000337	0.891580393	101497.207	101497.405	101494.751	101500.848	6.09656979	0	0	0	0	0	3
110	228	0.347181137	0.899760029	101494.47	101497.347	101494.47	101500.848	6.37713559	0	0	0	0	0	3
111	230	0.350515304	0.907939666	101494.069	101497.295	101494.069	101500.848	6.77812102	0	0	0	0	0	3
112	231	0.353846367	0.916119303	101494.682	101497.26	101494.069	101500.848	6.77812102	0	0	0	0	0	3
113	233	0.357536333	0.924298939	101495.181	101497.185	101494.069	101500.848	6.77812102	0	0	0	0	0	3
114	235	0.361314065	0.932478576	101495.829	101497.16	101494.069	101500.848	6.77812102	0	0	0	0	0	3
115	236	0.364925535	0.940658213	101495.027	101497.118	101494.069	101500.848	6.77812102	0	0	0	0	0	3
116	238	0.36837373	0.948837849	101494.536	101497.029	101494.069	101500.848	6.77812102	0	0	0	0	0	3
117	240	0.371300071	0.957017486	101497.325	101497.012	101494.069	101500.848	6.77812102	0	0	0	0	0	3
118	241	0.374807094	0.965197123	101496.932	101496.99	101494.069	101500.848	6.77812102	0	0	0	0	0	3
119	243	0.377977201	0.973376759	101495.025	101496.936	101494.069	101500.848	6.77812102	0	0	0	0	0	3
120	245	0.381932526	0.981556396	101497.452	101496.947	101494.069	101500.848	6.77812102	0	0	0	0	0	3
121	247	0.385280368	0.989736032	101495.34	101496.886	101494.069	101500.848	6.77812102	0	0	0	0	0	3
122	248	0.389073867	0.997915669	101494.834	101496.797	101494.069	101500.848	6.77812102	0	0	0	0	0	3
123	250	0.392025716	1.00609531	101495.531	101496.75	101494.069	101500.848	6.77812102	2.76161573	0	0	0	0	3
124	252	0.395841836	1.01427494	101494.827	101496.643	101494.069	101500.601	6.53157376	2.76161573	0	0	0	0	3
125	253	0.399396118	1.02245458	101493.922	101496.559	101493.922	101500.601	6.67933307	2.76161573	0	0	0	0	3
126	255	0.403038252	1.03063422	101496.076	101496.519	101493.922	101500.601	6.67933307	2.76161573	0	0	0	0	3
127	257	0.406656395	1.03881385	101494.614	101496.439	101493.922	101500.601	6.67933307	2.76161573	0	0	0	0	3
128	258	0.410360492	1.04699349	101495.991	101496.406	101493.922	101500.601	6.67933307	2.76161573	0	0	0	0	3
129	261	0.413736283	1.05517313	101495.966	101496.382	101493.922	101500.601	6.67933307	2.76161573	0	0	0	0	3
130	262	0.417644158	1.06335276	101495.097	101496.34	101493.922	101500.601	6.67933307	2.76161573	0	0	0	0	3
131	264	0.421252694	1.0715324	101495.654	101496.301	101493.922	101500.601	6.67933307	2.76161573	0	0	0	0	3
132	266	0.42511988	1.07971204	101496.05	101496.265	101493.922	101500.601	6.67933307	2.76161573	0	0	0	0	3
133	268	0.428768493	1.08789167	101495.034	101496.229	101493.922	101500.601	6.67933307	2.76161573	0	0	0	0	3
134	269	0.432300808	1.09607131	101496.373	101496.206	101493.922	101500.601	6.67933307	2.76161573	0	0	0	0	3
135	271	0.43618608	1.10425095	101495.151	101496.111	101493.922	101499.549	5.62733475	2.76161573	0	0	0	0	3
136	273	0.439515647	1.11243058	101496.162	101496.101	101493.922	101499.549	5.62733475	2.76161573	0	0	0	0	3
137	274	0.442823138	1.12061022	101495.715	101496.079	101493.922	101499.549	5.62733475	2.76161573	0	0	0	0	3
138	276	0.44643131	1.12878986	101493.723	101495.981	101493.723	101499.128	5.40510821	2.76161573	0	0	0	0	3
139	278	0.449935237	1.13696949	101497.008	101495.995	101493.723	101499.128	5.40510821	2.76161573	0	0	0	0	3
140	280	0.453724359	1.14514913	101496.885	101495.992	101493.723	101499.128	5.40510821	2.76161573	0	0	0	0	3
141	282	0.457498648	1.15332877	101495.129	101495.962	101493.723	101499.128	5.40510821	2.76161573	0	0	0	0	3
142	284	0.460958308	1.1615084	101495.544	101495.963	101493.723	101499.128	5.40510821	2.76161573	0	0	0	0	3
143	286	0.464644516	1.16968804	101495.041	101495.935	101493.723	101499.128	5.40510821	2.76161573	0	0	0	0	3
144	287	0.468559786	1.17786767	101494.468	101495.907	101493.723	101499.128	5.40510821	2.76161573	0	0	0	0	3
145	289	0.472297804	1.18604731	101497.713	101495.928	101493.723	101499.128	5.40510821	2.76161573	0	0	0	0	3
146	291	0.475823268	1.19422695	101494.418	101495.846	101493.723	101498.776	5.0532119	2.76161573	0	0	0	0	3
147	293	0.479102144	1.20240658	101495.312	101495.843	101493.723	101498.776	5.0532119	2.76161573	0	0	0	0	3
148	295	0.482838371	1.21058622	101496.601	101495.86	101493.723	101498.776	4.74796417	2.76161573	0	0	0	0	3
149	297	0.485959365	1.21876586	101494.978	101495.816	101493.723	101498.776	4.23137255	2.76161573	0	0	0	0	3
150	299	0.489442049	1.22694549	101496.895	101495.818	101493.723	101498.776	3.7652682	2.76161573	0	0	0	0	3
151	300	0.493127949	1.23512513	101496.6	101495.813	101493.723	101498.776	3.34377213	2.76161573	0	0	0	0	3
152	302	0.496053771	1.24330477	101493.097	101495.761	101493.097	101498.776	2.95046721	2.76161573	0	0	0	0	3
153	304	0.499941349	1.2514844	101495.806	101495.756	101493.097	101498.776	2.58171053	2.76161573	0	0	0	0	3
154	305	0.503486645	1.25966404	101496.211	101495.731	101493.097	101498.776	2.20356399	2.76161573	0	0	0	0	3
155	307	0.507449086	1.26784368	101494.76	101495.718	101493.097	101498.776	1.85693416	2.76161573	0	0	0	0	3
156	309	0.511117061	1.27602331	101494.828	101495.709	101493.097	101498.776	1.73722697	2.76161573	0	0	0	0	3
157	310	0.514947008	1.28420295	101494.757	101495.647	101493.097	101498.776	1.79882675	2.76161573	0	0	0	0	3
158	312	0.518332012	1.29238259	101495.046	101495.636	101493.097	101498.776	1.8094808	2.76161573	0	0	0	0	3
159	314	0.521931848	1.30056222	101494.639	101495.623	101493.097	101498.776	1.82257055	2.76161573	0	0	0	0	3
160	315	0.525466511	1.30874186	101493.152	101495.556	101493.097	101498.776	1.8902498	2.76161573	0	0	0	0	3
161	317	0.528894438	1.3169215	101497.529	101495.591	101493.097	101498.776	1.8902498	2.76161573	0	0	0	0	3
162	319	0.532225508	1.32510113	101496.077	101495.601	101493.097	101498.776	1.8902498	2.76161573	0	0	0	0	3
163	321	0.535848399	1.33328077	101494.923	101495.539	101493.097	101498.053	1.90725058	2.76161573	0	0	0	0	3
164	323	0.539145894	1.34146041	101495.783	101495.542	101493.097	101498.053	1.90725058	2.76161573	0	0	0	0	3
165	325	0.542209258	1.34964004	101494.926	101495.527	101493.097	101498.053	1.9191135	2.76161573	0	0	0	0	3
166	326	0.545703137	1.35781968	101494.567	101495.501	101493.097	101498.053	1.94521495	2.76161573	0	0	0	0	3
167	328	0.549442014	1.36599932	101494.863	101495.485	101493.097	101498.053	1.96087733	2.76161573	0	0	0	0	3
168	330	0.552844929	1.37417895	101493.712	101495.412	101493.097	101497.713	2.0340065	2.76161573	0	0	0	0	3
169	332	0.556460497	1.38235859	101494.421	101495.397	101493.097	101497.713	2.00720502	2.76161573	0	0	0	0	3
170	334	0.559888163	1.39053823	101496.077	101495.419	101493.097	101497.713	2.00720502	2.76161573	0	0	0	0	3
171	335	0.563600926	1.39871786	101495.53	101495.392	101493.097	101497.713	1.95507188	2.76161573	0	0	0	0	3
172	337	0.567190311	1.4068975	101496.378	101495.422	101493.097	101497.713	1.90277502	2.76161573	0	0	0	0	3
173	339	0.570883938	1.41507714	101496.7	101495.463	101493.097	101497.713	1.86818944	2.76161573	0	0	0	0	3
174	341	0.574695782	1.42325677	101495.086	101495.469	101493.097	101497.713	1.79293372	2.76161573	0	0	0	0	3
175	342	0.578189751	1.43143641	101495.238	101495.47	101493.097	101497.713	1.7674565	2.76161573	0	0	0	0	3
176	344	0.581273465	1.43961605	101496.525	101495.479	101493.097	101497.713	1.72620876	2.76161573	0	0	0	0	3
177	346	0.585371309	1.44779568	101495.342	101495.483	101493.097	101497.713	1.63636188	2.76161573	0	0	0	0	3
178	348	0.589100071	1.45597532	101497.071	101495.525	101493.097	101497.713	1.6198474	2.76161573	0	0	0	0	3
179	349	0.592428221	1.46415496	101494.628	101495.488	101493.097	101497.713	1.59793245	2.76161573	0	0	0	0	3
180	351	0.595990794	1.47233459	101495.79	101495.47	101493.097	101497.713	1.55508051	2.76161573	0	0	0	0	3
181	353	0.599688502	1.48051423	101496.604	101495.495	101493.097	101497.713	1.55508051	2.76161573	0	0	0	0	3
182	354	0.603300956	1.48869387	101495.088	101495.453	101493.097	101497.713	1.49358134	2.76161573	0	0	0	0	3
183	356	0.60664924	1.4968735	101495.717	101495.459	101493.097	101497.713	1.40472327	2.76161573	0	0	0	0	3
184	358	0.609968684	1.50505314	101497.608	101495.502	101493.097	101497.713	1.35754089	2.76161573	0	0	0	0	3
185	360	0.613708138	1.51323278	101494.839	101495.491	101493.097	101497.713	1.2511303	2.76161573	0	0	0	0	3
186	362	0.617398362	1.52141241	101495.818	101495.507	101493.097	101497.713	1.16639643	2.76161573	0	0	0	0	3
187	364	0.620811294	1.52959205	101494.517	101495.518	101493.097	101497.713	1.126311	2.76161573	0	0	0	0	3
188	365	0.624497346	1.53777169	101493.953	101495.482	101493.097	101497.713	1.04677754	2.76161573	0	0	0	0	3
189	367	0.628229415	1.54595132	101498.753	101495.552	101493.097	101498.753	1.01383164	2.76161573	0	0	0	0	3
190	369	0.631755218	1.55413096	101494.471	101495.527	101493.097	101498.753	0.989490229	2.76161573	0	0	0	0	3
191	371	0.63551186	1.5623106	101494.417	101495.502	101493.097	101498.753	0.947961575	2.76161573	0	0	0	0	3
192	373	0.639316797	1.57049023	101497.817	101495.548	101493.097	101498.753	0.908926431	2.76161573	0	0	0	0	3
193	374	0.642859624	1.57866987	101494.772	101495.534	101493.097	101498.753	0.87317686	2.76161573	0	0	0	0	3
194	376	0.646345235	1.58684951	101496.452	101495.54	101493.097	101498.753	0.836568222	2.76161573	0	0	0	0	3
195	378	0.650079592	1.59502914	101496.926	101495.571	101493.097	101498.753	0.814123347	2.76161573	0	0	0	0	3
196	380	0.652694886	1.60320878	101493.891	101495.539	101493.097	101498.753	0.718866582	2.76161573	0	0	0	0	3
197	382	0.656361473	1.61138842	101494.573	101495.529	101493.097	101498.753	0.709009575	2.76161573	0	0	0	0	3
198	383	0.660119523	1.61956805	101496.653	101495.539	101493.097	101498.753	0.686459192	2.76161573	0	0	0	0	3
199	385	0.664175282	1.62774769	101494.637	101495.52	101493.097	101498.753	0.60267175	2.76161573	0	0	0	0	3
200	387	0.667923262	1.63592733	101495.209	101495.544	101493.097	101498.753	0.60267175	2.76161573	0	0	0	0	3
201	405	0.671126844	1.64410696	101494.457	101495.505	101493.097	101498.753	0.599759803	2.76161573	0	0	0	0	3
202	406	0.674593014	1.6522866	101494.791	101495.47	101493.097	101498.753	0.570830348	2.76161573	0	0	0	0	3
203	408	0.678375098	1.66046624	101495.665	101495.479	101493.097	101498.753	0.570830348	2.76161573	0	0	0	0	3
204	410	0.682008868	1.66864587	101495.063	101495.471	101493.097	101498.753	0.54316051	2.76161573	0	0	0	0	3
205	412	0.685428676	1.67682551	101497.239	101495.506	101493.097	101498.753	0.535812437	2.76161573	0	0	0	0	3
206	414	0.688797021	1.68500515	101497.278	101495.552	101493.097	101498.753	0.535812437	2.76161573	0	0	0	0	3
207	415	0.692442214	1.69318478	101495.253	101495.51	101493.097	101498.753	0.467544962	2.76161573	0	0	0	0	3
208	417	0.695898449	1.70136442	101495.722	101495.531	101493.097	101498.753	0.467544962	2.76161573	0	0	0	0	3
209	419	0.699541078	1.70954406	101494.956	101495.524	101493.097	101498.753	0.467544962	2.76161573	0	0	0	0	3
210	421	0.703106553	1.71772369	101494.643	101495.492	101493.097	101498.753	0.425915592	2.76161573	0	0	0	0	3
211	423	0.706465196	1.72590333	101495.001	101495.492	101493.097	101498.753	0.425915592	2.76161573	0	0	0	0	3
212	424	0.710051465	1.73408297	101493.702	101495.44	101493.097	101498.753	0.421210204	2.76161573	0	0	0	0	3
213	426	0.713540384	1.7422626	101494.16	101495.401	101493.097	101498.753	0.368443645	2.76161573	0	0	0	0	3
214	428	0.717241332	1.75044224	101495.949	101495.44	101493.152	101498.753	0.363450913	2.76161573	0	0	0	0	3
215	430	0.720957016	1.75862188	101494.372	101495.416	101493.152	101498.753	0.33920718	2.76161573	0	0	0	0	3
216	432	0.724594194	1.76680151	101496.23	101495.417	101493.152	101498.753	0.325321767	2.76161573	0	0	0	0	3
217	433	0.727812572	1.77498115	101497.145	101495.454	101493.152	101498.753	0.31652935	2.76161573	0	0	0	0	3
218	435	0.731522447	1.78316079	101495.275	101495.461	101493.152	101498.753	0.254929575	2.76161573	0	0	0	0	3
219	437	0.734830738	1.79134042	101494.659	101495.461	101493.152	101498.753	0.244275525	2.76161573	0	0	0	0	3
220	439	0.738339164	1.79952006	101495.644	101495.471	101493.152	101498.753	0.231185768	2.76161573	0	0	0	0	3
221	441	0.742491169	1.8076997	101495.499	101495.485	101493.152	101498.753	0.209003153	2.76161573	0	0	0	0	3
222	442	0.746516539	1.81587933	101496.587	101495.542	101493.702	101498.753	0.209003153	2.76161573	0	0	0	0	3
223	444	0.750193229	1.82405897	101494.575	101495.495	101493.702	101498.753	0.209003153	2.76161573	0	0	0	0	3
224	446	0.753661767	1.83223861	101496.233	101495.498	101493.702	101498.753	0.179260417	2.76161573	0	0	0	0	3
225	448	0.757204162	1.84041824	101495.605	101495.509	101493.702	101498.753	0.179260417	2.76161573	0	0	0	0	3
226	450	0.760656539	1.84859788	101494.497	101495.489	101493.702	101498.753	0.179260417	2.76161573	0	0	0	0	3
227	451	0.764059846	1.85677752	101496.35	101495.51	101493.702	101498.753	0.179260417	2.76161573	0	0	0	0	3
228	453	0.767750274	1.86495715	101496.97	101495.55	101493.702	101498.753	0.179260417	2.76161573	0	0	0	0	3
229	455	0.771486934	1.87313679	101495.179	101495.555	101493.702	101498.753	0.179260417	2.76161573	0	0	0	0	3
230	457	0.77473532	1.88131643	101495.63	101495.584	101493.702	101498.753	0.192009994	2.76161573	0	0	0	0	3
231	459	0.778069364	1.88949606	101493.611	101495.573	101493.611	101498.753	0.192009994	2.76161573	0	0	0	0	3
232	461	0.781523952	1.8976757	101493.384	101495.532	101493.384	101498.753	0.192009994	2.76161573	0	0	0	0	3
233	462	0.785368351	1.90585534	101498.677	101495.586	101493.384	101498.753	0.185311002	2.76161573	0	0	0	0	3
234	464	0.789005983	1.91403497	101494.815	101495.561	101493.384	101498.753	0.185311002	2.76161573	0	0	0	0	3
235	466	0.792751506	1.92221461	101494.941	101495.531	101493.384	101498.753	0.185311002	2.76161573	0	0	0	0	3
236	468	0.796456563	1.93039425	101497.018	101495.564	101493.384	101498.753	0.185311002	2.76161573	0	0	0	0	3
237	470	0.799691966	1.93857388	101494.974	101495.56	101493.384	101498.753	0.185311002	2.76161573	0	0	0	0	3
238	472	0.803096234	1.94675352	101496.146	101495.556	101493.384	101498.753	0.185311002	2.76161573	0	0	0	0	3
239	474	0.806680371	1.95493315	101496.884	101495.581	101493.384	101498.753	0.185311002	2.76161573	0	0	0	0	3
240	475	0.809725331	1.96311279	101494.318	101495.539	101493.384	101498.753	0.185311002	2.76161573	0	0	0	0	3
241	477	0.813507402	1.97129243	101495.351	101495.549	101493.384	101498.753	0.185311002	2.76161573	0	0	0	0	3
242	479	0.817290324	1.97947206	101496.754	101495.566	101493.384	101498.753	0.185311002	2.76161573	0	0	0	0	3
243	481	0.821320067	1.9876517	101495.233	101495.543	101493.384	101498.753	0.185311002	2.76161573	0	0	0	0	3
244	482	0.825038621	1.99583134	101495.243	101495.545	101493.384	101498.753	0.185311002	2.76161573	0	0	0	0	3
245	484	0.82856642	2.00401097	101494.856	101495.531	101493.384	101498.753	0.185311002	2.76161573	0	0	0	0	3
246	486	0.832101356	2.01219061	101495.907	101495.506	101493.384	101498.753	0.185311002	2.76161573	0	0	0	0	3
247	488	0.835748753	2.02037025	101495.578	101495.519	101493.384	101498.753	0.185311002	2.76161573	0	0	0	0	3
248	489	0.83915755	2.02854988	101495.146	101495.508	101493.384	101498.753	0.185311002	2.76161573	0	0	0	0	3
249	491	0.842551467	2.03672952	101497.833	101495.559	101493.384	101498.753	0.185311002	2.76161573	0	0	0	0	3
250	493	0.846174691	2.04490916	101497.599	101495.619	101493.384	101498.753	0.218068974	2.76161573	0	0	0	0	3
251	495	0.849317193	2.05308879	101495.966	101495.571	101493.384	101498.677	0.218068974	2.76161573	0	0	0	0	3
252	497	0.853052406	2.06126843	101496.176	101495.599	101493.384	101498.677	0.218068974	2.76161573	0	0	0	0	3
253	499	0.856783894	2.06944807	101495.463	101495.616	101493.384	101498.677	0.218068974	2.76161573	0	0	0	0	3
254	500	0.860068507	2.0776277	101494.729	101495.565	101493.384	101498.677	0.218068974	2.76161573	0	0	0	0	3
255	502	0.863820845	2.08580734	101495.344	101495.574	101493.384	101498.677	0.218068974	2.76161573	0	0	0	0	3
256	504	0.867381965	2.09398698	101493.498	101495.527	101493.384	101498.677	0.218068974	2.76161573	0	0	0	0	3
257	505	0.871056223	2.10216661	101494.676	101495.489	101493.384	101498.677	0.218068974	2.76161573	0	0	0	0	3
258	507	0.874779353	2.11034625	101495.991	101495.516	101493.384	101498.677	0.218068974	2.76161573	0	0	0	0	3
259	509	0.878595417	2.11852589	101496.334	101495.546	101493.384	101498.677	0.218068974	2.76161573	0	0	0	0	3
260	511	0.882199877	2.12670552	101496.581	101495.544	101493.384	101498.677	0.218068974	2.76161573	0	0	0	0	3
261	513	0.885744659	2.13488516	101495.795	101495.565	101493.384	101498.677	0.218068974	2.76161573	0	0	0	0	3
262	515	0.889628617	2.1430648	101494.483	101495.552	101493.384	101498.677	0.218068974	2.76161573	0	0	0	0	3
263	516	0.89342154	2.15124443	101496.574	101495.585	101493.384	101498.677	0.218068974	2.76161573	0	0	0	0	3
264	518	0.897463984	2.15942407	101494.821	101495.584	101493.384	101498.677	0.218068974	2.76161573	0	0	0	0	3
265	520	0.901392598	2.16760371	101495.321	101495.577	101493.384	101498.677	0.218068974	2.76161573	0	0	0	0	3
266	522	0.905279932	2.17578334	101496	101495.593	101493.384	101498.677	0.218068974	2.76161573	0	0	0	0	3
267	524	0.909028821	2.18396298	101496.4	101495.582	101493.384	101498.677	0.218068974	2.76161573	0	0	0	0	3
268	525	0.912418284	2.19214262	101497.482	101495.585	101493.384	101498.677	0.218068974	2.76161573	0	0	0	0	3
269	527	0.916080956	2.20032225	101493.927	101495.563	101493.384	101498.677	0.218068974	2.76161573	0	0	0	0	3
270	529	0.919588838	2.20850189	101495.682	101495.562	101493.384	101498.677	0.218068974	2.76161573	0	0	0	0	3
271	531	0.922962399	2.21668153	101498.456	101495.616	101493.384	101498.677	0.218068974	2.76161573	0	0	0	0	3
272	533	0.926504495	2.22486116	101494.702	101495.617	101493.384	101498.677	0.218068974	2.76161573	0	0	0	0	3
273	535	0.930159504	2.2330408	101495.174	101495.619	101493.384	101498.677	0.218260129	2.76161573	0	0	0	0	3
274	537	0.933635275	2.24122044	101497.95	101495.686	101493.384	101498.677	0.28525141	2.76161573	0	0	0	0	3
275	539	0.937241093	2.24940007	101494.416	101495.689	101493.384	101498.677	0.273328809	2.76161573	0	0	0	0	3
276	541	0.940779655	2.25757971	101495.601	101495.684	101493.384	101498.677	0.273328809	2.76161573	0	0	0	0	3
277	543	0.943962589	2.26575935	101496.445	101495.716	101493.384	101498.677	0.299708723	2.76161573	0	0	0	0	3
278	545	0.947578521	2.27393898	101494.561	101495.689	101493.384	101498.677	0.262646977	2.76161573	0	0	0	0	3
279	546	0.95049953	2.28211862	101495.64	101495.668	101493.384	101498.677	0.25524007	2.76161573	0	0	0	0	3
280	548	0.954136669	2.29029826	101496.728	101495.691	101493.384	101498.677	0.255039959	2.76161573	0	0	0	0	3
281	550	0.957662485	2.29847789	101495.805	101495.709	101493.384	101498.677	0.245731774	2.76161573	0	0	0	0	3
282	552	0.961381676	2.30665753	101497.584	101495.741	101493.384	101498.677	0.2560779	2.76161573	0	0	0	0	3
283	554	0.964988133	2.31483717	101496.08	101495.751	101493.384	101498.677	0.261659262	2.76161573	0	0	0	0	3
284	555	0.969014173	2.3230168	101495.245	101495.727	101493.384	101498.677	0.261659262	2.76161573	0	0	0	0	3
285	557	0.972666029	2.33119644	101496.465	101495.758	101493.384	101498.677	0.268520045	2.76161573	0	0	0	0	3
286	559	0.97602398	2.33937608	101494.915	101495.738	101493.384	101498.677	0.268520045	2.76161573	0	0	0	0	3
287	561	0.97943362	2.34755571	101494.794	101495.725	101493.384	101498.677	0.268520045	2.76161573	0	0	0	0	3
288	563	0.983232458	2.35573535	101495.157	101495.735	101493.384	101498.677	0.268520045	2.76161573	0	0	0	0	3
289	564	0.986715115	2.36391499	101495.669	101495.724	101493.384	101498.677	0.268520045	2.76161573	0	0	0	0	3
290	566	0.990078873	2.37209462	101496.021	101495.708	101493.384	101498.677	0.268520045	2.76161573	0	0	0	0	3
291	568	0.993653754	2.38027426	101494.803	101495.702	101493.384	101498.677	0.268520045	2.76161573	0	0	0	0	3
292	570	0.997145353	2.3884539	101494.918	101495.691	101493.384	101498.677	0.268520045	2.76161573	0	0	0	0	3
293	572	1	2.39663353	101497.533	101495.746	101493.384	101498.677	0.268520045	2.76161573	0	0	0	0	3
