Iteration	CPUTime	PhysTime	Travels	Value	AvValue	MinValue	MaxValue	Delta	Criteria	PrevAvRefValue	Progress	CriteriaType	CriteriaVarType	CriteriaPercentage
1	3	0.000809382341	0.00984767767	293.200075	293.200075	293.200075	293.200075	0	0	0	0	0	0	3
2	4	0.00161689853	0.0196953553	293.200058	293.200067	293.200058	293.200075	8.29631841e-06	0	0	0	0	0	3
3	4	0.00242978434	0.029543033	293.200053	293.200062	293.200053	293.200075	1.30274806e-05	0	0	0	0	0	3
4	5	0.00326687598	0.0393907107	293.200105	293.200073	293.200053	293.200105	1.30274806e-05	0	0	0	0	0	3
5	5	0.00414998777	0.0492383884	293.200059	293.20007	293.200053	293.200105	1.30274806e-05	0	0	0	0	0	3
6	6	0.00566451773	0.059086066	293.200051	293.200065	293.200051	293.200105	1.30274806e-05	0	0	0	0	0	3
7	7	0.00736134355	0.0689337437	293.200059	293.200064	293.200051	293.200105	1.30274806e-05	0	0	0	0	0	3
8	7	0.00914497353	0.0787814214	293.20007	293.200065	293.200051	293.200105	1.30274806e-05	0	0	0	0	0	3
9	8	0.0109816008	0.0886290991	293.20005	293.200062	293.20005	293.200105	1.30274806e-05	0	0	0	0	0	3
10	8	0.0128004578	0.0984767767	293.200075	293.200064	293.20005	293.200105	1.30274806e-05	0	0	0	0	0	3
11	9	0.0155811051	0.108324454	293.200059	293.200063	293.20005	293.200105	1.30274806e-05	0	0	0	0	0	3
12	10	0.0184691227	0.118172132	293.20007	293.200064	293.20005	293.200105	1.30274806e-05	0	0	0	0	0	3
13	10	0.0212707132	0.12801981	293.200069	293.200065	293.20005	293.200105	1.30274806e-05	0	0	0	0	0	3
14	11	0.0230205547	0.137867487	293.200039	293.200063	293.200039	293.200105	1.30274806e-05	0	0	0	0	0	3
15	11	0.0250960085	0.147715165	293.20011	293.200067	293.200039	293.20011	1.30274806e-05	0	0	0	0	0	3
16	12	0.0271914969	0.157562843	293.200109	293.20007	293.200039	293.20011	1.30274806e-05	0	0	0	0	0	3
17	12	0.0291588964	0.16741052	293.200068	293.20007	293.200039	293.20011	1.30274806e-05	0	0	0	0	0	3
18	13	0.0312838937	0.177258198	293.20008	293.200071	293.200039	293.20011	1.30274806e-05	0	0	0	0	0	3
19	13	0.0342460077	0.187105876	293.200042	293.200068	293.200039	293.20011	1.30274806e-05	0	0	0	0	0	3
20	14	0.0379163134	0.196953553	293.200033	293.200065	293.200033	293.20011	1.30274806e-05	0	0	0	0	0	3
21	15	0.0436907648	0.206801231	293.200079	293.200067	293.200033	293.20011	1.30274806e-05	0	0	0	0	0	3
22	15	0.0491854995	0.216648909	293.200075	293.200068	293.200033	293.20011	1.30274806e-05	0	0	0	0	0	3
23	16	0.0554816481	0.226496586	293.200048	293.200065	293.200033	293.20011	1.30274806e-05	0	0	0	0	0	3
24	17	0.0615003582	0.236344264	293.200019	293.200061	293.200019	293.20011	1.43013153e-05	0	0	0	0	0	3
25	17	0.0691587993	0.246191942	293.20001	293.200055	293.20001	293.20011	1.98691679e-05	0	0	0	0	0	3
26	18	0.0800651135	0.25603962	293.200059	293.200056	293.20001	293.20011	1.98691679e-05	0	0	0	0	0	3
27	18	0.0854022336	0.265887297	293.200087	293.200058	293.20001	293.20011	1.98691679e-05	0	0	0	0	0	3
28	19	0.0953468715	0.275734975	293.200059	293.200058	293.20001	293.20011	1.98691679e-05	0	0	0	0	0	3
29	20	0.106216702	0.285582653	293.200074	293.200059	293.20001	293.20011	1.98691679e-05	0	0	0	0	0	3
30	20	0.113518992	0.29543033	293.200101	293.200062	293.20001	293.20011	1.98691679e-05	0	0	0	0	0	3
31	21	0.128418745	0.305278008	293.200078	293.200064	293.20001	293.20011	1.98691679e-05	0	0	0	0	0	3
32	21	0.136330775	0.315125686	293.200042	293.200063	293.20001	293.20011	1.98691679e-05	0	0	0	0	0	3
33	22	0.148065237	0.324973363	293.200039	293.200061	293.20001	293.20011	1.98691679e-05	0	0	0	0	0	3
34	22	0.164123941	0.334821041	293.200033	293.200058	293.20001	293.20011	1.98691679e-05	0	0	0	0	0	3
35	23	0.175592441	0.344668719	293.200037	293.200057	293.20001	293.20011	1.98691679e-05	0	0	0	0	0	3
36	23	0.191732622	0.354516396	293.200037	293.200055	293.20001	293.20011	2.00452338e-05	0	0	0	0	0	3
37	24	0.209127672	0.364364074	293.200038	293.200054	293.20001	293.20011	2.14988488e-05	0	0	0	0	0	3
38	24	0.219765795	0.374211752	293.200039	293.200053	293.20001	293.20011	2.21948394e-05	0	0	0	0	0	3
39	24	0.234536429	0.384059429	293.200033	293.200052	293.20001	293.20011	2.34392673e-05	0	0	0	0	0	3
40	25	0.249964985	0.393907107	293.200038	293.200051	293.20001	293.20011	2.42708738e-05	0	0	0	0	0	3
41	25	0.265853793	0.403754785	293.200048	293.200051	293.20001	293.20011	2.44463485e-05	0	0	0	0	0	3
42	26	0.281665248	0.413602462	293.20005	293.200051	293.20001	293.20011	2.44877699e-05	0	0	0	0	0	3
43	26	0.299146992	0.42345014	293.200055	293.200051	293.20001	293.20011	2.44877699e-05	0	0	0	0	0	3
44	27	0.312811119	0.433297818	293.200057	293.200051	293.20001	293.20011	2.44877699e-05	0	0	0	0	0	3
45	27	0.328301685	0.443145495	293.200083	293.200053	293.20001	293.20011	2.44877699e-05	0	0	0	0	0	3
46	28	0.337736919	0.452993173	293.20008	293.200053	293.20001	293.20011	2.44877699e-05	0	0	0	0	0	3
47	29	0.343687723	0.462840851	293.200092	293.200054	293.20001	293.20011	2.44877699e-05	0	0	0	0	0	3
48	29	0.349663935	0.472688528	293.200095	293.200055	293.20001	293.20011	2.44877699e-05	0	0	0	0	0	3
49	30	0.359308548	0.482536206	293.200104	293.200056	293.20001	293.20011	2.44877699e-05	0	0	0	0	0	3
50	30	0.370567784	0.492383884	293.200075	293.200057	293.20001	293.20011	2.44877699e-05	0	0	0	0	0	3
51	31	0.382313165	0.502231561	293.200085	293.200058	293.20001	293.20011	2.44877699e-05	0	0	0	0	0	3
52	32	0.393243956	0.512079239	293.200086	293.200058	293.20001	293.20011	2.24491427e-05	0	0	0	0	0	3
53	32	0.402748248	0.521926917	293.200086	293.200059	293.20001	293.20011	2.24491427e-05	0	0	0	0	0	3
54	33	0.414192511	0.531774594	293.200058	293.200059	293.20001	293.20011	2.24491427e-05	0	0	0	0	0	3
55	33	0.424188802	0.541622272	293.200112	293.20006	293.20001	293.200112	2.00281445e-05	0	0	0	0	0	3
56	34	0.435662225	0.55146995	293.200092	293.200061	293.20001	293.200112	2.00281445e-05	0	0	0	0	0	3
57	34	0.450151169	0.561317627	293.200068	293.200061	293.20001	293.200112	2.00281445e-05	0	0	0	0	0	3
58	35	0.463216619	0.571165305	293.200062	293.200061	293.20001	293.200112	2.00281445e-05	0	0	0	0	0	3
59	35	0.479834223	0.581012983	293.20005	293.200061	293.20001	293.200112	2.00281445e-05	0	0	0	0	0	3
60	36	0.494550099	0.59086066	293.200045	293.20006	293.20001	293.200112	2.00281445e-05	0	0	0	0	0	3
61	36	0.508377411	0.600708338	293.200036	293.20006	293.20001	293.200112	2.00281445e-05	0	0	0	0	0	3
62	37	0.524759456	0.610556016	293.200035	293.200059	293.20001	293.200112	2.00281445e-05	0	0	0	0	0	3
63	37	0.537565669	0.620403693	293.200038	293.200058	293.20001	293.200112	2.00281445e-05	0	0	0	0	0	3
64	37	0.551352682	0.630251371	293.200037	293.200058	293.20001	293.200112	2.00281445e-05	0	0	0	0	0	3
65	38	0.567276475	0.640099049	293.200046	293.200057	293.20001	293.200112	2.00281445e-05	0	0	0	0	0	3
66	38	0.58492576	0.649946726	293.200058	293.200057	293.20001	293.200112	2.00281445e-05	0	0	0	0	0	3
67	39	0.601114561	0.659794404	293.20006	293.200057	293.20001	293.200112	2.00281445e-05	0	0	0	0	0	3
68	40	0.618629341	0.669642082	293.200064	293.200057	293.20001	293.200112	2.00281445e-05	0	0	0	0	0	3
69	40	0.633838546	0.679489759	293.200081	293.200058	293.20001	293.200112	1.75578428e-05	0	0	0	0	0	3
70	41	0.646401734	0.689337437	293.200096	293.200059	293.20001	293.200112	1.69556022e-05	0	0	0	0	0	3
71	41	0.657286765	0.699185115	293.200095	293.200059	293.20001	293.200112	1.69556022e-05	0	0	0	0	0	3
72	42	0.664395769	0.709032792	293.200093	293.20006	293.20001	293.200112	1.69556022e-05	0	0	0	0	0	3
73	42	0.674059213	0.71888047	293.200098	293.20006	293.20001	293.200112	1.47058587e-05	0	0	0	0	0	3
74	43	0.686367239	0.728728148	293.200076	293.20006	293.20001	293.200112	1.33654313e-05	0	0	0	0	0	3
75	44	0.699039378	0.738575825	293.200077	293.200061	293.20001	293.200112	1.33654313e-05	0	0	0	0	0	3
76	44	0.71170579	0.748423503	293.200079	293.200062	293.200033	293.200112	1.33654313e-05	0	0	0	0	0	3
77	45	0.723561198	0.758271181	293.200092	293.200063	293.200033	293.200112	1.33654313e-05	0	0	0	0	0	3
78	46	0.738847641	0.768118859	293.200073	293.200063	293.200033	293.200112	1.33654313e-05	0	0	0	0	0	3
79	46	0.751245354	0.777966536	293.200103	293.200064	293.200033	293.200112	1.33654313e-05	0	0	0	0	0	3
80	47	0.764637689	0.787814214	293.20008	293.200064	293.200033	293.200112	1.33654313e-05	0	0	0	0	0	3
81	47	0.779431179	0.797661892	293.200066	293.200063	293.200033	293.200112	1.33654313e-05	0	0	0	0	0	3
82	48	0.793226134	0.807509569	293.200064	293.200063	293.200033	293.200112	1.31921071e-05	0	0	0	0	0	3
83	48	0.80942026	0.817357247	293.20006	293.200063	293.200033	293.200112	1.31921071e-05	0	0	0	0	0	3
84	48	0.821773756	0.827204925	293.200056	293.200064	293.200033	293.200112	1.31921071e-05	0	0	0	0	0	3
85	49	0.839140405	0.837052602	293.200052	293.200064	293.200033	293.200112	1.34089195e-05	0	0	0	0	0	3
86	49	0.850869752	0.84690028	293.200051	293.200064	293.200033	293.200112	1.3643305e-05	0	0	0	0	0	3
87	50	0.864940998	0.856747958	293.200052	293.200065	293.200033	293.200112	1.40500147e-05	0	0	0	0	0	3
88	50	0.880786456	0.866595635	293.200058	293.200065	293.200033	293.200112	1.45910681e-05	0	0	0	0	0	3
89	51	0.897530386	0.876443313	293.200069	293.200066	293.200033	293.200112	1.51040896e-05	0	0	0	0	0	3
90	51	0.913668955	0.886290991	293.200074	293.200067	293.200035	293.200112	1.60093408e-05	0	0	0	0	0	3
91	52	0.930690778	0.896138668	293.200079	293.200068	293.200035	293.200112	1.6969296e-05	0	0	0	0	0	3
92	52	0.94234112	0.905986346	293.200084	293.200068	293.200035	293.200112	1.7711867e-05	0	0	0	0	0	3
93	53	0.953868635	0.915834024	293.200102	293.200069	293.200035	293.200112	1.84837018e-05	0	0	0	0	0	3
94	53	0.966891614	0.925681701	293.200095	293.20007	293.200035	293.200112	1.90873321e-05	0	0	0	0	0	3
95	54	0.973826974	0.935529379	293.200108	293.200071	293.200035	293.200112	1.82476739e-05	0	0	0	0	0	3
96	55	0.983640643	0.945377057	293.200078	293.200071	293.200035	293.200112	1.74712935e-05	0	0	0	0	0	3
97	55	0.993567067	0.955224734	293.200092	293.200071	293.200035	293.200112	1.68138942e-05	0	0	0	0	0	3
98	56	1	0.965072412	293.200058	293.200071	293.200035	293.200112	1.61104708e-05	0	0	0	0	0	3
